time,job_id,num_gpu,submit_time,start_time,end_time,executed_time,JCT,duration,pending_time,preempt,promote
931258,21,4,912416,912416,931258,18842,18842,18842,0,0,0
993678,41,1,982125,989813,993678,3865,11553,3865,7688,0,0
1005791,53,1,1003841,1004148,1005791,1643,1950,1643,307,0,0
1014538,58,1,1007947,1013092,1014538,1446,6591,1446,5145,0,0
1025734,64,4,1023510,1023955,1025734,1779,2224,1779,445,0,0
1039575,18,1,906242,906242,1039575,133333,133333,133333,0,0,0
1044514,24,16,926450,1039575,1044514,4939,118064,4939,113125,0,0
1050678,55,8,1004200,1044514,1050678,6164,46478,6164,40314,0,0
1050752,57,1,1006297,1044514,1050752,6238,44455,6238,38217,0,0
1053302,47,1,993353,1044514,1053302,8788,59949,8788,51161,0,0
1057540,22,4,912464,912464,1057540,145076,145076,145076,0,0,0
1062480,42,4,989813,1044514,1062480,17966,72667,17966,54701,0,0
1066235,63,1,1022908,1044514,1066235,21721,43327,21721,21606,0,0
1073750,49,4,999486,1050678,1073750,23072,74264,23072,51192,0,0
1081560,73,8,1033426,1057540,1081560,24020,48134,24020,24114,0,0
1087127,86,1,1078349,1078499,1087127,8628,8778,8628,150,0,0
1099556,39,4,963028,1062480,1099556,37076,136528,37076,99452,0,0
1116292,1,8,336541,336541,1116292,779751,779751,779751,0,0,0
1118098,91,1,1083560,1087027,1118098,31071,34538,31071,3467,0,0
1129450,17,1,906050,906050,1129450,223400,223400,223400,0,0,0
1139216,122,8,1115754,1116292,1139216,22924,23462,22924,538,0,0
1144756,25,16,926459,1099556,1144756,45200,218297,45200,173097,0,0
1159335,126,4,1149652,1152816,1159335,6519,9683,6519,3164,0,0
1174195,130,1,1158164,1158343,1174195,15852,16031,15852,179,0,0
1175685,131,1,1158343,1159335,1175685,16350,17342,16350,992,0,0
1183407,124,4,1119028,1129450,1183407,53957,64379,53957,10422,0,0
1194415,141,4,1163262,1175685,1194415,18730,31153,18730,12423,0,0
1198277,116,8,1105595,1139216,1198277,59061,92682,59061,33621,0,0
1209266,83,4,1068634,1144756,1209266,64510,140632,64510,76122,0,0
1215686,114,8,1099265,1144756,1215686,70930,116421,70930,45491,0,0
1225413,170,4,1194187,1194415,1225413,30998,31226,30998,228,0,0
1236501,151,1,1165398,1175685,1236501,60816,71103,60816,10287,0,0
1236612,171,4,1194668,1195817,1236612,40795,41944,40795,1149,0,0
1238573,177,1,1234963,1236501,1238573,2072,3610,2072,1538,0,0
1239706,174,16,1223535,1236612,1239706,3094,16171,3094,13077,0,0
1252001,20,4,912363,912363,1252001,339638,339638,339638,0,0,0
1266536,181,4,1241695,1252001,1266536,14535,24841,14535,10306,0,0
1275853,117,8,1105635,1198277,1275853,77576,170218,77576,92642,0,0
1280495,202,4,1255332,1266536,1280495,13959,25163,13959,11204,0,0
1292221,195,4,1251897,1275853,1292221,16368,40324,16368,23956,0,0
1294031,199,4,1255259,1275853,1294031,18178,38772,18178,20594,0,0
1296240,111,1,1099017,1209266,1296240,86974,197223,86974,110249,0,0
1298320,140,1,1161628,1209266,1298320,89054,136692,89054,47638,0,0
1299350,95,1,1093901,1209266,1299350,90084,205449,90084,115365,0,0
1317831,196,1,1252909,1275853,1317831,41978,64922,41978,22944,0,0
1331473,214,4,1279070,1280495,1331473,50978,52403,50978,1425,0,0
1332318,228,8,1326576,1331473,1332318,845,5742,845,4897,0,0
1333787,85,16,1078287,1239706,1333787,94081,255500,94081,161419,0,0
1352214,226,16,1312082,1332318,1352214,19896,40132,19896,20236,0,0
1390046,188,16,1245523,1333787,1390046,56259,144523,56259,88264,0,0
1392373,233,16,1357023,1390046,1392373,2327,35350,2327,33023,0,0
1393675,238,4,1369754,1390046,1393675,3629,23921,3629,20292,0,0
1396844,232,16,1355804,1392373,1396844,4471,41040,4471,36569,0,0
1403705,235,1,1365390,1392373,1403705,11332,38315,11332,26983,0,0
1411403,212,8,1277547,1352214,1411403,59189,133856,59189,74667,0,0
1411594,237,16,1368374,1396844,1411594,14750,43220,14750,28470,0,0
1421708,213,4,1278989,1352214,1421708,69494,142719,69494,73225,0,0
1428197,243,16,1372999,1411594,1428197,16603,55198,16603,38595,0,0
1431072,247,4,1378546,1411594,1431072,19478,52526,19478,33048,0,0
1442575,251,4,1431972,1432024,1442575,10551,10603,10551,52,0,0
1475529,241,4,1371422,1411594,1475529,63935,104107,63935,40172,0,0
1476142,259,4,1466312,1475529,1476142,613,9830,613,9217,0,0
1479076,252,4,1432024,1442575,1479076,36501,47052,36501,10551,0,0
1488235,257,4,1462880,1476142,1488235,12093,25355,12093,13262,0,0
1505254,263,4,1500042,1501448,1505254,3806,5212,3806,1406,0,0
1510707,216,16,1283033,1428197,1510707,82510,227674,82510,145164,0,0
1519488,265,4,1501577,1505254,1519488,14234,17911,14234,3677,0,0
1522939,239,4,1370008,1428197,1522939,94742,152931,94742,58189,0,0
1527177,256,16,1450087,1510707,1527177,16470,77090,16470,60620,0,0
1528117,240,4,1371390,1428197,1528117,99920,156727,99920,56807,0,0
1535086,15,4,884079,884079,1535086,651007,651007,651007,0,0,0
1567518,269,4,1542833,1544882,1567518,22636,24685,22636,2049,0,0
1573352,260,4,1495907,1510707,1573352,62645,77445,62645,14800,0,0
1599192,261,4,1497030,1519488,1599192,79704,102162,79704,22458,0,0
1603986,272,8,1546316,1573352,1603986,30634,57670,30634,27036,0,0
1604972,280,8,1584868,1603986,1604972,986,20104,986,19118,0,0
1605830,291,1,1593034,1603986,1605830,1844,12796,1844,10952,0,0
1607516,286,1,1592992,1603986,1607516,3530,14524,3530,10994,0,0
1607597,283,1,1590920,1603986,1607597,3611,16677,3611,13066,0,0
1610712,305,4,1602931,1604972,1610712,5740,7781,5740,2041,0,0
1611629,304,4,1602805,1604972,1611629,6657,8824,6657,2167,0,0
1611721,341,1,1609030,1610712,1611721,1009,2691,1009,1682,0,0
1612102,347,1,1609092,1610712,1612102,1390,3010,1390,1620,0,0
1612381,343,1,1609064,1610712,1612381,1669,3317,1669,1648,0,0
1612515,315,1,1608786,1610712,1612515,1803,3729,1803,1926,0,0
1613546,328,1,1608902,1611629,1613546,1917,4644,1917,2727,0,0
1613826,314,1,1608778,1611629,1613826,2197,5048,2197,2851,0,0
1614046,313,1,1608770,1611629,1614046,2417,5276,2417,2859,0,0
1614702,300,4,1601178,1607597,1614702,7105,13524,7105,6419,0,0
1615190,321,1,1608835,1611629,1615190,3561,6355,3561,2794,0,0
1615486,310,1,1608397,1611721,1615486,3765,7089,3765,3324,0,0
1616866,289,1,1593019,1607597,1616866,9269,23847,9269,14578,0,0
1617093,348,1,1609100,1612102,1617093,4991,7993,4991,3002,0,0
1617417,354,1,1612763,1613546,1617417,3871,4654,3871,783,0,0
1617846,338,1,1609005,1612381,1617846,5465,8841,5465,3376,0,0
1619885,312,1,1608762,1612515,1619885,7370,11123,7370,3753,0,0
1623419,290,1,1593027,1613826,1623419,9593,30392,9593,20799,0,0
1627759,301,4,1601204,1614702,1627759,13057,26555,13057,13498,0,0
1629196,337,1,1608998,1614702,1629196,14494,20198,14494,5704,0,0
1629711,62,16,1022622,1527177,1629711,102534,607089,102534,504555,0,0
1631125,223,8,1293192,1528117,1631125,103008,337933,103008,234925,0,0
1633087,356,8,1629463,1629711,1633087,3376,3624,3376,248,0,0
1633327,320,1,1608828,1615190,1633327,18137,24499,18137,6362,0,0
1655264,353,16,1610336,1629711,1655264,25553,44928,25553,19375,0,0
1655554,351,1,1609140,1629711,1655554,25843,46414,25843,20571,0,0
1656048,334,1,1608974,1629711,1656048,26337,47074,26337,20737,0,0
1658759,336,1,1608991,1629711,1658759,29048,49768,29048,20720,0,0
1660633,339,1,1609014,1629711,1660633,30922,51619,30922,20697,0,0
1665486,346,1,1609085,1631125,1665486,34361,56401,34361,22040,0,0
1665758,288,1,1593012,1631125,1665758,34633,72746,34633,38113,0,0
1666092,363,1,1664264,1665486,1666092,606,1828,606,1222,0,0
1667275,309,1,1608348,1631125,1667275,36150,58927,36150,22777,0,0
1668800,349,1,1609126,1631125,1668800,37675,59674,37675,21999,0,0
1670709,332,1,1608935,1631125,1670709,39584,61774,39584,22190,0,0
1671473,333,1,1608942,1631125,1671473,40348,62531,40348,22183,0,0
1682743,296,8,1599339,1633087,1682743,49656,83404,49656,33748,0,0
1683646,323,1,1608850,1633087,1683646,50559,74796,50559,24237,0,0
1684148,318,1,1608814,1633087,1684148,51061,75334,51061,24273,0,0
1688158,295,1,1593071,1633327,1688158,54831,95087,54831,40256,0,0
1707594,366,1,1678208,1682743,1707594,24851,29386,24851,4535,0,0
1717339,275,2,1560182,1655264,1717339,62075,157157,62075,95082,0,0
1725426,287,1,1593003,1655264,1725426,70162,132423,70162,62261,0,0
1729869,317,1,1608801,1655264,1729869,74605,121068,74605,46463,0,0
1735097,476,4,1714667,1729869,1735097,5228,20430,5228,15202,0,0
1741290,277,8,1580632,1655264,1741290,86026,160658,86026,74632,0,0
1744576,470,4,1712214,1735097,1744576,9479,32362,9479,22883,0,0
1748405,285,1,1592985,1655264,1748405,93141,155420,93141,62279,0,0
1754661,472,4,1713270,1741290,1754661,13371,41391,13371,28020,0,0
1757256,344,1,1609071,1655264,1757256,101992,148185,101992,46193,0,0
1760059,480,4,1754118,1754661,1760059,5398,5941,5398,543,0,0
1766881,404,1,1690844,1707594,1766881,59287,76037,59287,16750,0,0
1773397,477,8,1724431,1744576,1773397,28821,48966,28821,20145,0,0
1787202,32,8,946857,1682743,1787202,104459,840345,104459,735886,0,0
1787613,484,4,1775797,1787202,1787613,411,11816,411,11405,0,0
1787921,159,1,1165542,1682743,1787921,105178,622379,105178,517201,0,0
1788396,322,1,1608843,1682743,1788396,105653,179553,105653,73900,0,0
1789944,182,1,1244100,1682743,1789944,107201,545844,107201,438643,0,0
1791739,142,1,1165251,1682743,1791739,108996,626488,108996,517492,0,0
1792490,372,1,1690262,1690269,1792490,102221,102228,102221,7,0,0
1792993,382,1,1690688,1690695,1792993,102298,102305,102298,7,0,0
1799555,156,1,1165490,1682743,1799555,116812,634065,116812,517253,0,0
1805698,215,1,1280138,1682743,1805698,122955,525560,122955,402605,0,0
1816473,327,1,1608894,1682743,1816473,133730,207579,133730,73849,0,0
1820117,191,1,1251322,1682743,1820117,137374,568795,137374,431421,0,0
1826538,200,4,1255294,1684148,1826538,142390,571244,142390,428854,0,0
1834135,394,1,1690772,1748405,1834135,85730,143363,85730,57633,0,0
1856657,385,1,1690711,1757256,1856657,99401,165946,99401,66545,0,0
1858328,490,4,1842655,1856657,1858328,1671,15673,1671,14002,0,0
1861781,406,1,1690857,1760059,1861781,101722,170924,101722,69202,0,0
1861929,402,1,1690828,1760059,1861929,101870,171101,101870,69231,0,0
1862256,384,1,1690704,1760059,1862256,102197,171552,102197,69355,0,0
1869052,429,1,1691284,1760059,1869052,108993,177768,108993,68775,0,0
1879600,451,1,1691800,1766881,1879600,112719,187800,112719,75081,0,0
1881622,505,8,1867662,1879600,1881622,2022,13960,2022,11938,0,0
1886150,401,1,1690821,1773397,1886150,112753,195329,112753,82576,0,0
1888960,445,1,1691652,1773397,1888960,115563,197308,115563,81745,0,0
1894203,507,1,1873295,1879600,1894203,14603,20908,14603,6305,0,0
1902361,500,8,1862599,1881622,1902361,20739,39762,20739,19023,0,0
1928125,520,4,1925297,1925580,1928125,2545,2828,2545,283,0,0
1930334,121,8,1114608,1787202,1930334,143132,815726,143132,672594,0,0
1932292,76,1,1058834,1787202,1932292,145090,873458,145090,728368,0,0
1933531,54,1,1004148,1787202,1933531,146329,929383,146329,783054,0,0
1935348,367,1,1685457,1787613,1935348,147735,249891,147735,102156,0,0
1937093,133,1,1161506,1787613,1937093,149480,775587,149480,626107,0,0
1938665,319,1,1608822,1787613,1938665,151052,329843,151052,178791,0,0
1942731,186,1,1245315,1787613,1942731,155118,697416,155118,542298,0,0
1944862,492,4,1844396,1858328,1944862,86534,100466,86534,13932,0,0
1947708,513,16,1884835,1930334,1947708,17374,62873,17374,45499,0,0
1950770,532,1,1944973,1947708,1950770,3062,5797,3062,2735,0,0
1964987,514,8,1886160,1942731,1964987,22256,78827,22256,56571,0,0
1967873,551,1,1966298,1966322,1967873,1551,1575,1551,24,0,0
1968709,552,1,1966322,1967873,1968709,836,2387,836,1551,0,0
1975791,556,1,1974128,1974659,1975791,1132,1663,1132,531,0,0
1979127,534,4,1949120,1964987,1979127,14140,30007,14140,15867,0,0
1983616,30,8,931720,1826538,1983616,157078,1051896,157078,894818,0,0
1984574,531,4,1944769,1944862,1984574,39712,39805,39712,93,0,0
1994647,509,1,1874029,1942731,1994647,51916,120618,51916,68702,0,0
1994802,550,1,1966274,1966298,1994802,28504,28528,28504,24,0,0
1995495,560,2,1978854,1978879,1995495,16616,16641,16616,25,0,0
2009961,567,2,1981247,1981979,2009961,27982,28714,27982,732,0,0
2011910,603,1,2008146,2009961,2011910,1949,3764,1949,1815,0,0
2012647,613,1,2008386,2009961,2012647,2686,4261,2686,1575,0,0
2015646,597,1,2007995,2011910,2015646,3736,7651,3736,3915,0,0
2041162,592,1,2007925,2007937,2041162,33225,33237,33225,12,0,0
2041169,601,1,2008130,2012647,2041169,28522,33039,28522,4517,0,0
2044453,614,1,2008408,2015646,2044453,28807,36045,28807,7238,0,0
2050659,548,1,1966198,1966249,2050659,84410,84461,84410,51,0,0
2051942,544,1,1965715,1965766,2051942,86176,86227,86176,51,0,0
2055595,488,4,1840397,1947708,2055595,107887,215198,107887,107311,0,0
2059781,569,1,1982000,1982201,2059781,77580,77781,77580,201,0,0
2065352,511,1,1876368,1947708,2065352,117644,188984,117644,71340,0,0
2073977,607,1,2008290,2041162,2073977,32815,65687,32815,32872,0,0
2076345,568,1,1981979,1982000,2076345,94345,94366,94345,21,0,0
2098622,620,1,2058069,2059781,2098622,38841,40553,38841,1712,0,0
2102105,582,4,2001933,2055595,2102105,46510,100172,46510,53662,0,0
2102655,598,1,2008086,2055595,2102655,47060,94569,47060,47509,0,0
2108344,604,1,2008157,2055595,2108344,52749,100187,52749,47438,0,0
2119658,487,8,1821990,1947708,2119658,171950,297668,171950,125718,0,0
2130265,545,1,1965766,1966138,2130265,164127,164499,164127,372,0,0
2155491,617,8,2013159,2102105,2155491,53386,142332,53386,88946,0,0
2155983,66,8,1024189,1983616,2155983,172367,1131794,172367,959427,0,0
2158049,605,1,2008170,2102105,2158049,55944,149879,55944,93935,0,0
2161707,622,8,2133105,2155491,2161707,6216,28602,6216,22386,0,0
2166628,627,8,2150018,2155983,2166628,10645,16610,10645,5965,0,0
2169557,467,8,1702189,1995495,2169557,174062,467368,174062,293306,0,0
2176270,599,1,2008098,2102105,2176270,74165,168172,74165,94007,0,0
2176703,636,2,2153195,2158049,2176703,18654,23508,18654,4854,0,0
2180743,595,1,2007965,2102655,2180743,78088,172778,78088,94690,0,0
2191868,649,4,2186327,2189591,2191868,2277,5541,2277,3264,0,0
2199947,651,4,2190311,2191868,2199947,8079,9636,8079,1557,0,0
2200581,656,4,2197006,2199947,2200581,634,3575,634,2941,0,0
2208845,648,1,2183536,2186327,2208845,22518,25309,22518,2791,0,0
2213971,593,1,2007937,2108344,2213971,105627,206034,105627,100407,0,0
2223618,643,16,2158700,2166628,2223618,56990,64918,56990,7928,0,0
2227344,600,1,2008116,2119658,2227344,107686,219228,107686,111542,0,0
2237665,658,4,2200224,2200581,2237665,37084,37441,37084,357,0,0
2248579,638,1,2153529,2169557,2248579,79022,95050,79022,16028,0,0
2251061,576,2,1996785,2119658,2251061,131403,254276,131403,122873,0,0
2258020,671,1,2223276,2223453,2258020,34567,34744,34567,177,0,0
2259718,660,4,2206543,2223618,2259718,36100,53175,36100,17075,0,0
2260138,647,1,2182300,2183536,2260138,76602,77838,76602,1236,0,0
2261094,685,1,2249168,2251061,2261094,10033,11926,10033,1893,0,0
2268551,672,4,2223453,2223618,2268551,44933,45098,44933,165,0,0
2276622,583,1,2006324,2119658,2276622,156964,270298,156964,113334,0,0
2296942,70,4,1028741,2119658,2296942,177284,1268201,177284,1090917,0,0
2299544,655,4,2192489,2223618,2299544,75926,107055,75926,31129,0,0
2308772,681,1,2237299,2237532,2308772,71240,71473,71240,233,0,0
2311024,703,1,2308721,2308772,2311024,2252,2303,2252,51,0,0
2314876,692,8,2281652,2299544,2314876,15332,33224,15332,17892,0,0
2319797,708,8,2310700,2314876,2319797,4921,9097,4921,4176,0,0
2324886,713,1,2318623,2319610,2324886,5276,6263,5276,987,0,0
2330385,711,4,2314770,2314876,2330385,15509,15615,15509,106,0,0
2340418,693,4,2285347,2319797,2340418,20621,55071,20621,34450,0,0
2342234,680,16,2234146,2259718,2342234,82516,108088,82516,25572,0,0
2369404,725,8,2335207,2336802,2369404,32602,34197,32602,1595,0,0
2376038,669,8,2220859,2276622,2376038,99416,155179,99416,55763,0,0
2377188,702,16,2308613,2342234,2377188,34954,68575,34954,33621,0,0
2380809,724,1,2330881,2342234,2380809,38575,49928,38575,11353,0,0
2381570,695,1,2295536,2342234,2381570,39336,86034,39336,46698,0,0
2386301,740,4,2379419,2379991,2386301,6310,6882,6310,572,0,0
2401166,729,1,2356683,2362242,2401166,38924,44483,38924,5559,0,0
2408598,755,1,2406881,2407234,2408598,1364,1717,1364,353,0,0
2414023,761,1,2410799,2411456,2414023,2567,3224,2567,657,0,0
2419413,736,4,2373939,2376038,2419413,43375,45474,43375,2099,0,0
2470959,675,8,2225095,2369404,2470959,101555,245864,101555,144309,0,0
2476303,741,8,2379991,2401166,2476303,75137,96312,75137,21175,0,0
2479041,783,8,2466707,2470959,2479041,8082,12334,8082,4252,0,0
2484939,697,8,2304602,2377188,2484939,107751,180337,107751,72586,0,0
2485188,674,8,2224179,2377188,2485188,108000,261009,108000,153009,0,0
2488243,781,8,2462128,2476303,2488243,11940,26115,11940,14175,0,0
2490390,782,1,2464078,2476303,2490390,14087,26312,14087,12225,0,0
2502257,757,16,2407489,2484939,2502257,17318,94768,17318,77450,0,0
2510311,766,16,2419971,2488243,2510311,22068,90340,22068,68272,0,0
2517273,775,1,2450238,2488243,2517273,29030,67035,29030,38005,0,0
2519882,759,1,2409923,2488243,2519882,31639,109959,31639,78320,0,0
2533934,816,4,2530447,2532070,2533934,1864,3487,1864,1623,0,0
2543269,809,8,2507193,2510311,2543269,32958,36076,32958,3118,0,0
2557427,779,8,2454686,2502257,2557427,55170,102741,55170,47571,0,0
2557480,814,4,2528328,2530428,2557480,27052,29152,27052,2100,0,0
2561284,815,4,2530428,2530447,2561284,30837,30856,30837,19,0,0
2561700,791,1,2482274,2502257,2561700,59443,79426,59443,19983,0,0
2568889,773,8,2446077,2502257,2568889,66632,122812,66632,56180,0,0
2583465,826,4,2550621,2550634,2583465,32831,32844,32831,13,0,0
2586169,4,8,543390,543390,2586169,2042779,2042779,2042779,0,0,0
2637996,788,16,2480259,2557427,2637996,80569,157737,80569,77168,0,0
2643574,787,8,2479353,2561284,2643574,82290,164221,82290,81931,0,0
2675870,768,16,2420131,2586169,2675870,89701,255739,89701,166038,0,0
2682247,2,1,475911,475911,2682247,2206336,2206336,2206336,0,0,0
2686790,837,2,2662093,2675870,2686790,10920,24697,10920,13777,0,0
2714462,856,1,2705681,2705699,2714462,8763,8781,8763,18,0,0
2731170,810,16,2509422,2637996,2731170,93174,221748,93174,128574,0,0
2738812,851,4,2668703,2675870,2738812,62942,70109,62942,7167,0,0
2743120,819,4,2533783,2637996,2743120,105124,209337,105124,104213,0,0
2749576,880,8,2738970,2743120,2749576,6456,10606,6456,4150,0,0
2751698,709,8,2312146,2643574,2751698,108124,439552,108124,331428,0,0
2761722,890,1,2750632,2751698,2761722,10024,11090,10024,1066,0,0
2765915,861,2,2736332,2736359,2765915,29556,29583,29556,27,0,0
2782137,875,16,2737400,2761722,2782137,20415,44737,20415,24322,0,0
2782302,898,1,2755645,2761722,2782302,20580,26657,20580,6077,0,0
2784441,912,4,2771579,2782137,2784441,2304,12862,2304,10558,0,0
2785450,812,8,2519332,2675870,2785450,109580,266118,109580,156538,0,0
2790902,905,8,2767308,2782137,2790902,8765,23594,8765,14829,0,0
2791639,894,4,2754107,2765915,2791639,25724,37532,25724,11808,0,0
2800041,928,1,2798007,2799257,2800041,784,2034,784,1250,0,0
2802425,931,1,2801211,2801445,2802425,980,1214,980,234,0,0
2802449,927,1,2797842,2798007,2802449,4442,4607,4442,165,0,0
2811972,909,1,2769560,2782137,2811972,29835,42412,29835,12577,0,0
2812677,943,1,2809529,2810181,2812677,2496,3148,2496,652,0,0
2815339,951,4,2811545,2811972,2815339,3367,3794,3367,427,0,0
2822647,868,1,2736548,2736572,2822647,86075,86099,86075,24,0,0
2834265,874,16,2737382,2790902,2834265,43363,96883,43363,53520,0,0
2834586,962,1,2826624,2828497,2834586,6089,7962,6089,1873,0,0
2835934,916,2,2783923,2790902,2835934,45032,52011,45032,6979,0,0
2841102,749,8,2404498,2731170,2841102,109932,436604,109932,326672,0,0
2841271,954,16,2812234,2834265,2841271,7006,29037,7006,22031,0,0
2841528,808,8,2502249,2731170,2841528,110358,339279,110358,228921,0,0
2844474,918,4,2786487,2791639,2844474,52835,57987,52835,5152,0,0
2848009,978,8,2839393,2841102,2848009,6907,8616,6907,1709,0,0
2848377,925,4,2796000,2834265,2848377,14112,52377,14112,38265,0,0
2858012,966,8,2829120,2841271,2858012,16741,28892,16741,12151,0,0
2863327,935,1,2804436,2841271,2863327,22056,58891,22056,36835,0,0
2864375,950,1,2811290,2841271,2864375,23104,53085,23104,29981,0,0
2864753,956,1,2816767,2841271,2864753,23482,47986,23482,24504,0,0
2865646,973,16,2836301,2841528,2865646,24118,29345,24118,5227,0,0
2867578,933,1,2801505,2841528,2867578,26050,66073,26050,40023,0,0
2876440,979,4,2839402,2844474,2876440,31966,37038,31966,5072,0,0
2892779,995,1,2877619,2880718,2892779,12061,15160,12061,3099,0,0
2896614,1014,1,2893452,2893482,2896614,3132,3162,3132,30,0,0
2897770,959,8,2824767,2848009,2897770,49761,73003,49761,23242,0,0
2899146,1022,1,2896131,2896614,2899146,2532,3015,2532,483,0,0
2899835,936,1,2804850,2848009,2899835,51826,94985,51826,43159,0,0
2900126,948,1,2811215,2848009,2900126,52117,88911,52117,36794,0,0
2900826,1015,1,2893482,2897770,2900826,3056,7344,3056,4288,0,0
2908398,1026,1,2904303,2905196,2908398,3202,4095,3202,893,0,0
2919154,887,8,2743102,2858012,2919154,61142,176052,61142,114910,0,0
2925187,977,4,2839259,2858012,2925187,67175,85928,67175,18753,0,0
2928064,996,16,2880718,2919154,2928064,8910,47346,8910,38436,0,0
2932023,999,1,2882057,2919154,2932023,12869,49966,12869,37097,0,0
2935381,944,8,2810181,2865646,2935381,69735,125200,69735,55465,0,0
2935425,960,8,2825556,2865646,2935425,69779,109869,69779,40090,0,0
2944224,993,1,2877529,2877562,2944224,66662,66695,66662,33,0,0
2944398,929,1,2799257,2865646,2944398,78752,145141,78752,66389,0,0
2944977,876,1,2738244,2865646,2944977,79331,206733,79331,127402,0,0
2955398,1034,1,2924989,2925137,2955398,30261,30409,30261,148,0,0
2959919,1011,8,2891633,2928064,2959919,31855,68286,31855,36431,0,0
2961710,982,4,2841605,2876440,2961710,85270,120105,85270,34835,0,0
2968679,1009,4,2890440,2928064,2968679,40615,78239,40615,37624,0,0
2970672,1037,1,2961144,2961710,2970672,8962,9528,8962,566,0,0
2971342,1017,1,2893731,2928064,2971342,43278,77611,43278,34333,0,0
2977205,1039,1,2968473,2968679,2977205,8526,8732,8526,206,0,0
2983908,1048,1,2978540,2980720,2983908,3188,5368,3188,2180,0,0
2987031,1053,1,2982970,2983908,2987031,3123,4061,3123,938,0,0
3000387,1044,1,2972870,2972871,3000387,27516,27517,27516,1,0,0
3001815,1040,4,2969900,2970672,3001815,31143,31915,31143,772,0,0
3006685,1065,8,2997034,3000387,3006685,6298,9651,6298,3353,0,0
3007659,1069,8,3003144,3006685,3007659,974,4515,974,3541,0,0
3011900,1041,1,2971369,2972754,3011900,39146,40531,39146,1385,0,0
3020070,1068,8,3002159,3007659,3020070,12411,17911,12411,5500,0,0
3021232,885,8,2742912,2935381,3021232,85851,278320,85851,192469,0,0
3025838,969,8,2831821,2935425,3025838,90413,194017,90413,103604,0,0
3029313,1001,4,2882440,2935425,3029313,93888,146873,93888,52985,0,0
3037070,1086,4,3020342,3021232,3037070,15838,16728,15838,890,0,0
3043127,1050,1,2980938,2982335,3043127,60792,62189,60792,1397,0,0
3047973,1080,1,3015678,3018107,3047973,29866,32295,29866,2429,0,0
3049354,1084,1,3018622,3019184,3049354,30170,30732,30170,562,0,0
3057047,981,8,2839809,2959919,3057047,97128,217238,97128,120110,0,0
3057439,1078,8,3013782,3020070,3057439,37369,43657,37369,6288,0,0
3057476,1051,1,2982335,2982676,3057476,74800,75141,74800,341,0,0
3061287,1096,8,3046093,3057047,3061287,4240,15194,4240,10954,0,0
3065273,1111,8,3058804,3059288,3065273,5985,6469,5985,484,0,0
3067607,1114,8,3059698,3061287,3067607,6320,7909,6320,1589,0,0
3072810,1098,1,3051645,3057047,3072810,15763,21165,15763,5402,0,0
3075772,1052,1,2982676,2982970,3075772,92802,93096,92802,294,0,0
3080436,1102,1,3055049,3057047,3080436,23389,25387,23389,1998,0,0
3101567,1081,1,3018107,3020070,3101567,81497,83460,81497,1963,0,0
3101630,1097,16,3050600,3067607,3101630,34023,51030,34023,17007,0,0
3108533,1124,8,3069894,3101630,3108533,6903,38639,6903,31736,0,0
3111876,1147,1,3097131,3101630,3111876,10246,14745,10246,4499,0,0
3113114,1135,1,3081141,3101630,3113114,11484,31973,11484,20489,0,0
3119559,1129,1,3073639,3101630,3119559,17929,45920,17929,27991,0,0
3123674,965,16,2828509,3025838,3123674,97836,295165,97836,197329,0,0
3125771,1155,16,3114442,3123674,3125771,2097,11329,2097,9232,0,0
3125793,1134,1,3081111,3101630,3125793,24163,44682,24163,20519,0,0
3133020,1003,1,2882730,3029313,3133020,103707,250290,103707,146583,0,0
3138546,1152,16,3107889,3125771,3138546,12775,30657,12775,17882,0,0
3147955,1145,8,3095341,3101630,3147955,46325,52614,46325,6289,0,0
3151817,1149,1,3102509,3104922,3151817,46895,49308,46895,2413,0,0
3153457,1089,1,3043312,3045237,3153457,108220,110145,108220,1925,0,0
3159088,1159,1,3122038,3125771,3159088,33317,37050,33317,3733,0,0
3164714,1163,4,3151206,3151817,3164714,12897,13508,12897,611,0,0
3165967,1143,4,3088134,3101630,3165967,64337,77833,64337,13496,0,0
3170393,1164,8,3156300,3164714,3170393,5679,14093,5679,8414,0,0
3188451,1156,8,3114754,3125771,3188451,62680,73697,62680,11017,0,0
3217257,1117,8,3060417,3138546,3217257,78711,156840,78711,78129,0,0
3228719,1153,16,3114349,3147955,3228719,80764,114370,80764,33606,0,0
3252128,1119,8,3065037,3170393,3252128,81735,187091,81735,105356,0,0
3270419,1141,8,3086361,3188451,3270419,81968,184058,81968,102090,0,0
3276722,1118,1,3064913,3188451,3276722,88271,211809,88271,123538,0,0
3317300,1240,8,3231294,3252128,3317300,65172,86006,65172,20834,0,0
3322569,1246,8,3255235,3270419,3322569,52150,67334,52150,15184,0,0
3325667,1176,8,3186211,3217257,3325667,108410,139456,108410,31046,0,0
3339711,756,8,2407234,3228719,3339711,110992,932477,110992,821485,0,0
3341243,854,4,2703145,3228719,3341243,112524,638098,112524,525574,0,0
3341738,893,4,2753761,3228719,3341738,113019,587977,113019,474958,0,0
3344240,1168,1,3165566,3228719,3344240,115521,178674,115521,63153,0,0
3345402,957,1,2821978,3228719,3345402,116683,523424,116683,406741,0,0
3348666,938,1,2806604,3228719,3348666,119947,542062,119947,422115,0,0
3353077,1244,1,3251739,3252128,3353077,100949,101338,100949,389,0,0
3359660,1262,1,3335050,3338630,3359660,21030,24610,21030,3580,0,0
3359791,1282,1,3359134,3359380,3359791,411,657,411,246,0,0
3360431,1276,8,3357468,3359660,3360431,771,2963,771,2192,0,0
3363523,1301,1,3362009,3362054,3363523,1469,1514,1469,45,0,0
3365318,1274,8,3350039,3360431,3365318,4887,15279,4887,10392,0,0
3365364,1311,1,3363038,3363209,3365364,2155,2326,2155,171,0,0
3366397,1304,1,3362093,3362331,3366397,4066,4304,4066,238,0,0
3369373,1327,1,3366667,3367697,3369373,1676,2706,1676,1030,0,0
3370277,1331,1,3369000,3369102,3370277,1175,1277,1175,102,0,0
3370862,1280,1,3359133,3360431,3370862,10431,11729,10431,1298,0,0
3371356,1255,1,3279710,3310232,3371356,61124,91646,61124,30522,0,0
3373202,1319,1,3364413,3365017,3373202,8185,8789,8185,604,0,0
3390143,1259,1,3329599,3330983,3390143,59160,60544,59160,1384,0,0
3398264,1263,1,3338630,3339711,3398264,58553,59634,58553,1081,0,0
3401187,1344,8,3400170,3400242,3401187,945,1017,945,72,0,0
3404310,1266,1,3342588,3342636,3404310,61674,61722,61674,48,0,0
3407581,1346,8,3401046,3401187,3407581,6394,6535,6394,141,0,0
3430201,1373,1,3428247,3428655,3430201,1546,1954,1546,408,0,0
3438457,850,4,2668600,3317300,3438457,121157,769857,121157,648700,0,0
3439157,822,1,2540419,3317300,3439157,121857,898738,121857,776881,0,0
3444882,903,4,2762657,3322569,3444882,122313,682225,122313,559912,0,0
3445514,676,1,2225454,3322569,3445514,122945,1220060,122945,1097115,0,0
3446245,769,1,2420202,3322569,3446245,123676,1026043,123676,902367,0,0
3446453,1389,1,3444884,3444910,3446453,1543,1569,1543,26,0,0
3446617,1348,16,3402699,3438457,3446617,8160,43918,8160,35758,0,0
3446986,1392,1,3444948,3444949,3446986,2037,2038,2037,1,0,0
3450529,1387,1,3444524,3444873,3450529,5656,6005,5656,349,0,0
3451783,1136,8,3082127,3325667,3451783,126116,369656,126116,243540,0,0
3455000,1361,4,3418942,3444882,3455000,10118,36058,10118,25940,0,0
3455858,1364,1,3419511,3444882,3455858,10976,36347,10976,25371,0,0
3460083,1272,16,3344326,3446617,3460083,13466,115757,13466,102291,0,0
3468827,1308,16,3362465,3455000,3468827,13827,106362,13827,92535,0,0
3470515,1091,8,3045764,3341243,3470515,129272,424751,129272,295479,0,0
3471339,1391,1,3444925,3455000,3471339,16339,26414,16339,10075,0,0
3475090,1046,1,2977576,3341243,3475090,133847,497514,133847,363667,0,0
3478390,914,2,2782504,3341243,3478390,137147,695886,137147,558739,0,0
3485699,1402,8,3449324,3460083,3485699,25616,36375,25616,10759,0,0
3485936,1350,1,3404105,3460083,3485936,25853,81831,25853,55978,0,0
3489467,1284,4,3359587,3460083,3489467,29384,129880,29384,100496,0,0
3494080,1322,1,3365657,3460083,3494080,33997,128423,33997,94426,0,0
3497981,1290,1,3360234,3460083,3497981,37898,137747,37898,99849,0,0
3499605,1413,8,3497355,3497981,3499605,1624,2250,1624,626,0,0
3507186,1337,8,3370849,3468827,3507186,38359,136337,38359,97978,0,0
3508845,1417,4,3500240,3507186,3508845,1659,8605,1659,6946,0,0
3511386,1424,4,3502023,3507186,3511386,4200,9363,4200,5163,0,0
3513896,1403,1,3455383,3468827,3513896,45069,58513,45069,13444,0,0
3518640,1438,1,3517032,3517155,3518640,1485,1608,1485,123,0,0
3522732,1420,8,3501679,3511386,3522732,11346,21053,11346,9707,0,0
3527642,1354,1,3409100,3468827,3527642,58815,118542,58815,59727,0,0
3527698,1445,8,3518210,3522732,3527698,4966,9488,4966,4522,0,0
3527804,1396,1,3445081,3468827,3527804,58977,82723,58977,23746,0,0
3531020,1362,8,3419095,3470515,3531020,60505,111925,60505,51420,0,0
3533376,1433,8,3512747,3527698,3533376,5678,20629,5678,14951,0,0
3535065,1455,1,3530069,3530171,3535065,4894,4996,4894,102,0,0
3540607,1357,1,3411603,3470515,3540607,70092,129004,70092,58912,0,0
3544198,1462,1,3541523,3541924,3544198,2274,2675,2274,401,0,0
3545537,1446,1,3518233,3527698,3545537,17839,27304,17839,9465,0,0
3546029,1464,1,3541938,3543503,3546029,2526,4091,2526,1565,0,0
3551283,1450,1,3529058,3529148,3551283,22135,22225,22135,90,0,0
3554399,1426,8,3503418,3531020,3554399,23379,50981,23379,27602,0,0
3556263,1365,16,3420130,3485936,3556263,70327,136133,70327,65806,0,0
3557942,1352,1,3404165,3485936,3557942,72006,153777,72006,81771,0,0
3563598,1451,1,3529148,3533376,3563598,30222,34450,30222,4228,0,0
3565022,1453,1,3529655,3533376,3565022,31646,35367,31646,3721,0,0
3565517,1454,1,3529934,3533376,3565517,32141,35583,32141,3442,0,0
3579207,1463,8,3541924,3554399,3579207,24808,37283,24808,12475,0,0
3579266,1293,8,3360334,3499605,3579266,79661,218932,79661,139271,0,0
3580518,1458,1,3537196,3537306,3580518,43212,43322,43212,110,0,0
3580964,1432,1,3511645,3533376,3580964,47588,69319,47588,21731,0,0
3581007,1457,1,3537065,3537196,3581007,43811,43942,43811,131,0,0
3587939,1456,1,3530171,3533376,3587939,54563,57768,54563,3205,0,0
3591936,1294,1,3360356,3499605,3591936,92331,231580,92331,139249,0,0
3592142,1459,1,3537306,3537448,3592142,54694,54836,54694,142,0,0
3595773,1473,1,3581313,3585504,3595773,10269,14460,10269,4191,0,0
3611885,1488,1,3604657,3605180,3611885,6705,7228,6705,523,0,0
3620872,1461,8,3539191,3556263,3620872,64609,81681,64609,17072,0,0
3625952,1465,8,3543503,3556263,3625952,69689,82449,69689,12760,0,0
3626028,1475,1,3586937,3587939,3626028,38089,39091,38089,1002,0,0
3627042,1508,1,3617797,3620872,3627042,6170,9245,6170,3075,0,0
3627925,1523,1,3623039,3625952,3627925,1973,4886,1973,2913,0,0
3628041,1522,1,3622956,3625952,3628041,2089,5085,2089,2996,0,0
3628799,1501,1,3617060,3617144,3628799,11655,11739,11655,84,0,0
3631950,1512,1,3621074,3625952,3631950,5998,10876,5998,4878,0,0
3631997,1474,1,3585504,3586937,3631997,45060,46493,45060,1433,0,0
3634100,1472,1,3580224,3580518,3634100,53582,53876,53582,294,0,0
3636280,1514,1,3622084,3625952,3636280,10328,14196,10328,3868,0,0
3637072,1499,1,3616896,3616971,3637072,20101,20176,20101,75,0,0
3638508,1497,1,3616104,3616820,3638508,21688,22404,21688,716,0,0
3646544,1503,1,3617456,3620872,3646544,25672,29088,25672,3416,0,0
3647398,1526,8,3623438,3636280,3647398,11118,23960,11118,12842,0,0
3647527,1502,1,3617144,3617456,3647527,30071,30383,30071,312,0,0
3650841,1407,4,3483316,3556263,3650841,94578,167525,94578,72947,0,0
3657079,1368,1,3427475,3557942,3657079,99137,229604,99137,130467,0,0
3657582,1521,1,3622884,3636280,3657582,21302,34698,21302,13396,0,0
3658798,1477,4,3594743,3620872,3658798,37926,64055,37926,26129,0,0
3665982,1468,4,3571109,3579207,3665982,86775,94873,86775,8098,0,0
3666104,1506,1,3617583,3620872,3666104,45232,48521,45232,3289,0,0
3670857,1315,1,3363614,3563598,3670857,107259,307243,107259,199984,0,0
3674677,1494,1,3615514,3620872,3674677,53805,59163,53805,5358,0,0
3676937,1283,1,3359380,3565022,3676937,111915,317557,111915,205642,0,0
3681790,1310,1,3362983,3565517,3681790,116273,318807,116273,202534,0,0
3683083,1540,16,3635675,3657582,3683083,25501,47408,25501,21907,0,0
3683369,19,4,906308,906308,3683369,2777061,2777061,2777061,0,0,0
3683894,1513,1,3621920,3657582,3683894,26312,61974,26312,35662,0,0
3684209,1539,1,3635605,3657582,3684209,26627,48604,26627,21977,0,0
3690350,1538,1,3634332,3657582,3690350,32768,56018,32768,23250,0,0
3697339,1534,1,3625896,3657582,3697339,39757,71443,39757,31686,0,0
3700267,1345,8,3400242,3579266,3700267,121001,300025,121001,179024,0,0
3704794,1532,1,3625250,3657582,3704794,47212,79544,47212,32332,0,0
3705817,1316,1,3363638,3579266,3705817,126551,342179,126551,215628,0,0
3706891,1519,1,3622703,3657582,3706891,49309,84188,49309,34879,0,0
3708997,1571,1,3706239,3706242,3708997,2755,2758,2755,3,0,0
3709022,1281,1,3359133,3579266,3709022,129756,349889,129756,220133,0,0
3709766,1575,1,3707765,3707853,3709766,1913,2001,1913,88,0,0
3710201,1577,1,3708089,3708232,3710201,1969,2112,1969,143,0,0
3710576,1578,1,3708232,3708324,3710576,2252,2344,2252,92,0,0
3711195,1583,1,3708635,3708703,3711195,2492,2560,2492,68,0,0
3711420,1581,1,3708485,3708556,3711420,2864,2935,2864,71,0,0
3712381,1279,1,3359133,3579266,3712381,133115,353248,133115,220133,0,0
3717829,1573,1,3706329,3706428,3717829,11401,11500,11401,99,0,0
3718892,1570,1,3706039,3706239,3718892,12653,12853,12653,200,0,0
3723638,1515,1,3622334,3658798,3723638,64840,101304,64840,36464,0,0
3732377,1520,1,3622812,3658798,3732377,73579,109565,73579,35986,0,0
3745246,1558,16,3694118,3732377,3745246,12869,51128,12869,38259,0,0
3748177,1580,1,3708405,3732377,3748177,15800,39772,15800,23972,0,0
3761142,1490,8,3605476,3683083,3761142,78059,155666,78059,77607,0,0
3763526,1574,8,3706428,3745246,3763526,18280,57098,18280,38818,0,0
3763891,1550,2,3685334,3688899,3763891,74992,78557,74992,3565,0,0
3770924,1533,1,3625753,3683083,3770924,87841,145171,87841,57330,0,0
3776375,1596,1,3761771,3761840,3776375,14535,14604,14535,69,0,0
3780037,1535,1,3626244,3683083,3780037,96954,153793,96954,56839,0,0
3780918,1483,8,3602159,3683083,3780918,97835,178759,97835,80924,0,0
3781387,1543,8,3655299,3683369,3781387,98018,126088,98018,28070,0,0
3787556,1524,1,3623111,3683369,3787556,104187,164445,104187,60258,0,0
3788202,1582,1,3708556,3745246,3788202,42956,79646,42956,36690,0,0
3791421,1566,1,3705591,3745246,3791421,46175,85830,46175,39655,0,0
3793974,1586,1,3708871,3745246,3793974,48728,85103,48728,36375,0,0
3794380,1579,1,3708324,3745246,3794380,49134,86056,49134,36922,0,0
3801900,1612,1,3782099,3783673,3801900,18227,19801,18227,1574,0,0
3804458,1590,4,3744447,3745246,3804458,59212,60011,59212,799,0,0
3807989,1613,1,3783673,3784102,3807989,23887,24316,23887,429,0,0
3811247,1611,4,3777479,3780037,3811247,31210,33768,31210,2558,0,0
3828915,1563,8,3703578,3761142,3828915,67773,125337,67773,57564,0,0
3851064,1634,2,3797326,3797920,3851064,53144,53738,53144,594,0,0
3852387,1659,8,3849649,3851064,3852387,1323,2738,1323,1415,0,0
3858336,1559,8,3694914,3763526,3858336,94810,163422,94810,68612,0,0
3861430,1609,1,3772020,3776375,3861430,85055,89410,85055,4355,0,0
3870232,1614,1,3784102,3785220,3870232,85012,86130,85012,1118,0,0
3876996,1637,2,3798139,3798158,3876996,78838,78857,78838,19,0,0
3877556,1587,8,3717476,3780918,3877556,96638,160080,96638,63442,0,0
3882756,1661,1,3849992,3851064,3882756,31692,32764,31692,1072,0,0
3890422,1635,2,3797920,3797987,3890422,92435,92502,92435,67,0,0
3903583,1667,8,3889980,3890422,3903583,13161,13603,13161,442,0,0
3925351,1648,8,3829833,3832671,3925351,92680,95518,92680,2838,0,0
3935328,1658,8,3845366,3849649,3935328,85679,89962,85679,4283,0,0
3952147,1686,1,3949869,3949952,3952147,2195,2278,2195,83,0,0
3952188,1687,1,3949952,3950047,3952188,2141,2236,2141,95,0,0
3965162,1695,1,3960326,3960736,3965162,4426,4836,4426,410,0,0
3966330,1708,1,3961673,3965162,3966330,1168,4657,1168,3489,0,0
3966829,1696,1,3960736,3960814,3966829,6015,6093,6015,78,0,0
3967519,1710,1,3961834,3966330,3967519,1189,5685,1189,4496,0,0
3968291,1706,1,3961531,3966829,3968291,1462,6760,1462,5298,0,0
3970015,1700,1,3960993,3967519,3970015,2496,9022,2496,6526,0,0
3970904,1711,1,3961903,3968291,3970904,2613,9001,2613,6388,0,0
3998412,1644,32,3812815,3903583,3998412,94829,185597,94829,90768,0,0
3999596,1721,8,3975795,3998412,3999596,1184,23801,1184,22617,0,0
4002717,1715,8,3965169,3998412,4002717,4305,37548,4305,33243,0,0
4007223,1682,8,3948277,3998412,4007223,8811,58946,8811,50135,0,0
4009705,1722,8,3980117,3998412,4009705,11293,29588,11293,18295,0,0
4015710,1714,8,3963849,3999596,4015710,16114,51861,16114,35747,0,0
4016494,1727,1,4012586,4013947,4016494,2547,3908,2547,1361,0,0
4017750,1707,1,3961599,3999596,4017750,18154,56151,18154,37997,0,0
4018183,1728,4,4013947,4015710,4018183,2473,4236,2473,1763,0,0
4018669,1688,1,3950047,3999596,4018669,19073,68622,19073,49549,0,0
4022364,1676,4,3937928,4002717,4022364,19647,84436,19647,64789,0,0
4023645,1699,1,3960924,4002717,4023645,20928,62721,20928,41793,0,0
4023949,1690,1,3950183,4002717,4023949,21232,73766,21232,52534,0,0
4025740,1685,1,3949787,4002717,4025740,23023,75953,23023,52930,0,0
4026381,1718,1,3970334,4002717,4026381,23664,56047,23664,32383,0,0
4026464,1726,1,4010915,4012586,4026464,13878,15549,13878,1671,0,0
4028528,1729,1,4014555,4015710,4028528,12818,13973,12818,1155,0,0
4029914,1740,8,4020490,4026381,4029914,3533,9424,3533,5891,0,0
4030016,1731,4,4016264,4018183,4030016,11833,13752,11833,1919,0,0
4031984,1554,16,3692119,3935328,4031984,96656,339865,96656,243209,0,0
4032062,1732,1,4016446,4018183,4032062,13879,15616,13879,1737,0,0
4037226,1674,4,3935479,4007223,4037226,30003,101747,30003,71744,0,0
4037641,1744,8,4031959,4031984,4037641,5657,5682,5657,25,0,0
4039055,1709,1,3961747,4007223,4039055,31832,77308,31832,45476,0,0
4044583,1746,8,4034191,4037641,4044583,6942,10392,6942,3450,0,0
4046535,1745,8,4034063,4039055,4046535,7480,12472,7480,4992,0,0
4049279,1698,8,3960830,4009705,4049279,39574,88449,39574,48875,0,0
4056166,1733,1,4016536,4018183,4056166,37983,39630,37983,1647,0,0
4061934,1736,4,4019116,4029914,4061934,32020,42818,32020,10798,0,0
4083484,1679,8,3946654,4030016,4083484,53468,136830,53468,83362,0,0
4088640,1767,4,4085795,4086592,4088640,2048,2845,2048,797,0,0
4096131,1758,8,4052711,4083484,4096131,12647,43420,12647,30773,0,0
4097184,1684,1,3949690,4030016,4097184,67168,147494,67168,80326,0,0
4104520,1716,8,3965506,4031984,4104520,72536,139014,72536,66478,0,0
4117646,1764,8,4062291,4096131,4117646,21515,55355,21515,33840,0,0
4127049,1793,1,4124502,4124658,4127049,2391,2547,2391,156,0,0
4127298,1734,1,4016712,4031984,4127298,95314,110586,95314,15272,0,0
4127545,1802,1,4126148,4126346,4127545,1199,1397,1199,198,0,0
4128044,1803,1,4126346,4126644,4128044,1400,1698,1400,298,0,0
4131383,1701,1,3961080,4031984,4131383,99399,170303,99399,70904,0,0
4134706,1787,1,4109733,4110710,4134706,23996,24973,23996,977,0,0
4137480,1775,1,4092939,4096131,4137480,41349,44541,41349,3192,0,0
4142357,1800,1,4125628,4125921,4142357,16436,16729,16436,293,0,0
4145515,1594,4,3758807,4044583,4145515,100932,386708,100932,285776,0,0
4148008,1669,4,3934756,4044583,4148008,103425,213252,103425,109827,0,0
4152091,1631,4,3796551,4046535,4152091,105556,355540,105556,249984,0,0
4154867,1782,1,4104385,4104398,4154867,50469,50482,50469,13,0,0
4155762,1665,2,3876469,4046535,4155762,109227,279293,109227,170066,0,0
4155772,1765,8,4064308,4104520,4155772,51252,91464,51252,40212,0,0
4156356,1806,4,4138995,4139356,4156356,17000,17361,17000,361,0,0
4160218,1797,1,4125000,4125138,4160218,35080,35218,35080,138,0,0
4163093,1649,8,3832671,4049279,4163093,113814,330422,113814,216608,0,0
4166238,1801,1,4125921,4126148,4166238,40090,40317,40090,227,0,0
4169503,1799,1,4125286,4125628,4169503,43875,44217,43875,342,0,0
4188907,1804,8,4126644,4148008,4188907,40899,62263,40899,21364,0,0
4190012,1820,4,4187223,4188907,4190012,1105,2789,1105,1684,0,0
4206313,1822,4,4188140,4188907,4206313,17406,18173,17406,767,0,0
4207291,1831,1,4204965,4206313,4207291,978,2326,978,1348,0,0
4209276,1821,2,4187459,4188907,4209276,20369,21817,20369,1448,0,0
4212689,1824,2,4189402,4190012,4212689,22677,23287,22677,610,0,0
4216611,1830,8,4200134,4212689,4216611,3922,16477,3922,12555,0,0
4226007,1759,16,4052828,4155772,4226007,70235,173179,70235,102944,0,0
4232490,1829,4,4197529,4216611,4232490,15879,34961,15879,19082,0,0
4235467,1828,4,4197288,4216611,4235467,18856,38179,18856,19323,0,0
4237915,1846,8,4223886,4226007,4237915,11908,14029,11908,2121,0,0
4241581,1847,1,4224234,4226007,4241581,15574,17347,15574,1773,0,0
4245359,1835,1,4210537,4216611,4245359,28748,34822,28748,6074,0,0
4248189,1854,1,4241485,4241581,4248189,6608,6704,6608,96,0,0
4257362,1762,8,4053792,4156356,4257362,101006,203570,101006,102564,0,0
4257710,1819,8,4187061,4226007,4257710,31703,70649,31703,38946,0,0
4259848,1792,1,4124425,4156356,4259848,103492,135423,103492,31931,0,0
4265637,1865,1,4260901,4263429,4265637,2208,4736,2208,2528,0,0
4267845,1763,8,4055318,4163093,4267845,104752,212527,104752,107775,0,0
4269328,1834,8,4210203,4235467,4269328,33861,59125,33861,25264,0,0
4280082,1840,4,4217853,4237915,4280082,42167,62229,42167,20062,0,0
4280638,1833,1,4209674,4237915,4280638,42723,70964,42723,28241,0,0
4287473,1544,4,3659762,4166238,4287473,121235,627711,121235,506476,0,0
4289535,1739,1,4020373,4166238,4289535,123297,269162,123297,145865,0,0
4291911,1869,4,4272964,4280082,4291911,11829,18947,11829,7118,0,0
4295566,1873,4,4280398,4287473,4295566,8093,15168,8093,7075,0,0
4297240,1880,1,4292276,4292869,4297240,4371,4964,4371,593,0,0
4302289,1859,16,4259639,4269328,4302289,32961,42650,32961,9689,0,0
4312367,1874,4,4280490,4291911,4312367,20456,31877,20456,11421,0,0
4323294,1878,1,4291633,4291911,4323294,31383,31661,31383,278,0,0
4324281,1903,4,4308202,4309171,4324281,15110,16079,15110,969,0,0
4325379,1917,1,4313213,4318247,4325379,7132,12166,7132,5034,0,0
4327113,1850,1,4226057,4237915,4327113,89198,101056,89198,11858,0,0
4328733,1909,4,4310775,4311954,4328733,16779,17958,16779,1179,0,0
4329219,1896,1,4306288,4306419,4329219,22800,22931,22800,131,0,0
4331392,1919,1,4319218,4323294,4331392,8098,12174,8098,4076,0,0
4331956,1883,8,4298062,4302289,4331956,29667,33894,29667,4227,0,0
4351097,1844,8,4222851,4257362,4351097,93735,128246,93735,34511,0,0
4360605,1838,4,4215093,4257362,4360605,103243,145512,103243,42269,0,0
4361497,1937,4,4353866,4360605,4361497,892,7631,892,6739,0,0
4363278,1925,1,4341492,4349964,4363278,13314,21786,13314,8472,0,0
4364679,1853,8,4235084,4257710,4364679,106969,129595,106969,22626,0,0
4367088,1939,4,4355252,4361497,4367088,5591,11836,5591,6245,0,0
4376435,1868,1,4272038,4272964,4376435,103471,104397,103471,926,0,0
4378782,1944,1,4364373,4364679,4378782,14103,14409,14103,306,0,0
4388107,1900,32,4308054,4351097,4388107,37010,80053,37010,43043,0,0
4400393,1870,1,4275845,4280082,4400393,120311,124548,120311,4237,0,0
4406273,1908,8,4310117,4364679,4406273,41594,96156,41594,54562,0,0
4416297,1949,4,4374376,4375472,4416297,40825,41921,40825,1096,0,0
4430268,1875,16,4284419,4388107,4430268,42161,145849,42161,103688,0,0
4431133,1927,1,4353063,4388107,4431133,43026,78070,43026,35044,0,0
4431485,1891,4,4305250,4388107,4431485,43378,126235,43378,82857,0,0
4440348,1963,1,4419234,4420096,4440348,20252,21114,20252,862,0,0
4445226,1969,4,4432125,4440348,4445226,4878,13101,4878,8223,0,0
4449215,1959,4,4392568,4400393,4449215,48822,56647,48822,7825,0,0
4460649,1881,16,4292869,4406273,4460649,54376,167780,54376,113404,0,0
4461351,1889,1,4299389,4406273,4461351,55078,161962,55078,106884,0,0
4482311,1981,1,4477866,4480780,4482311,1531,4445,1531,2914,0,0
4498056,1894,1,4306246,4406273,4498056,91783,191810,91783,100027,0,0
4501323,1986,1,4486285,4486847,4501323,14476,15038,14476,562,0,0
4504609,1931,1,4353126,4406273,4504609,98336,151483,98336,53147,0,0
4507444,1992,1,4491156,4498056,4507444,9388,16288,9388,6900,0,0
4510522,1893,1,4306126,4406273,4510522,104249,204396,104249,100147,0,0
4512042,1993,1,4498182,4498787,4512042,13255,13860,13255,605,0,0
4525204,1997,1,4499824,4501323,4525204,23881,25380,23881,1499,0,0
4530048,1977,4,4457783,4460649,4530048,69399,72265,69399,2866,0,0
4540378,1967,4,4429857,4430268,4540378,110110,110521,110110,411,0,0
4541293,1994,1,4498787,4499365,4541293,41928,42506,41928,578,0,0
4547348,1943,16,4363214,4431485,4547348,115863,184134,115863,68271,0,0
4569833,1951,8,4375559,4449215,4569833,120618,194274,120618,73656,0,0
4570941,1978,4,4457837,4460649,4570941,110292,113104,110292,2812,0,0
4582909,1966,4,4429473,4460649,4582909,122260,153436,122260,31176,0,0
4599162,1983,1,4483812,4485312,4599162,113850,115350,113850,1500,0,0
4605207,1996,1,4499762,4499824,4605207,105383,105445,105383,62,0,0
4653772,1970,8,4432290,4530048,4653772,123724,221482,123724,97758,0,0
4671797,1481,8,3601566,4547348,4671797,124449,1070231,124449,945782,0,0
4672147,1597,8,3761840,4547348,4672147,124799,910307,124799,785508,0,0
4673684,1948,4,4374344,4547348,4673684,126336,299340,126336,173004,0,0
4697051,1776,4,4094367,4569833,4697051,127218,602684,127218,475466,0,0
4700538,1791,8,4122404,4570941,4700538,129597,578134,129597,448537,0,0
4739199,1962,8,4417213,4605207,4739199,133992,321986,133992,187994,0,0
4789155,1654,8,3841532,4653772,4789155,135383,947623,135383,812240,0,0
4789563,1548,1,3668548,4653772,4789563,135791,1121015,135791,985224,0,0
4810185,1079,8,3015240,4671797,4810185,138388,1794945,138388,1656557,0,0
4810940,1253,8,3276864,4672147,4810940,138793,1534076,138793,1395283,0,0
4836010,1419,8,3501455,4697051,4836010,138959,1334555,138959,1195596,0,0
4840203,1677,4,3938171,4700538,4840203,139665,902032,139665,762367,0,0
4879735,1460,8,3537448,4739199,4879735,140536,1342287,140536,1201751,0,0
4930574,1905,8,4309641,4789155,4930574,141419,620933,141419,479514,0,0
4930807,1261,1,3333053,4789155,4930807,141652,1597754,141652,1456102,0,0
4954494,1599,8,3764063,4810185,4954494,144309,1190431,144309,1046122,0,0
4954550,871,4,2736613,4810185,4954550,144365,2217937,144365,2073572,0,0
4955691,1757,8,4050950,4810940,4955691,144751,904741,144751,759990,0,0
4981330,626,8,2149297,4836010,4981330,145320,2832033,145320,2686713,0,0
5025181,970,8,2832444,4879735,5025181,145446,2192737,145446,2047291,0,0
5025280,997,1,2880886,4879735,5025280,145545,2144394,145545,1998849,0,0
5025588,1106,1,3056064,4879735,5025588,145853,1969524,145853,1823671,0,0
5077815,1006,4,2888982,4930574,5077815,147241,2188833,147241,2041592,0,0
5080197,1412,4,3490509,4930574,5080197,149623,1589688,149623,1440065,0,0
5104332,1918,8,4318247,4954494,5104332,149838,786085,149838,636247,0,0
5107109,1410,8,3486210,4955691,5107109,151418,1620899,151418,1469481,0,0
5132987,777,8,2452014,4981330,5132987,151657,2680973,151657,2529316,0,0
5177766,715,8,2319624,5025181,5177766,152585,2858142,152585,2705557,0,0
5178742,1066,8,3001711,5025588,5178742,153154,2177031,153154,2023877,0,0
5180685,831,1,2605962,5025588,5180685,155097,2574723,155097,2419626,0,0
5236516,878,8,2738352,5080197,5236516,156319,2498164,156319,2341845,0,0
5334767,1902,32,4308065,5177766,5334767,157001,1026702,157001,869701,0,0
5338981,1843,4,4222236,5178742,5338981,160239,1116745,160239,956506,0,0
5339165,1379,1,3437574,5178742,5339165,160423,1901591,160423,1741168,0,0
5339871,813,4,2528322,5178742,5339871,161129,2811549,161129,2650420,0,0
5341987,1000,1,2882080,5180685,5341987,161302,2459907,161302,2298605,0,0
5400396,1633,1,3797268,5236516,5400396,163880,1603128,163880,1439248,0,0
5476841,8,8,837589,837589,5476841,4639252,4639252,4639252,0,0,0
5498655,1158,8,3114803,5334767,5498655,163888,2383852,163888,2219964,0,0
5499426,827,4,2550634,5334767,5499426,164659,2948792,164659,2784133,0,0
5500728,1442,1,3517854,5334767,5500728,165961,1982874,165961,1816913,0,0
5501164,1897,1,4306419,5334767,5501164,166397,1194745,166397,1028348,0,0
5501460,1248,8,3260958,5334767,5501460,166693,2240502,166693,2073809,0,0
5501695,1443,1,3517999,5334767,5501695,166928,1983696,166928,1816768,0,0
5502308,1108,1,3056816,5334767,5502308,167541,2445492,167541,2277951,0,0
5502553,1950,8,4375472,5334767,5502553,167786,1127081,167786,959295,0,0
5503206,1077,4,3013382,5334767,5503206,168439,2489824,168439,2321385,0,0
5508632,1088,8,3028259,5339871,5508632,168761,2480373,168761,2311612,0,0
5645712,1067,8,3001927,5476841,5645712,168871,2643785,168871,2474914,0,0
5647810,917,2,2784159,5476841,5647810,170969,2863651,170969,2692682,0,0
5649161,1703,1,3961334,5476841,5649161,172320,1687827,172320,1515507,0,0
5671201,891,8,2753751,5498655,5671201,172546,2917450,172546,2744904,0,0
5675503,1841,8,4218711,5501460,5675503,174043,1456792,174043,1282749,0,0
5676902,1617,4,3786367,5501460,5676902,175442,1890535,175442,1715093,0,0
5677423,1105,1,3055728,5501460,5677423,175963,2621695,175963,2445732,0,0
5679919,71,4,1029550,5502553,5679919,177366,4650369,177366,4473003,0,0
5680371,634,2,2153142,5502553,5680371,177818,3527229,177818,3349411,0,0
5680891,1099,4,3053148,5502553,5680891,178338,2627743,178338,2449405,0,0
5687043,665,8,2209978,5508632,5687043,178411,3477065,178411,3298654,0,0
5827139,1265,8,3342378,5645712,5827139,181427,2484761,181427,2303334,0,0
5829598,205,8,1262028,5647810,5829598,181788,4567570,181788,4385782,0,0
5829877,357,1,1634921,5647810,5829877,182067,4194956,182067,4012889,0,0
5854534,1678,2,3946168,5671201,5854534,183333,1908366,183333,1725033,0,0
5854937,1376,1,3437032,5671201,5854937,183736,2417905,183736,2234169,0,0
5860899,224,16,1297699,5676902,5860899,183997,4563200,183997,4379203,0,0
5865068,961,8,2826337,5680891,5865068,184177,3038731,184177,2854554,0,0
5865984,825,2,2548896,5680891,5865984,185093,3317088,185093,3131995,0,0
5986525,11,1,880119,880119,5986525,5106406,5106406,5106406,0,0,0
6012555,1138,16,3082912,5827139,6012555,185416,2929643,185416,2744227,0,0
6012913,1214,1,3193586,5827139,6012913,185774,2819327,185774,2633553,0,0
6017594,1326,8,3365948,5829598,6017594,187996,2651646,187996,2463650,0,0
6018099,89,1,1078558,5829598,6018099,188501,4939541,188501,4751040,0,0
6049780,1010,8,2891585,5860899,6049780,188881,3158195,188881,2969314,0,0
6049796,847,1,2662359,5860899,6049796,188897,3387437,188897,3198540,0,0
6050817,1815,1,4173649,5860899,6050817,189918,1877168,189918,1687250,0,0
6051747,1013,1,2891773,5860899,6051747,190848,3159974,190848,2969126,0,0
6051796,1182,1,3193448,5860899,6051796,190897,2858348,190897,2667451,0,0
6054477,992,1,2877471,5860899,6054477,193578,3177006,193578,2983428,0,0
6055216,1697,1,3960814,5860899,6055216,194317,2094402,194317,1900085,0,0
6055439,1351,1,3404131,5860899,6055439,194540,2651308,194540,2456768,0,0
6055880,335,1,1608983,5860899,6055880,194981,4446897,194981,4251916,0,0
6060456,1809,8,4149178,5865068,6060456,195388,1911278,195388,1715890,0,0
6060690,1323,1,3365692,5865068,6060690,195622,2694998,195622,2499376,0,0
6064063,330,1,1608921,5865068,6064063,198995,4455142,198995,4256147,0,0
6215208,128,8,1155403,6012555,6215208,202653,5059805,202653,4857152,0,0
6217477,1742,1,4023745,6012555,6217477,204922,2193732,204922,1988810,0,0
6218420,1991,1,4489242,6012555,6218420,205865,1729178,205865,1523313,0,0
6218666,1421,8,3501680,6012555,6218666,206111,2716986,206111,2510875,0,0
6218689,1405,1,3478648,6012555,6218689,206134,2740041,206134,2533907,0,0
6223782,975,8,2838323,6017594,6223782,206188,3385459,206188,3179271,0,0
6224043,1691,1,3953261,6017594,6224043,206449,2270782,206449,2064333,0,0
6257251,561,8,1978879,6049780,6257251,207471,4278372,207471,4070901,0,0
6257785,1618,4,3789445,6049780,6257785,208005,2468340,208005,2260335,0,0
6270676,481,4,1766927,6060456,6270676,210220,4503749,210220,4293529,0,0
6275023,1491,8,3611737,6064063,6275023,210960,2663286,210960,2452326,0,0
6378102,9,8,837888,837888,6378102,5540214,5540214,5540214,0,0,0
6412666,16,8,896743,896743,6412666,5515923,5515923,5515923,0,0,0
6426300,1360,4,3415395,6215208,6426300,211092,3010905,211092,2799813,0,0
6426680,1887,1,4299094,6215208,6426680,211472,2127586,211472,1916114,0,0
6428312,1719,4,3974316,6215208,6428312,213104,2453996,213104,2240892,0,0
6433585,664,8,2207663,6218666,6433585,214919,4225922,214919,4011003,0,0
6434827,694,1,2288358,6218666,6434827,216161,4146469,216161,3930308,0,0
6435294,1565,1,3703723,6218666,6435294,216628,2731571,216628,2514943,0,0
6441438,661,4,2206543,6223782,6441438,217656,4234895,217656,4017239,0,0
6441854,1422,8,3501849,6224043,6441854,217811,2940005,217811,2722194,0,0
6442800,482,1,1773103,6224043,6442800,218757,4669697,218757,4450940,0,0
6476251,1921,8,4332923,6257251,6476251,219000,2143328,219000,1924328,0,0
6476712,1796,1,4124790,6257251,6476712,219461,2351922,219461,2132461,0,0
6477249,43,4,990126,6257785,6477249,219464,5487123,219464,5267659,0,0
6490140,88,2,1078520,6270676,6490140,219464,5411620,219464,5192156,0,0
6490290,712,1,2317985,6270676,6490290,219614,4172305,219614,3952691,0,0
6492344,352,1,1609148,6270676,6492344,221668,4883196,221668,4661528,0,0
6497103,987,4,2850083,6275023,6497103,222080,3647020,222080,3424940,0,0
6576018,13,1,880165,880165,6576018,5695853,5695853,5695853,0,0,0
6600934,1466,8,3545877,6378102,6600934,222832,3055057,222832,2832225,0,0
6601176,546,1,1966138,6378102,6601176,223074,4635038,223074,4411964,0,0
6636440,1336,8,3370630,6412666,6636440,223774,3265810,223774,3042036,0,0
6657915,1341,16,3374520,6433585,6657915,224330,3283395,224330,3059065,0,0
6665831,1273,8,3345422,6441438,6665831,224393,3320409,224393,3096016,0,0
6665844,1224,1,3193628,6441438,6665844,224406,3472216,224406,3247810,0,0
6667053,555,1,1972359,6441438,6667053,225615,4694694,225615,4469079,0,0
6667251,1347,1,3402672,6441438,6667251,225813,3264579,225813,3038766,0,0
6669563,1755,8,4044761,6441854,6669563,227709,2624802,227709,2397093,0,0
6704514,1862,8,4260520,6476251,6704514,228263,2443994,228263,2215731,0,0
6705639,1848,1,4225088,6476251,6705639,229388,2480551,229388,2251163,0,0
6707043,345,1,1609078,6476251,6707043,230792,5097965,230792,4867173,0,0
6708490,1167,4,3163733,6477249,6708490,231241,3544757,231241,3313516,0,0
6730454,1842,4,4221846,6497103,6730454,233351,2508608,233351,2275257,0,0
6836936,307,8,1604537,6600934,6836936,236002,5232399,236002,4996397,0,0
6872666,274,4,1550798,6636440,6872666,236226,5321868,236226,5085642,0,0
6873417,1436,1,3516025,6636440,6873417,236977,3357392,236977,3120415,0,0
6873594,1363,1,3419422,6636440,6873594,237154,3454172,237154,3217018,0,0
6895090,1604,8,3769926,6657915,6895090,237175,3125164,237175,2887989,0,0
6896121,913,1,2777405,6657915,6896121,238206,4118716,238206,3880510,0,0
6896553,1399,8,3448088,6657915,6896553,238638,3448465,238638,3209827,0,0
6897080,1675,4,3937203,6657915,6897080,239165,2959877,239165,2720712,0,0
6905058,679,8,2234074,6665831,6905058,239227,4670984,239227,4431757,0,0
6906466,294,1,1593064,6665831,6906466,240635,5313402,240635,5072767,0,0
6906676,923,1,2790636,6665831,6906676,240845,4116040,240845,3875195,0,0
6906901,1233,1,3193663,6665831,6906901,241070,3713238,241070,3472168,0,0
6912669,303,4,1602535,6669563,6912669,243106,5310134,243106,5067028,0,0
6913569,1858,4,4256980,6669563,6913569,244006,2656589,244006,2412583,0,0
6913570,1216,1,3193593,6669563,6913570,244007,3719977,244007,3475970,0,0
6948814,1957,4,4392357,6704514,6948814,244300,2556457,244300,2312157,0,0
6948963,72,1,1030698,6704514,6948963,244449,5918265,244449,5673816,0,0
6950752,659,4,2204380,6704514,6950752,246238,4746372,246238,4500134,0,0
6951232,407,1,1690862,6704514,6951232,246718,5260370,246718,5013652,0,0
6952090,1215,1,3193590,6704514,6952090,247576,3758500,247576,3510924,0,0
6953363,329,1,1608914,6705639,6953363,247724,5344449,247724,5096725,0,0
7056072,23,16,926406,926406,7056072,6129666,6129666,6129666,0,0,0
7084778,211,16,1275933,6836936,7084778,247842,5808845,247842,5561003,0,0
7120774,852,4,2671185,6872666,7120774,248108,4449589,248108,4201481,0,0
7151274,1761,8,4053758,6895090,7151274,256184,3097516,256184,2841332,0,0
7151399,284,1,1592975,6895090,7151399,256309,5558424,256309,5302115,0,0
7154179,245,4,1373901,6896553,7154179,257626,5780278,257626,5522652,0,0
7154378,1885,1,4298860,6896553,7154378,257825,2855518,257825,2597693,0,0
7154579,1985,4,4485874,6896553,7154579,258026,2668705,258026,2410679,0,0
7155677,953,4,2811641,6897080,7155677,258597,4344036,258597,4085439,0,0
7164108,299,4,1601071,6905058,7164108,259050,5563037,259050,5303987,0,0
7164397,853,1,2671801,6905058,7164397,259339,4492596,259339,4233257,0,0
7164659,828,4,2553029,6905058,7164659,259601,4611630,259601,4352029,0,0
7175277,1849,8,4225292,6913569,7175277,261708,2949985,261708,2688277,0,0
7211436,469,4,1712122,6948814,7211436,262622,5499314,262622,5236692,0,0
7216875,1148,8,3099547,6952090,7216875,264785,4117328,264785,3852543,0,0
7321251,1588,8,3718944,7056072,7321251,265179,3602307,265179,3337128,0,0
7350368,1478,16,3595699,7084778,7350368,265590,3754669,265590,3489079,0,0
7352567,698,8,2305032,7084778,7352567,267789,5047535,267789,4779746,0,0
7353066,1439,1,3517155,7084778,7353066,268288,3835911,268288,3567623,0,0
7389140,849,4,2666580,7120774,7389140,268366,4722560,268366,4454194,0,0
7389183,409,1,1690866,7120774,7389183,268409,5698317,268409,5429908,0,0
7420300,830,8,2560075,7151274,7420300,269026,4860225,269026,4591199,0,0
7421651,994,1,2877562,7151274,7421651,270377,4544089,270377,4273712,0,0
7422483,292,1,1593050,7151274,7422483,271209,5829433,271209,5558224,0,0
7423473,1070,1,3004977,7151274,7423473,272199,4418496,272199,4146297,0,0
7427227,621,8,2126772,7154579,7427227,272648,5300455,272648,5027807,0,0
7428417,311,1,1608755,7154579,7428417,273838,5819662,273838,5545824,0,0
7429830,501,1,1862795,7154579,7429830,275251,5567035,275251,5291784,0,0
7434494,316,1,1608793,7155677,7434494,278817,5825701,278817,5546884,0,0
7435179,1569,1,3705944,7155677,7435179,279502,3729235,279502,3449733,0,0
7444178,802,8,2492333,7164659,7444178,279519,4951845,279519,4672326,0,0
7455031,56,8,1005202,7175277,7455031,279754,6449829,279754,6170075,0,0
7457130,1107,1,3056638,7175277,7457130,281853,4400492,281853,4118639,0,0
7603255,1307,16,3362445,7321251,7603255,282004,4240810,282004,3958806,0,0
7604388,612,1,2008376,7321251,7604388,283137,5596012,283137,5312875,0,0
7605613,502,4,1863192,7321251,7605613,284362,5742421,284362,5458059,0,0
7606685,1493,1,3615392,7321251,7606685,285434,3991293,285434,3705859,0,0
7636133,1702,1,3961236,7350368,7636133,285765,3674897,285765,3389132,0,0
7638557,236,16,1368361,7352567,7638557,285990,6270196,285990,5984206,0,0
7640471,1302,1,3362054,7352567,7640471,287904,4278417,287904,3990513,0,0
7641276,342,1,1609055,7352567,7641276,288709,6032221,288709,5743512,0,0
7641946,577,4,1999867,7352567,7641946,289379,5642079,289379,5352700,0,0
7709984,771,8,2435862,7420300,7709984,289684,5274122,289684,4984438,0,0
7710936,1452,1,3529517,7420300,7710936,290636,4181419,290636,3890783,0,0
7712703,1349,1,3402969,7420300,7712703,292403,4309734,292403,4017331,0,0
7721726,1275,8,3356017,7427227,7721726,294499,4365709,294499,4071210,0,0
7723682,1832,1,4208644,7427227,7723682,296455,3515038,296455,3218583,0,0
7724154,1406,1,3482800,7427227,7724154,296927,4241354,296927,3944427,0,0
7724398,1388,1,3444873,7427227,7724398,297171,4279525,297171,3982354,0,0
7726312,805,1,2497520,7427227,7726312,299085,5228792,299085,4929707,0,0
7755893,1408,16,3484665,7455031,7755893,300862,4271228,300862,3970366,0,0
7757037,588,1,2007737,7455031,7757037,302006,5749300,302006,5447294,0,0
7762025,7,8,671239,671239,7762025,7090786,7090786,7090786,0,0,0
7905832,506,8,1872651,7603255,7905832,302577,6033181,302577,5730604,0,0
7907481,457,1,1691957,7603255,7907481,304226,6215524,304226,5911298,0,0
7907723,1295,1,3360396,7603255,7907723,304468,4547327,304468,4242859,0,0
7910955,1500,1,3616971,7603255,7910955,307700,4293984,307700,3986284,0,0
7912887,591,1,2007912,7603255,7912887,309632,5904975,309632,5595343,0,0
7913365,1673,4,3935370,7603255,7913365,310110,3977995,310110,3667885,0,0
7913690,504,1,1864812,7603255,7913690,310435,6048878,310435,5738443,0,0
7913902,168,1,1178118,7603255,7913902,310647,6735784,310647,6425137,0,0
7917081,1805,8,4138343,7605613,7917081,311468,3778738,311468,3467270,0,0
7950112,860,8,2725043,7638557,7950112,311555,5225069,311555,4913514,0,0
7952426,904,1,2762982,7638557,7952426,313869,5189444,313869,4875575,0,0
7952524,165,1,1167735,7638557,7952524,313967,6784789,313967,6470822,0,0
7957809,1692,1,3959146,7638557,7957809,319252,3998663,319252,3679411,0,0
8029669,804,16,2495758,7709984,8029669,319685,5533911,319685,5214226,0,0
8042101,1790,8,4120747,7721726,8042101,320375,3921354,320375,3600979,0,0
8077484,1974,8,4438429,7755893,8077484,321591,3639055,321591,3317464,0,0
8079457,1303,1,3362076,7755893,8079457,323564,4717381,323564,4393817,0,0
8079930,1798,1,4125138,7755893,8079930,324037,3954792,324037,3630755,0,0
8080774,1568,1,3705784,7755893,8080774,324881,4374990,324881,4050109,0,0
8083066,1289,1,3360183,7755893,8083066,327173,4722883,327173,4395710,0,0
8086484,1942,8,4363039,7755893,8086484,330591,3723445,330591,3392854,0,0
8089763,877,1,2738257,7755893,8089763,333870,5351506,333870,5017636,0,0
8096399,719,8,2325593,7762025,8096399,334374,5770806,334374,5436432,0,0
8250659,65,16,1023955,7913365,8250659,337294,7226704,337294,6889410,0,0
8252966,579,4,1999909,7913902,8252966,339064,6253057,339064,5913993,0,0
8289468,279,16,1583559,7950112,8289468,339356,6705909,339356,6366553,0,0
8289617,326,1,1608886,7950112,8289617,339505,6680731,339505,6341226,0,0
8373275,786,8,2479196,8029669,8373275,343606,5894079,343606,5550473,0,0
8373540,1016,1,2893671,8029669,8373540,343871,5479869,343871,5135998,0,0
8389838,74,16,1041491,8042101,8389838,347737,7348347,347737,7000610,0,0
8425828,1810,8,4151057,8077484,8425828,348344,4274771,348344,3926427,0,0
8426496,1072,1,3005325,8077484,8426496,349012,5421171,349012,5072159,0,0
8426791,297,4,1601032,8077484,8426791,349307,6825759,349307,6476452,0,0
8436271,721,7,2329770,8086484,8436271,349787,6106501,349787,5756714,0,0
8446674,723,8,2330062,8096399,8446674,350275,6116612,350275,5766337,0,0
8600974,68,8,1025799,8250659,8600974,350315,7575175,350315,7224860,0,0
8601032,1005,1,2886973,8250659,8601032,350373,5714059,350373,5363686,0,0
8601205,734,8,2372549,8250659,8601205,350546,6228656,350546,5878110,0,0
8604198,1884,1,4298657,8250659,8604198,353539,4305541,353539,3952002,0,0
8605041,92,1,1087027,8250659,8605041,354382,7518014,354382,7163632,0,0
8605329,549,1,1966249,8250659,8605329,354670,6639080,354670,6284410,0,0
8605468,1498,1,3616820,8250659,8605468,354809,4988648,354809,4633839,0,0
8606241,1377,1,3437326,8250659,8606241,355582,5168915,355582,4813333,0,0
8608048,1127,1,3072346,8250659,8608048,357389,5535702,357389,5178313,0,0
8610806,160,1,1167323,8250659,8610806,360147,7443483,360147,7083336,0,0
8654339,1784,8,4105774,8289468,8654339,364871,4548565,364871,4183694,0,0
8655110,1007,1,2889623,8289468,8655110,365642,5765487,365642,5399845,0,0
8655902,1285,1,3359789,8289468,8655902,366434,5296113,366434,4929679,0,0
8656645,716,8,2322470,8289468,8656645,367177,6334175,367177,5966998,0,0
8742251,262,4,1498794,8373275,8742251,368976,7243457,368976,6874481,0,0
8746163,1837,1,4214501,8373275,8746163,372888,4531662,372888,4158774,0,0
8763730,910,8,2769942,8389838,8763730,373892,5993788,373892,5619896,0,0
8767099,1025,8,2899350,8389838,8767099,377261,5867749,377261,5490488,0,0
8803307,746,8,2388184,8425828,8803307,377479,6415123,377479,6037644,0,0
8804175,989,4,2855387,8425828,8804175,378347,5948788,378347,5570441,0,0
8805167,1386,1,3444367,8425828,8805167,379339,5360800,379339,4981461,0,0
8806566,244,4,1373136,8426791,8806566,379775,7433430,379775,7053655,0,0
8817651,964,4,2828503,8436271,8817651,381380,5989148,381380,5607768,0,0
8823140,610,1,2008353,8436271,8823140,386869,6814787,386869,6427918,0,0
8988506,1680,16,3947235,8600974,8988506,387532,5041271,387532,4653739,0,0
9043355,33,16,952206,8654339,9043355,389016,8091149,389016,7702133,0,0
9043643,590,1,2007847,8654339,9043643,389304,7035796,389304,6646492,0,0
9043720,1031,1,2910102,8654339,9043720,389381,6133618,389381,5744237,0,0
9044149,1794,1,4124658,8654339,9044149,389810,4919491,389810,4529681,0,0
9045157,594,1,2007948,8654339,9045157,390818,7037209,390818,6646391,0,0
9046917,883,8,2742538,8655902,9046917,391015,6304379,391015,5913364,0,0
9049132,1128,1,3072686,8655902,9049132,393230,5976446,393230,5583216,0,0
9051141,1741,4,4021739,8656645,9051141,394496,5029402,394496,4634906,0,0
9051665,426,1,1690924,8656645,9051665,395020,7360741,395020,6965721,0,0
9055631,625,1,2149233,8656645,9055631,398986,6906398,398986,6507412,0,0
9057602,1132,1,3079575,8656645,9057602,400957,5978027,400957,5577070,0,0
9061196,932,1,2801445,8656645,9061196,404551,6259751,404551,5855200,0,0
9061552,52,4,1000852,8656645,9061552,404907,8060700,404907,7655793,0,0
9169152,266,8,1523791,8763730,9169152,405422,7645361,405422,7239939,0,0
9169898,657,4,2199808,8763730,9169898,406168,6970090,406168,6563922,0,0
9173449,1666,8,3876531,8767099,9173449,406350,5296918,406350,4890568,0,0
9211058,1299,8,3361217,8803307,9211058,407751,5849841,407751,5442090,0,0
9214504,772,8,2446000,8806566,9214504,407938,6768504,407938,6360566,0,0
9215401,926,1,2796380,8806566,9215401,408835,6419021,408835,6010186,0,0
9215860,554,1,1969507,8806566,9215860,409294,7246353,409294,6837059,0,0
9228524,838,2,2662112,8817651,9228524,410873,6566412,410873,6155539,0,0
9400965,1165,4,3156678,8988506,9400965,412459,6244287,412459,5831828,0,0
9404229,529,4,1943224,8988506,9404229,415723,7461005,415723,7045282,0,0
9404235,496,4,1846107,8988506,9404235,415729,7558128,415729,7142399,0,0
9404274,1020,1,2894811,8988506,9404274,415768,6509463,415768,6093695,0,0
9404887,796,1,2484191,8988506,9404887,416381,6920696,416381,6504315,0,0
9405014,293,1,1593057,8988506,9405014,416508,7811957,416508,7395449,0,0
9459946,1435,8,3515188,9043355,9459946,416591,5944758,416591,5528167,0,0
9462664,797,1,2484263,9043355,9462664,419309,6978401,419309,6559092,0,0
9462667,1125,1,3070169,9043355,9462667,419312,6392498,419312,5973186,0,0
9463356,845,4,2662324,9043355,9463356,420001,6801032,420001,6381031,0,0
9463499,1557,1,3694117,9043355,9463499,420144,5769382,420144,5349238,0,0
9466388,835,2,2662056,9043355,9466388,423033,6804332,423033,6381299,0,0
9470366,811,8,2512642,9046917,9470366,423449,6957724,423449,6534275,0,0
9470528,834,2,2662033,9046917,9470528,423611,6808495,423611,6384884,0,0
9488349,652,8,2190994,9061552,9488349,426797,7297355,426797,6870558,0,0
9599272,765,8,2419952,9169152,9599272,430120,7179320,430120,6749200,0,0
9603972,183,4,1245265,9169898,9603972,434074,8358707,434074,7924633,0,0
9607736,1130,8,3075245,9173449,9607736,434287,6532491,434287,6098204,0,0
9608533,1487,1,3604303,9173449,9608533,435084,6004230,435084,5569146,0,0
9610098,611,1,2008366,9173449,9610098,436649,7601732,436649,7165083,0,0
9611627,255,1,1450085,9173449,9611627,438178,8161542,438178,7723364,0,0
9612312,794,1,2483310,9173449,9612312,438863,7129002,438863,6690139,0,0
9613617,1241,1,3237897,9173449,9613617,440168,6375720,440168,5935552,0,0
9613780,1394,1,3445013,9173449,9613780,440331,6168767,440331,5728436,0,0
9651828,281,4,1587106,9211058,9651828,440770,8064722,440770,7623952,0,0
9844756,763,16,2413166,9400965,9844756,443791,7431590,443791,6987799,0,0
9849912,1382,1,3442593,9400965,9849912,448947,6407319,448947,5958372,0,0
9854054,940,8,2807448,9404235,9854054,449819,7046606,449819,6596787,0,0
9854569,1355,1,3409908,9404235,9854569,450334,6444661,450334,5994327,0,0
9911318,1743,8,4029548,9459946,9911318,451372,5881770,451372,5430398,0,0
9913141,1161,1,3137006,9459946,9913141,453195,6776135,453195,6322940,0,0
9918741,87,1,1078499,9459946,9918741,458795,8840242,458795,8381447,0,0
9922520,855,4,2703279,9463356,9922520,459164,7219241,459164,6760077,0,0
9923973,1704,1,3961442,9463356,9923973,460617,5962531,460617,5501914,0,0
9924911,562,2,1979101,9463356,9924911,461555,7945810,461555,7484255,0,0
9934965,1029,8,2907856,9470366,9934965,464599,7027109,464599,6562510,0,0
9936512,350,1,1609133,9470366,9936512,466146,8327379,466146,7861233,0,0
9955412,1113,8,3059668,9488349,9955412,467063,6895744,467063,6428681,0,0
10066807,958,8,2822534,9599272,10066807,467535,7244273,467535,6776738,0,0
10069283,1999,1,4508448,9599272,10069283,470011,5560835,470011,5090824,0,0
10074225,858,8,2705757,9603972,10074225,470253,7368468,470253,6898215,0,0
10078369,921,4,2788649,9607736,10078369,470633,7289720,470633,6819087,0,0
10078531,1888,1,4299244,9607736,10078531,470795,5779287,470795,5308492,0,0
10079822,324,1,1608857,9607736,10079822,472086,8470965,472086,7998879,0,0
10318396,1418,16,3500440,9844756,10318396,473640,6817956,473640,6344316,0,0
10320368,776,2,2450480,9844756,10320368,475612,7869888,475612,7394276,0,0
10321664,1449,1,3525329,9844756,10321664,476908,6796335,476908,6319427,0,0
10323078,1898,1,4307079,9844756,10323078,478322,6015999,478322,5537677,0,0
10326167,1973,4,4434399,9844756,10326167,481411,5891768,481411,5410357,0,0
10329381,596,1,2007980,9844756,10329381,484625,8321401,484625,7836776,0,0
10329560,491,1,1842658,9844756,10329560,484804,8486902,484804,8002098,0,0
10333260,920,1,2787947,9844756,10333260,488504,7545313,488504,7056809,0,0
10333361,1049,1,2980720,9844756,10333361,488605,7352641,488605,6864036,0,0
10343496,1998,8,4505802,9854054,10343496,489442,5837694,489442,5348252,0,0
10400794,683,8,2239109,9911318,10400794,489476,8161685,489476,7672209,0,0
10401328,1126,1,3070500,9911318,10401328,490010,7330828,490010,6840818,0,0
10403327,1780,1,4101388,9911318,10403327,492009,6301939,492009,5809930,0,0
10404021,1952,4,4384596,9911318,10404021,492703,6019425,492703,5526722,0,0
10432312,1142,8,3088041,9934965,10432312,497347,7344271,497347,6846924,0,0
10433620,1061,1,2991731,9934965,10433620,498655,7441889,498655,6943234,0,0
10454080,225,8,1300071,9955412,10454080,498668,9154009,498668,8655341,0,0
10455276,1332,1,3369102,9955412,10455276,499864,7086174,499864,6586310,0,0
10455934,1934,1,4353128,9955412,10455934,500522,6102806,500522,5602284,0,0
10458960,1589,4,3744316,9955412,10458960,503548,6714644,503548,6211096,0,0
10460630,508,1,1874026,9955412,10460630,505218,8586604,505218,8081386,0,0
10461250,525,1,1934900,9955412,10461250,505838,8526350,505838,8020512,0,0
10464191,104,1,1095751,9955412,10464191,508779,9368440,508779,8859661,0,0
10465918,1683,1,3949616,9955412,10465918,510506,6516302,510506,6005796,0,0
10580256,137,1,1161592,10066807,10580256,513449,9418664,513449,8905215,0,0
10589857,208,8,1272262,10074225,10589857,515632,9317595,515632,8801963,0,0
10594595,389,1,1690738,10074225,10594595,520370,8903857,520370,8383487,0,0
10594609,395,1,1690780,10074225,10594609,520384,8903829,520384,8383445,0,0
10595446,112,1,1099054,10074225,10595446,521221,9496392,521221,8975171,0,0
10597831,157,1,1165508,10074225,10597831,523606,9432323,523606,8908717,0,0
10602191,1620,8,3790518,10078369,10602191,523822,6811673,523822,6287851,0,0
10605503,82,1,1064215,10078531,10605503,526972,9541288,526972,9014316,0,0
10608097,331,1,1608929,10079822,10608097,528275,8999168,528275,8470893,0,0
10847379,1333,4,3370210,10318396,10847379,528983,7477169,528983,6948186,0,0
10848008,1404,1,3458247,10318396,10848008,529612,7389761,529612,6860149,0,0
10849789,433,1,1691387,10318396,10849789,531393,9158402,531393,8627009,0,0
10851079,135,1,1161554,10318396,10851079,532683,9689525,532683,9156842,0,0
10851682,45,4,991447,10318396,10851682,533286,9860235,533286,9326949,0,0
10863630,666,8,2215343,10326167,10863630,537463,8648287,537463,8110824,0,0
10881304,1940,8,4355438,10343496,10881304,537808,6525866,537808,5988058,0,0
10883637,1795,1,4124720,10343496,10883637,540141,6758917,540141,6218776,0,0
10943466,246,4,1378443,10400794,10943466,542672,9565023,542672,9022351,0,0
10954046,1028,8,2907066,10404021,10954046,550025,8046980,550025,7496955,0,0
10984653,650,8,2189591,10432312,10984653,552341,8795062,552341,8242721,0,0
10985257,739,1,2377051,10432312,10985257,552945,8608206,552945,8055261,0,0
10986423,848,1,2662435,10432312,10986423,554111,8323988,554111,7769877,0,0
10987690,1378,1,3437452,10432312,10987690,555378,7550238,555378,6994860,0,0
10987912,1811,1,4156320,10432312,10987912,555600,6831592,555600,6275992,0,0
11009809,1380,8,3439192,10454080,11009809,555729,7570617,555729,7014888,0,0
11013189,1356,1,3411546,10454080,11013189,559109,7601643,559109,7042534,0,0
11013952,48,1,996568,10454080,11013952,559872,10017384,559872,9457512,0,0
11027800,897,8,2755596,10465918,11027800,561882,8272204,561882,7710322,0,0
11154264,846,4,2662348,10589857,11154264,564407,8491916,564407,7927509,0,0
11154984,60,4,1020508,10589857,11154984,565127,10134476,565127,9569349,0,0
11155031,630,1,2152257,10589857,11155031,565174,9002774,565174,8437600,0,0
11155052,1074,1,3005404,10589857,11155052,565195,8149648,565195,7584453,0,0
11155433,51,1,999843,10589857,11155433,565576,10155590,565576,9590014,0,0
11158341,1953,1,4384611,10589857,11158341,568484,6773730,568484,6205246,0,0
11158973,1886,1,4298927,10589857,11158973,569116,6860046,569116,6290930,0,0
11160728,553,1,1968041,10589857,11160728,570871,9192687,570871,8621816,0,0
11161265,839,1,2662181,10589857,11161265,571408,8499084,571408,7927676,0,0
11173756,1342,4,3399195,10602191,11173756,571565,7774561,571565,7202996,0,0
11423377,623,8,2136763,10847379,11423377,575998,9286614,575998,8710616,0,0
11429320,494,4,1845683,10851682,11429320,577638,9583637,577638,9005999,0,0
11441622,210,8,1273276,10863630,11441622,577992,10168346,577992,9590354,0,0
11464065,1987,4,4486847,10881304,11464065,582761,6977218,582761,6394457,0,0
11466644,1585,1,3708773,10881304,11466644,585340,7757871,585340,7172531,0,0
11534913,61,8,1022485,10943466,11534913,591447,10512428,591447,9920981,0,0
11546906,523,4,1931786,10954046,11546906,592860,9615120,592860,9022260,0,0
11546989,1416,4,3499991,10954046,11546989,592943,8046998,592943,7454055,0,0
11577831,1605,8,3770058,10984653,11577831,593178,7807773,593178,7214595,0,0
11577851,1933,1,4353128,10984653,11577851,593198,7224723,593198,6631525,0,0
11581070,1725,1,4006238,10984653,11581070,596417,7574832,596417,6978415,0,0
11608136,1469,8,3571147,11009809,11608136,598327,8036989,598327,7438662,0,0
11628629,700,8,2305409,11027800,11628629,600829,9323220,600829,8722391,0,0
11628773,1390,1,3444910,11027800,11628773,600973,8183863,600973,7582890,0,0
11635023,543,1,1964282,11027800,11635023,607223,9670741,607223,9063518,0,0
11637723,227,2,1322871,11027800,11637723,609923,10314852,609923,9704929,0,0
11640152,1027,1,2905196,11027800,11640152,612352,8734956,612352,8122604,0,0
11643202,998,1,2882011,11027800,11643202,615402,8761191,615402,8145789,0,0
11645402,1984,4,4485312,11027800,11645402,617602,7160090,617602,6542488,0,0
11774416,753,4,2406387,11154264,11774416,620152,9368029,620152,8747877,0,0
11781579,732,8,2365646,11160728,11781579,620851,9415933,620851,8795082,0,0
12044833,726,8,2336802,11423377,12044833,621456,9708031,621456,9086575,0,0
12046949,731,1,2365059,11423377,12046949,623572,9681890,623572,9058318,0,0
12047225,340,1,1609023,11423377,12047225,623848,10438202,623848,9814354,0,0
12054171,581,8,2001905,11429320,12054171,624851,10052266,624851,9427415,0,0
12068606,1562,8,3703503,11441622,12068606,626984,8365103,626984,7738119,0,0
12069932,234,1,1359082,11441622,12069932,628310,10710850,628310,10082540,0,0
12166712,1309,8,3362801,11534913,12166712,631799,8803911,631799,8172112,0,0
12167799,1929,1,4353125,11534913,12167799,632886,7814674,632886,7181788,0,0
12170590,268,4,1542152,11534913,12170590,635677,10628438,635677,9992761,0,0
12194391,1808,8,4139733,11546989,12194391,647402,8054658,647402,7407256,0,0
12257241,930,16,2800248,11608136,12257241,649105,9456993,649105,8807888,0,0
12261143,129,1,1157802,11608136,12261143,653007,11103341,653007,10450334,0,0
12282541,1256,4,3310232,11628629,12282541,653912,8972309,653912,8318397,0,0
12282583,915,2,2782611,11628629,12282583,653954,9499972,653954,8846018,0,0
12294690,988,8,2855060,11640152,12294690,654538,9439630,654538,8785092,0,0
12300379,1592,4,3746495,11645402,12300379,654977,8553884,654977,7898907,0,0
12302136,127,1,1152816,11645402,12302136,656734,11149320,656734,10492586,0,0
12302933,138,1,1161607,11645402,12302933,657531,11141326,657531,10483795,0,0
12302938,1296,1,3360548,11645402,12302938,657536,8942390,657536,8284854,0,0
12308062,942,1,2808913,11645402,12308062,662660,9499149,662660,8836489,0,0
12449133,1751,4,4040500,11774416,12449133,674717,8408633,674717,7733916,0,0
12453556,1181,1,3193441,11774416,12453556,679140,9260115,679140,8580975,0,0
12470610,735,4,2373644,11781579,12470610,689031,10096966,689031,9407935,0,0
12470793,1567,1,3705704,11781579,12470793,689214,8765089,689214,8075875,0,0
12473553,1321,1,3365150,11781579,12473553,691974,9108403,691974,8416429,0,0
12478420,1409,1,3485998,11781579,12478420,696841,8992422,696841,8295581,0,0
12747357,219,4,1284627,12044833,12747357,702524,11462730,702524,10760206,0,0
12774226,1340,16,3374496,12068606,12774226,705620,9399730,705620,8694110,0,0
12775034,1042,1,2972754,12068606,12775034,706428,9802280,706428,9095852,0,0
12874509,38,8,961993,12166712,12874509,707797,11912516,707797,11204719,0,0
12875480,471,4,1712391,12166712,12875480,708768,11163089,708768,10454321,0,0
12905936,668,8,2220318,12194391,12905936,711545,10685618,711545,9974073,0,0
12970963,587,8,2007731,12257241,12970963,713722,10963232,713722,10249510,0,0
12971751,489,1,1842565,12257241,12971751,714510,11129186,714510,10414676,0,0
12973447,1639,2,3798179,12257241,12973447,716206,9175268,716206,8459062,0,0
12974362,1816,1,4174044,12257241,12974362,717121,8800318,717121,8083197,0,0
12974681,1258,1,3316252,12257241,12974681,717440,9658429,717440,8940989,0,0
12975005,1735,1,4016780,12257241,12975005,717764,8958225,717764,8240461,0,0
12976029,1906,4,4309920,12257241,12976029,718788,8666109,718788,7947321,0,0
13005800,722,8,2329815,12282541,13005800,723259,10675985,723259,9952726,0,0
13006535,633,1,2152871,12282541,13006535,723994,10853664,723994,10129670,0,0
13025399,801,8,2487790,12294690,13025399,730709,10537609,730709,9806900,0,0
13026019,1712,1,3961974,12294690,13026019,731329,9064045,731329,8332716,0,0
13034638,902,4,2759413,12300379,13034638,734259,10275225,734259,9540966,0,0
13041335,629,1,2152220,12300379,13041335,740956,10889115,740956,10148159,0,0
13216483,565,8,1980098,12470610,13216483,745873,11236385,745873,10490512,0,0
13521785,881,8,2739645,12774226,13521785,747559,10782140,747559,10034581,0,0
13527657,764,8,2419614,12774226,13527657,753431,11108043,753431,10354612,0,0
13527657,1777,1,4095020,12774226,13527657,753431,9432637,753431,8679206,0,0
13528414,1807,4,4139356,12774226,13528414,754188,9389058,754188,8634870,0,0
13628974,298,4,1601053,12874509,13628974,754465,12027921,754465,11273456,0,0
13629563,1517,1,3622500,12874509,13629563,755054,10007063,755054,9252009,0,0
13661073,859,8,2712874,12905936,13661073,755137,10948199,755137,10193062,0,0
13726274,1920,8,4323830,12970963,13726274,755311,9402444,755311,8647133,0,0
13726368,1509,1,3618303,12970963,13726368,755405,10108065,755405,9352660,0,0
13730190,1660,8,3849703,12974362,13730190,755828,9880487,755828,9124659,0,0
13736533,1610,8,3777291,12976029,13736533,760504,9959242,760504,9198738,0,0
13737668,1516,1,3622423,12976029,13737668,761639,10115245,761639,9353606,0,0
13737979,1122,1,3068173,12976029,13737979,761950,10669806,761950,9907856,0,0
13738169,1059,1,2991710,12976029,13738169,762140,10746459,762140,9984319,0,0
13790781,1032,16,2917513,13025399,13790781,765382,10873268,765382,10107886,0,0
13815695,1375,8,3435762,13041335,13815695,774360,10379933,774360,9605573,0,0
13991107,1773,4,4089784,13216483,13991107,774624,9901323,774624,9126699,0,0
13992698,803,1,2495753,13216483,13992698,776215,11496945,776215,10720730,0,0
13993771,704,1,2308795,13216483,13993771,777288,11684976,777288,10907688,0,0
13994029,832,1,2632713,13216483,13994029,777546,11361316,777546,10583770,0,0
13995684,40,1,981636,13216483,13995684,779201,13014048,779201,12234847,0,0
13996040,306,4,1603522,13216483,13996040,779557,12392518,779557,11612961,0,0
14302522,908,8,2769355,13521785,14302522,780737,11533167,780737,10752430,0,0
14303119,1103,1,3055589,13521785,14303119,781334,11247530,781334,10466196,0,0
14309053,1748,8,4037207,13527657,14309053,781396,10271846,781396,9490450,0,0
14412011,1398,8,3447475,13628974,14412011,783037,10964536,783037,10181499,0,0
14412391,187,1,1245511,13628974,14412391,783417,13166880,783417,12383463,0,0
14461993,517,8,1895072,13661073,14461993,800920,12566921,800920,11766001,0,0
14462314,609,1,2008335,13661073,14462314,801241,12453979,801241,11652738,0,0
14528227,542,8,1961540,13726274,14528227,801953,12566687,801953,11764734,0,0
14534266,967,4,2830160,13730190,14534266,804076,11704106,804076,10900030,0,0
14595441,701,16,2305606,13790781,14595441,804660,12289835,804660,11485175,0,0
14600790,189,1,1245524,13790781,14600790,810009,13355266,810009,12545257,0,0
14601274,185,8,1245296,13790781,14601274,810493,13355978,810493,12545485,0,0
14602726,1023,1,2898363,13790781,14602726,811945,11704363,811945,10892418,0,0
14603546,1004,1,2883291,13790781,14603546,812765,11720255,812765,10907490,0,0
14638998,733,8,2366023,13815695,14638998,823303,12272975,823303,11449672,0,0
14647493,974,4,2837460,13815695,14647493,831798,11810033,831798,10978235,0,0
14650053,608,1,2008311,13815695,14650053,834358,12641742,834358,11807384,0,0
14831093,493,8,1845539,13996040,14831093,835053,12985554,835053,12150501,0,0
14833163,1818,1,4185054,13996040,14833163,837123,10648109,837123,9810986,0,0
15142839,541,8,1959609,14302522,15142839,840317,13183230,840317,12342913,0,0
15146029,906,1,2768096,14302522,15146029,843507,12377933,843507,11534426,0,0
15147328,547,1,1966174,14302522,15147328,844806,13181154,844806,12336348,0,0
15153862,976,8,2838710,14309053,15153862,844809,12315152,844809,11470343,0,0
15154553,77,1,1061017,14309053,15154553,845500,14093536,845500,13248036,0,0
15155727,1647,1,3827424,14309053,15155727,846674,11328303,846674,10481629,0,0
15259131,818,4,2533763,14412011,15259131,847120,12725368,847120,11878248,0,0
15259427,524,1,1934815,14412011,15259427,847416,13324612,847416,12477196,0,0
15264903,302,2,1601625,14412011,15264903,852892,13663278,852892,12810386,0,0
15314973,483,8,1774938,14461993,15314973,852980,13540035,852980,12687055,0,0
15315342,1297,1,3360708,14461993,15315342,853349,11954634,853349,11101285,0,0
15384600,751,8,2405183,14528227,15384600,856373,12979417,856373,12123044,0,0
15456962,1090,8,3045237,14595441,15456962,861521,12411725,861521,11550204,0,0
15461625,589,1,2007756,14595441,15461625,866184,13453869,866184,12587685,0,0
15462822,464,1,1692174,14595441,15462822,867381,13770648,867381,12903267,0,0
15464341,375,1,1690292,14595441,15464341,868900,13774049,868900,12905149,0,0
15468024,727,1,2342253,14595441,15468024,872583,13125771,872583,12253188,0,0
15468200,1936,8,4353723,14595441,15468200,872759,11114477,872759,10241718,0,0
15486530,0,1,0,0,15486530,15486530,15486530,15486530,0,0,0
15514263,1033,16,2924100,14638998,15514263,875265,12590163,875265,11714898,0,0
15514458,380,1,1690344,14638998,15514458,875460,13824114,875460,12948654,0,0
15515235,1964,1,4420096,14638998,15515235,876237,11095139,876237,10218902,0,0
15517107,1879,1,4291700,14638998,15517107,878109,11225407,878109,10347298,0,0
15517589,1366,1,3426265,14638998,15517589,878591,12091324,878591,11212733,0,0
15526708,1904,4,4309171,14647493,15526708,879215,11217537,879215,10338322,0,0
15535512,162,1,1167697,14647493,15535512,888019,14367815,888019,13479796,0,0
15730036,1866,4,4263429,14831093,15730036,898943,11466607,898943,10567664,0,0
15732917,176,1,1233879,14831093,15732917,901824,14499038,901824,13597214,0,0
16058195,1269,16,3343960,15153862,16058195,904333,12714235,904333,11809902,0,0
16058761,143,1,1165268,15153862,16058761,904899,14893493,904899,13988594,0,0
16059914,949,1,2811277,15153862,16059914,906052,13248637,906052,12342585,0,0
16071564,1243,1,3251588,15153862,16071564,917702,12819976,917702,11902274,0,0
16071573,823,4,2541525,15153862,16071573,917711,13530048,917711,12612337,0,0
16075503,1556,1,3692921,15153862,16075503,921641,12382582,921641,11460941,0,0
16238071,510,8,1875106,15314973,16238071,923098,14362965,923098,13439867,0,0
16239898,1663,1,3864395,15314973,16239898,924925,12375503,924925,11450578,0,0
16243527,1019,1,2893851,15314973,16243527,928554,13349676,928554,12421122,0,0
16313598,1329,8,3367724,15384600,16313598,928998,12945874,928998,12016876,0,0
16397240,1239,16,3227030,15468200,16397240,929040,13170210,929040,12241170,0,0
16406480,1334,4,3370237,15468200,16406480,938280,13036243,938280,12097963,0,0
16455932,1277,20,3357934,15517589,16455932,938343,13097998,938343,12159655,0,0
16675341,1414,8,3498818,15730036,16675341,945305,13176523,945305,12231218,0,0
17005142,1036,16,2941883,16058195,17005142,946947,14063259,946947,13116312,0,0
17033462,1109,8,3057117,16071573,17033462,961889,13976345,961889,13014456,0,0
17205458,1482,8,3601585,16238071,17205458,967387,13603873,967387,12636486,0,0
17218689,1760,8,4053733,16239898,17218689,978791,13164956,978791,12186165,0,0
17293705,125,8,1133603,16313598,17293705,980107,16160102,980107,15179995,0,0
17379101,1172,8,3167276,16397240,17379101,981861,14211825,981861,13229964,0,0
17439726,1242,16,3244126,16455932,17439726,983794,14195600,983794,13211806,0,0
17446302,325,1,1608864,16455932,17446302,990370,15837438,990370,14847068,0,0
17449907,842,1,2662251,16455932,17449907,993975,14787656,993975,13793681,0,0
17452717,1812,8,4158422,16455932,17452717,996785,13294295,996785,12297510,0,0
17453480,1946,8,4372263,16455932,17453480,997548,13081217,997548,12083669,0,0
17467262,1369,1,3427983,16455932,17467262,1011330,14039279,1011330,13027949,0,0
17688320,919,4,2786492,16675341,17688320,1012979,14901828,1012979,13888849,0,0
17690142,1411,1,3487778,16675341,17690142,1014801,14202364,1014801,13187563,0,0
18026442,242,16,1372983,17005142,18026442,1021300,16653459,1021300,15632159,0,0
18055658,1689,8,3950080,17033462,18055658,1022196,14105578,1022196,13083382,0,0
18057061,1668,1,3900131,17033462,18057061,1023599,14156930,1023599,13133331,0,0
18060688,798,1,2485732,17033462,18060688,1027226,15574956,1027226,14547730,0,0
18238449,1938,8,4355145,17205458,18238449,1032991,13883304,1032991,12850313,0,0
18238931,454,1,1691903,17205458,18238931,1033473,16547028,1033473,15513555,0,0
18252174,1766,8,4072646,17218689,18252174,1033485,14179528,1033485,13146043,0,0
18415153,59,16,1013092,17379101,18415153,1036052,17402061,1036052,16366009,0,0
18417769,585,1,2006559,17379101,18417769,1038668,16411210,1038668,15372542,0,0
18425819,101,1,1095578,17379101,18425819,1046718,17330241,1046718,16283523,0,0
18488654,154,1,1165455,17439726,18488654,1048928,17323199,1048928,16274271,0,0
18494991,1541,8,3640312,17439726,18494991,1055265,14854679,1055265,13799414,0,0
18494998,863,2,2736378,17439726,18494998,1055272,15758620,1055272,14703348,0,0
18508381,1250,8,3270949,17452717,18508381,1055664,15237432,1055664,14181768,0,0
18510059,1564,8,3703663,17453480,18510059,1056579,14806396,1056579,13749817,0,0
18513874,1882,1,4294766,17453480,18513874,1060394,14219108,1060394,13158714,0,0
18757006,1237,8,3193759,17688320,18757006,1068686,15563247,1068686,14494561,0,0
19097496,1530,8,3624228,18026442,19097496,1071054,15473268,1071054,14402214,0,0
19099436,911,8,2770483,18026442,19099436,1072994,16328953,1072994,15255959,0,0
19100089,439,1,1691534,18026442,19100089,1073647,17408555,1073647,16334908,0,0
19312232,963,16,2828497,18238449,19312232,1073783,16483735,1073783,15409952,0,0
19319229,1867,1,4269940,18238449,19319229,1080780,15049289,1080780,13968509,0,0
19322395,190,1,1245696,18238449,19322395,1083946,18076699,1083946,16992753,0,0
19336127,1705,8,3961472,18252174,19336127,1083953,15374655,1083953,14290702,0,0
19507151,1415,8,3498887,18415153,19507151,1091998,16008264,1091998,14916266,0,0
19515870,1201,1,3193537,18415153,19515870,1100717,16322333,1100717,15221616,0,0
19518684,945,8,2810304,18415153,19518684,1103531,16708380,1103531,15604849,0,0
19523150,1221,1,3193612,18415153,19523150,1107997,16329538,1107997,15221541,0,0
19526775,922,1,2788786,18415153,19526775,1111622,16737989,1111622,15626367,0,0
19609603,896,8,2755390,18494991,19609603,1114612,16854213,1114612,15739601,0,0
19625750,653,8,2191069,18508381,19625750,1117369,17434681,1117369,16317312,0,0
19628953,985,1,2844243,18508381,19628953,1120572,16784710,1120572,15664138,0,0
19639226,578,4,1999889,18510059,19639226,1129167,17639337,1129167,16510170,0,0
19639281,1213,1,3193582,18510059,19639281,1129222,16445699,1129222,15316477,0,0
19641757,1505,1,3617543,18510059,19641757,1131698,16024214,1131698,14892516,0,0
19644517,1112,4,3059288,18510059,19644517,1134458,16585229,1134458,15450771,0,0
19892049,364,8,1669444,18757006,19892049,1135043,18222605,1135043,17087562,0,0
19892272,1267,1,3342636,18757006,19892272,1135266,16549636,1135266,15414370,0,0
19893641,1542,1,3654916,18757006,19893641,1136635,16238725,1136635,15102090,0,0
20234442,1328,8,3367697,19097496,20234442,1136946,16866745,1136946,15729799,0,0
20236597,800,8,2486332,19099436,20236597,1137161,17750265,1137161,16613104,0,0
20237777,204,1,1261278,19099436,20237777,1138341,18976499,1138341,17838158,0,0
20452474,1627,4,3796469,19312232,20452474,1140242,16656005,1140242,15515763,0,0
20465265,1292,1,3360328,19312232,20465265,1153033,17104937,1153033,15951904,0,0
20471161,1434,4,3514253,19312232,20471161,1158929,16956908,1158929,15797979,0,0
20472776,1518,1,3622628,19312232,20472776,1160544,16850148,1160544,15689604,0,0
20669016,1139,16,3082926,19507151,20669016,1161865,17586090,1161865,16424225,0,0
20781724,1537,16,3631862,19609603,20781724,1172121,17149862,1172121,15977741,0,0
20788292,866,1,2736499,19609603,20788292,1178689,18051793,1178689,16873104,0,0
20819750,707,16,2310637,19639226,20819750,1180524,18509113,1180524,17328589,0,0
20820141,1623,1,3794720,19639226,20820141,1180915,17025421,1180915,15844506,0,0
20856312,1980,4,4471989,19644517,20856312,1211795,16384323,1211795,15172528,0,0
21108973,870,4,2736582,19892049,21108973,1216924,18372391,1216924,17155467,0,0
21109611,1928,1,4353064,19892049,21109611,1217562,16756547,1217562,15538985,0,0
21114591,1956,4,4389794,19892049,21114591,1222542,16724797,1222542,15502255,0,0
21115122,820,1,2536859,19892049,21115122,1223073,18578263,1223073,17355190,0,0
21466179,673,8,2223540,20234442,21466179,1231737,19242639,1231737,18010902,0,0
21469869,640,8,2154476,20236597,21469869,1233272,19315393,1233272,18082121,0,0
21477692,1035,1,2925137,20236597,21477692,1241095,18552555,1241095,17311460,0,0
21485963,615,4,2008419,20237777,21485963,1248186,19477544,1248186,18229358,0,0
21720863,718,8,2323037,20471161,21720863,1249702,19397826,1249702,18148124,0,0
21726680,1057,1,2991688,20471161,21726680,1255519,18734992,1255519,17479473,0,0
21736598,1170,1,3166276,20471161,21736598,1265437,18570322,1265437,17304885,0,0
21744575,1924,4,4340515,20472776,21744575,1271799,17404060,1271799,16132261,0,0
21943218,1496,8,3615601,20669016,21943218,1274202,18327617,1274202,17053415,0,0
21943514,1814,1,4170856,20669016,21943514,1274498,17772658,1274498,16498160,0,0
22062624,774,8,2446230,20781724,22062624,1280900,19616394,1280900,18335494,0,0
22067901,1971,4,4433484,20781724,22067901,1286177,17634417,1286177,16348240,0,0
22405238,1901,32,4308059,21108973,22405238,1296265,18097179,1296265,16800914,0,0
22769882,1642,8,3812024,21466179,22769882,1303703,18957858,1303703,17654155,0,0
22790480,1655,16,3841937,21485963,22790480,1304517,18948543,1304517,17644026,0,0
22801778,645,1,2162064,21485963,22801778,1315815,20639714,1315815,19323899,0,0
23037408,1922,8,4334396,21720863,23037408,1316545,18703012,1316545,17386467,0,0
23039368,792,1,2482324,21720863,23039368,1318505,20557044,1318505,19238539,0,0
23069449,886,8,2743072,21744575,23069449,1324874,20326377,1324874,19001503,0,0
23269196,1989,4,4487642,21943218,23269196,1325978,18781554,1325978,17455576,0,0
23283024,1895,1,4306246,21943218,23283024,1339806,18976778,1339806,17636972,0,0
23286143,968,4,2830704,21943218,23286143,1342925,20455439,1342925,19112514,0,0
23291150,1317,1,3363638,21943218,23291150,1347932,19927512,1347932,18579580,0,0
23294795,986,1,2845707,21943218,23294795,1351577,20449088,1351577,19097511,0,0
23417548,1546,4,3661160,22062624,23417548,1354924,19756388,1354924,18401464,0,0
23423623,1527,8,3623578,22067901,23423623,1355722,19800045,1355722,18444323,0,0
23426438,584,1,2006497,22067901,23426438,1358537,21419941,1358537,20061404,0,0
23765079,1960,8,4417144,22405238,23765079,1359841,19347935,1359841,17988094,0,0
23768765,1012,4,2891765,22405238,23768765,1363527,20877000,1363527,19513473,0,0
23780457,515,1,1889386,22405238,23780457,1375219,21891071,1375219,20515852,0,0
23797172,1367,1,3426742,22405238,23797172,1391934,20370430,1391934,18978496,0,0
23804606,194,4,1251798,22405238,23804606,1399368,22552808,1399368,21153440,0,0
23826639,410,1,1690870,22405238,23826639,1421401,22135769,1421401,20714368,0,0
23837448,1225,1,3193632,22405238,23837448,1432210,20643816,1432210,19211606,0,0
23852204,983,4,2842212,22405238,23852204,1446966,21009992,1446966,19563026,0,0
23853529,1636,1,3797987,22405238,23853529,1448291,20055542,1448291,18607251,0,0
23858089,889,1,2745477,22405238,23858089,1452851,21112612,1452851,19659761,0,0
23860404,571,1,1982224,22405238,23860404,1455166,21878180,1455166,20423014,0,0
23868186,730,8,2362242,22405238,23868186,1462948,21505944,1462948,20042996,0,0
24246789,408,1,1690865,22769882,24246789,1476907,22555924,1476907,21079017,0,0
24248358,760,1,2410770,22769882,24248358,1478476,21837588,1478476,20359112,0,0
24253782,1298,1,3361170,22769882,24253782,1483900,20892612,1483900,19408712,0,0
24266431,1208,1,3193562,22769882,24266431,1496549,21072869,1496549,19576320,0,0
24287885,1427,8,3505880,22790480,24287885,1497405,20782005,1497405,19284600,0,0
24296636,377,1,1690306,22790480,24296636,1506156,22606330,1506156,21100174,0,0
24300588,947,1,2810948,22790480,24300588,1510108,21489640,1510108,19979532,0,0
24301881,841,4,2662218,22790480,24301881,1511401,21639663,1511401,20128262,0,0
24302882,1395,1,3445055,22790480,24302882,1512402,20857827,1512402,19345425,0,0
24305513,1730,1,4014622,22790480,24305513,1515033,20290891,1515033,18775858,0,0
24305570,1968,4,4431138,22790480,24305570,1515090,19874432,1515090,18359342,0,0
24555636,1852,8,4231928,23037408,24555636,1518228,20323708,1518228,18805480,0,0
24591522,1947,8,4373176,23069449,24591522,1522073,20218346,1522073,18696273,0,0
24598542,1220,1,3193608,23069449,24598542,1529093,21404934,1529093,19875841,0,0
24818790,1024,8,2899015,23286143,24818790,1532647,21919775,1532647,20387128,0,0
24820031,1210,1,3193572,23286143,24820031,1533888,21626459,1533888,20092571,0,0
24951902,1972,4,4434338,23417548,24951902,1534354,20517564,1534354,18983210,0,0
24979367,253,4,1432085,23423623,24979367,1555744,23547282,1555744,21991538,0,0
24983474,172,4,1195817,23423623,24983474,1559851,23787657,1559851,22227806,0,0
24985808,1531,1,3625213,23423623,24985808,1562185,21360595,1562185,19798410,0,0
24996847,378,1,1690321,23423623,24996847,1573224,23306526,1573224,21733302,0,0
24997318,1320,1,3365017,23423623,24997318,1573695,21632301,1573695,20058606,0,0
25006059,1083,1,3018485,23426438,25006059,1579621,21987574,1579621,20407953,0,0
25354229,100,1,1095546,23765079,25354229,1589150,24258683,1589150,22669533,0,0
25364051,485,8,1806785,23768765,25364051,1595286,23557266,1595286,21961980,0,0
25467236,1064,16,2996428,23868186,25467236,1599050,22470808,1599050,20871758,0,0
25488943,1047,1,2978463,23868186,25488943,1620757,22510480,1620757,20889723,0,0
25498646,1823,4,4188271,23868186,25498646,1630460,21310375,1630460,19679915,0,0
25499036,1771,1,4087394,23868186,25499036,1630850,21411642,1630850,19780792,0,0
25924216,1476,8,3594238,24287885,25924216,1636331,22329978,1636331,20693647,0,0
25942973,535,8,1951848,24301881,25942973,1641092,23991125,1641092,22350033,0,0
25973005,1234,1,3193667,24301881,25973005,1671124,22779338,1671124,21108214,0,0
25974654,1171,1,3166329,24301881,25974654,1672773,22808325,1672773,21135552,0,0
25977715,198,1,1254374,24301881,25977715,1675834,24723341,1675834,23047507,0,0
25981615,1268,8,3343017,24305570,25981615,1676045,22638598,1676045,20962553,0,0
26234627,990,8,2857028,24555636,26234627,1678991,23377599,1678991,21698608,0,0
26240926,446,1,1691672,24555636,26240926,1685290,24549254,1685290,22863964,0,0
26278081,222,4,1284745,24591522,26278081,1686559,24993336,1686559,23306777,0,0
26292142,1314,1,3363614,24591522,26292142,1700620,22928528,1700620,21227908,0,0
26303490,438,1,1691512,24591522,26303490,1711968,24611978,1711968,22900010,0,0
26319153,411,1,1690872,24591522,26319153,1727631,24628281,1727631,22900650,0,0
26553893,1423,8,3501935,24818790,26553893,1735103,23051958,1735103,21316855,0,0
26562238,688,1,2255571,24818790,26562238,1743448,24306667,1743448,22563219,0,0
26725981,790,8,2480916,24979367,26725981,1746614,24245065,1746614,22498451,0,0
27118811,895,8,2755202,25364051,27118811,1754760,24363609,1754760,22608849,0,0
27122354,371,1,1690255,25364051,27122354,1758303,25432099,1758303,23673796,0,0
27134202,144,1,1165288,25364051,27134202,1770151,25968914,1770151,24198763,0,0
27136044,631,4,2152324,25364051,27136044,1771993,24983720,1771993,23211727,0,0
27242757,1082,8,3018469,25467236,27242757,1775521,24224288,1775521,22448767,0,0
27258256,1093,8,3045805,25467236,27258256,1791020,24212451,1791020,22421431,0,0
27270807,107,1,1095914,25467236,27270807,1803571,26174893,1803571,24371322,0,0
27279337,770,2,2427939,25467236,27279337,1812101,24851398,1812101,23039297,0,0
27762199,1383,16,3443428,25942973,27762199,1819226,24318771,1819226,22499545,0,0
27804720,691,8,2279591,25974654,27804720,1830066,25525129,1830066,23695063,0,0
27812584,744,8,2385513,25981615,27812584,1830969,25427071,1830969,23596102,0,0
27829918,153,1,1165433,25981615,27829918,1848303,26664485,1848303,24816182,0,0
28087017,1724,4,4005336,26234627,28087017,1852390,24081681,1852390,22229291,0,0
28096274,393,1,1690765,26234627,28096274,1861647,26405509,1861647,24543862,0,0
28103296,564,2,1979172,26234627,28103296,1868669,26124124,1868669,24255455,0,0
28424011,1270,16,3344094,26553893,28424011,1870118,25079917,1870118,23209799,0,0
28433138,161,1,1167678,26553893,28433138,1879245,27265460,1879245,25386215,0,0
29003284,1154,16,3114403,27118811,29003284,1884473,25888881,1884473,24004408,0,0
29008605,1372,1,3428118,27118811,29008605,1889794,25580487,1889794,23690693,0,0
29019717,1694,1,3960254,27118811,29019717,1900906,25059463,1900906,23158557,0,0
29143664,1173,8,3167913,27242757,29143664,1900907,25975751,1900907,24074844,0,0
29159775,1749,8,4039311,27258256,29159775,1901519,25120464,1901519,23218945,0,0
29161979,1236,1,3193678,27258256,29161979,1903723,25968301,1903723,24064578,0,0
29675487,1428,8,3508947,27762199,29675487,1913288,26166540,1913288,24253252,0,0
29677728,201,4,1255314,27762199,29677728,1915529,28422414,1915529,26506885,0,0
29679411,539,8,1957199,27762199,29679411,1917212,27722212,1917212,25805000,0,0
29680001,184,1,1245289,27762199,29680001,1917802,28434712,1917802,26516910,0,0
29722764,1976,8,4444486,27804720,29722764,1918044,25278278,1918044,23360234,0,0
29733109,807,8,2501458,27812584,29733109,1920525,27231651,1920525,25311126,0,0
29754608,278,4,1581732,27829918,29754608,1924690,28172876,1924690,26248186,0,0
30375320,699,8,2305071,28424011,30375320,1951309,28070249,1951309,26118940,0,0
30380465,1180,1,3193437,28424011,30380465,1956454,27187028,1956454,25230574,0,0
30382221,1195,1,3193505,28424011,30382221,1958210,27188716,1958210,25230506,0,0
30397485,780,8,2454711,28424011,30397485,1973474,27942774,1973474,25969300,0,0
30400542,1169,1,3165603,28424011,30400542,1976531,27234939,1976531,25258408,0,0
31007059,1401,8,3449285,29003284,31007059,2003775,27557774,2003775,25553999,0,0
31010107,1779,8,4095109,29003284,31010107,2006823,26914998,2006823,24908175,0,0
31015341,575,1,1988402,29003284,31015341,2012057,29026939,2012057,27014882,0,0
31156851,248,8,1384680,29143664,31156851,2013187,29772171,2013187,27758984,0,0
31178856,1593,8,3749178,29159775,31178856,2019081,27429678,2019081,25410597,0,0
31696984,884,8,2742846,29675487,31696984,2021497,28954138,2021497,26932641,0,0
31700267,1291,1,3360284,29675487,31700267,2024780,28339983,2024780,26315203,0,0
31705822,1160,1,3136944,29675487,31705822,2030335,28568878,2030335,26538543,0,0
31705913,570,1,1982201,29675487,31705913,2030426,29723712,2030426,27693286,0,0
31712479,1926,8,4349964,29677728,31712479,2034751,27362515,2034751,25327764,0,0
31713744,1287,1,3359893,29677728,31713744,2036016,28353851,2036016,26317835,0,0
31716023,1979,8,4468456,29679411,31716023,2036612,27247567,2036612,25210955,0,0
31759855,720,8,2326979,29722764,31759855,2037091,29432876,2037091,27395785,0,0
32416270,767,16,2420053,30375320,32416270,2040950,29996217,2040950,27955267,0,0
32457403,1116,8,3060000,30397485,32457403,2059918,29397403,2059918,27337485,0,0
33071084,1137,8,3082170,31007059,33071084,2064025,29988914,2064025,27924889,0,0
33077876,1955,4,4389277,31007059,33077876,2070817,28688599,2070817,26617782,0,0
33079009,521,1,1925580,31007059,33079009,2071950,31153429,2071950,29081479,0,0
33091552,980,8,2839765,31010107,33091552,2081445,30251787,2081445,28170342,0,0
33119194,1595,1,3760386,31010107,33119194,2109087,29358808,2109087,27249721,0,0
33268217,1693,4,3959582,31156851,33268217,2111366,29308635,2111366,27197269,0,0
33268448,1359,1,3412047,31156851,33268448,2111597,29856401,2111597,27744804,0,0
33301751,1110,8,3058458,31178856,33301751,2122895,30243293,2122895,28120398,0,0
33305315,1338,1,3371378,31178856,33305315,2126459,29933937,2126459,27807478,0,0
33308433,1187,1,3193467,31178856,33308433,2129577,30114966,2129577,27985389,0,0
33311850,624,1,2137254,31178856,33311850,2132994,31174596,2132994,29041602,0,0
33315392,1120,1,3065304,31178856,33315392,2136536,30250088,2136536,28113552,0,0
33317263,530,1,1944018,31178856,33317263,2138407,31373245,2138407,29234838,0,0
33867491,365,16,1669786,31712479,33867491,2155012,32197705,2155012,30042693,0,0
33873347,1175,4,3183638,31716023,33873347,2157324,30689709,2157324,28532385,0,0
33921229,479,8,1740302,31759855,33921229,2161374,32180927,2161374,30019553,0,0
33923161,937,1,2805539,31759855,33923161,2163306,31117622,2163306,28954316,0,0
34585949,1643,8,3812798,32416270,34585949,2169679,30773151,2169679,28603472,0,0
34598824,1178,1,3188566,32416270,34598824,2182554,31410258,2182554,29227704,0,0
34600489,1247,8,3255384,32416270,34600489,2184219,31345105,2184219,29160886,0,0
34603936,180,4,1241289,32416270,34603936,2187666,33362647,2187666,31174981,0,0
34612636,1324,1,3365714,32416270,34612636,2196366,31246922,2196366,29050556,0,0
34660394,1954,4,4384943,32457403,34660394,2202991,30275451,2202991,28072460,0,0
35280897,1278,16,3358054,33077876,35280897,2203021,31922843,2203021,29719822,0,0
35311308,840,4,2662195,33091552,35311308,2219756,32649113,2219756,30429357,0,0
35315494,428,1,1691253,33091552,35315494,2223942,33624241,2223942,31400299,0,0
35317441,1958,1,4392441,33091552,35317441,2225889,30925000,2225889,28699111,0,0
35494214,899,8,2756946,33268217,35494214,2225997,32737268,2225997,30511271,0,0
35502302,397,1,1690793,33268217,35502302,2234085,33811509,2234085,31577424,0,0
35508240,455,1,1691921,33268217,35508240,2240023,33816319,2240023,31576296,0,0
35508752,175,1,1233608,33268448,35508752,2240304,34275144,2240304,32034840,0,0
35548207,203,4,1255347,33301751,35548207,2246456,34292860,2246456,32046404,0,0
35549444,1177,1,3188296,33301751,35549444,2247693,32361148,2247693,30113455,0,0
35552615,463,1,1692088,33301751,35552615,2250864,33860527,2250864,31609663,0,0
36124055,1756,8,4049625,33867491,36124055,2256564,32074430,2256564,29817866,0,0
36140752,1479,1,3595701,33867491,36140752,2273261,32545051,2273261,30271790,0,0
36141122,102,1,1095698,33867491,36141122,2273631,35045424,2273631,32771793,0,0
36143173,752,1,2406374,33867491,36143173,2275682,33736799,2275682,31461117,0,0
36144165,360,1,1639334,33867491,36144165,2276674,34504831,2276674,32228157,0,0
36148929,1772,4,4089411,33867491,36148929,2281438,32059518,2281438,29778080,0,0
36150803,146,1,1165316,33867491,36150803,2283312,34985487,2283312,32702175,0,0
36153860,152,1,1165414,33867491,36153860,2286369,34988446,2286369,32702077,0,0
36209001,231,8,1350010,33921229,36209001,2287772,34858991,2287772,32571219,0,0
36210730,1073,1,3005327,33921229,36210730,2289501,33205403,2289501,30915902,0,0
36212682,1185,1,3193459,33921229,36212682,2291453,33019223,2291453,30727770,0,0
36882256,705,8,2309008,34585949,36882256,2296307,34573248,2296307,32276941,0,0
36887003,448,1,1691744,34585949,36887003,2301054,35195259,2301054,32894205,0,0
36887517,453,1,1691844,34585949,36887517,2301568,35195673,2301568,32894105,0,0
36889148,437,1,1691493,34585949,36889148,2303199,35197655,2303199,32894456,0,0
36894633,456,1,1691940,34585949,36894633,2308684,35202693,2308684,32894009,0,0
36914891,442,1,1691594,34585949,36914891,2328942,35223297,2328942,32894355,0,0
36916001,710,1,2313989,34585949,36916001,2330052,34602012,2330052,32271960,0,0
37003139,1486,16,3603230,34660394,37003139,2342745,33399909,2342745,31057164,0,0
37003729,844,1,2662314,34660394,37003729,2343335,34341415,2343335,31998080,0,0
37624389,1621,8,3790604,35280897,37624389,2343492,33833785,2343492,31490293,0,0
37639011,105,1,1095787,35280897,37639011,2358114,36543224,2358114,34185110,0,0
37643921,1288,1,3359921,35280897,37643921,2363024,34284000,2363024,31920976,0,0
37644700,164,1,1167724,35280897,37644700,2363803,36476976,2363803,34113173,0,0
37672881,1425,1,3502396,35280897,37672881,2391984,34170485,2391984,31778501,0,0
37705131,1330,8,3367749,35311308,37705131,2393823,34337382,2393823,31943559,0,0
37754058,14,1,881304,881304,37754058,36872754,36872754,36872754,0,0,0
37889046,1941,8,4355598,35494214,37889046,2394832,33533448,2394832,31138616,0,0
37909199,421,1,1690902,35494214,37909199,2414985,36218297,2414985,33803312,0,0
37912637,1656,1,3844194,35494214,37912637,2418423,34068443,2418423,31650020,0,0
37913083,1056,1,2991676,35494214,37913083,2418869,34921407,2418869,32502538,0,0
37916582,872,1,2736623,35494214,37916582,2422368,35179959,2422368,32757591,0,0
37919300,1584,1,3708703,35494214,37919300,2425086,34210597,2425086,31785511,0,0
38549883,901,8,2758563,36124055,38549883,2425828,35791320,2425828,33365492,0,0
38569581,193,8,1251720,36141122,38569581,2428459,37317861,2428459,34889402,0,0
38572678,1916,1,4313042,36141122,38572678,2431556,34259636,2431556,31828080,0,0
38599590,1063,8,2996127,36153860,38599590,2445730,35603463,2445730,33157733,0,0
38658520,1260,8,3330983,36209001,38658520,2449519,35327537,2449519,32878018,0,0
38689342,806,1,2497555,36209001,38689342,2480341,36191787,2480341,33711446,0,0
39386156,941,8,2807547,36882256,39386156,2503900,36578609,2503900,34074709,0,0
39512989,118,8,1105822,37003139,39512989,2509850,38407167,2509850,35897317,0,0
39514222,738,8,2375225,37003139,39514222,2511083,37138997,2511083,34627914,0,0
39543533,1872,4,4279427,37003139,39543533,2540394,35264106,2540394,32723712,0,0
39543696,376,1,1690299,37003139,39543696,2540557,37853397,2540557,35312840,0,0
40178245,267,4,1541381,37624389,40178245,2553856,38636864,2553856,36083008,0,0
40182622,97,1,1095394,37624389,40182622,2558233,39087228,2558233,36528995,0,0
40263751,119,8,1111825,37705131,40263751,2558620,39151926,2558620,36593306,0,0
40277600,1827,4,4197246,37705131,40277600,2572469,36080354,2572469,33507885,0,0
40465697,1737,8,4019436,37889046,40465697,2576651,36446261,2576651,33869610,0,0
40474446,1021,1,2894838,37889046,40474446,2585400,37579608,2585400,34994208,0,0
40498545,1123,1,3068989,37889046,40498545,2609499,37429556,2609499,34820057,0,0
40548673,602,8,2008139,37919300,40548673,2629373,38540534,2629373,35911161,0,0
41197610,1343,8,3399506,38549883,41197610,2647727,37798104,2647727,35150377,0,0
41199498,398,1,1690800,38549883,41199498,2649615,39508698,2649615,36859083,0,0
41205392,689,1,2261952,38549883,41205392,2655509,38943440,2655509,36287931,0,0
41230003,1591,4,3746053,38569581,41230003,2660422,37483950,2660422,34823528,0,0
41238803,1447,1,3520575,38569581,41238803,2669222,37718228,2669222,35049006,0,0
41284504,867,4,2736539,38599590,41284504,2684914,38547965,2684914,35863051,0,0
41347952,1092,8,3045783,38658520,41347952,2689432,38302169,2689432,35612737,0,0
41348420,1750,4,4040328,38658520,41348420,2689900,37308092,2689900,34618192,0,0
41474666,12,1,880145,880145,41474666,40594521,40594521,40594521,0,0,0
42077479,1318,8,3363912,39386156,42077479,2691323,38713567,2691323,36022244,0,0
42105971,1770,1,4087366,39386156,42105971,2719815,38018605,2719815,35298790,0,0
42235573,821,8,2538363,39512989,42235573,2722584,39697210,2722584,36974626,0,0
42347081,1945,16,4367266,39543533,42347081,2803548,37979815,2803548,35176267,0,0
42999546,1738,4,4019622,40178245,42999546,2821301,38979924,2821301,36158623,0,0
43008338,1055,1,2991565,40178245,43008338,2830093,40016773,2830093,37186680,0,0
43096821,1249,8,3265631,40263751,43096821,2833070,39831190,2833070,36998120,0,0
43100878,1629,1,3796510,40263751,43100878,2837127,39304368,2837127,36467241,0,0
43104003,81,1,1064146,40263751,43104003,2840252,42039857,2840252,39199605,0,0
43124208,1930,1,4353126,40263751,43124208,2860457,38771082,2860457,35910625,0,0
43142175,677,1,2227724,40277600,43142175,2864575,40914451,2864575,38049876,0,0
43378058,1150,8,3104922,40465697,43378058,2912361,40273136,2912361,37360775,0,0
43397327,1204,1,3193548,40465697,43397327,2931630,40203779,2931630,37272149,0,0
43414925,793,1,2483261,40465697,43414925,2949228,40931664,2949228,37982436,0,0
43501766,178,8,1238400,40548673,43501766,2953093,42263366,2953093,39310273,0,0
43504800,386,1,1690717,40548673,43504800,2956127,41814083,2956127,38857956,0,0
43522122,684,1,2243824,40548673,43522122,2973449,41278298,2973449,38304849,0,0
44197086,220,4,1284690,41197610,44197086,2999476,42912396,2999476,39912920,0,0
44216433,1768,4,4086592,41197610,44216433,3018823,40129841,3018823,37111018,0,0
44325168,1101,8,3053861,41284504,44325168,3040664,41271307,3040664,38230643,0,0
44394324,1146,8,3095703,41347952,44394324,3046372,41298621,3046372,38252249,0,0
44410367,435,1,1691432,41347952,44410367,3062415,42718935,3062415,39656520,0,0
45309909,972,16,2836299,42235573,45309909,3074336,42473610,3074336,39399274,0,0
45315060,441,1,1691572,42235573,45315060,3079487,43623488,3079487,40544001,0,0
45322317,1576,1,3707853,42235573,45322317,3086744,41614464,3086744,38527720,0,0
45322838,132,1,1161486,42235573,45322838,3087265,44161352,3087265,41074087,0,0
45328150,1018,1,2893819,42235573,45328150,3092577,42434331,3092577,39341754,0,0
45452364,644,8,2161910,42347081,45452364,3105283,43290454,3105283,40185171,0,0
45457061,449,1,1691765,42347081,45457061,3109980,43765296,3109980,40655316,0,0
45457253,434,1,1691413,42347081,45457253,3110172,43765840,3110172,40655668,0,0
45465123,106,1,1095885,42347081,45465123,3118042,44369238,3118042,41251196,0,0
45476834,413,1,1690879,42347081,45476834,3129753,43785955,3129753,40656202,0,0
45510906,678,4,2227731,42347081,45510906,3163825,43283175,3163825,40119350,0,0
45513163,163,1,1167711,42347081,45513163,3166082,44345452,3166082,41179370,0,0
46263772,1646,8,3827358,43096821,46263772,3166951,42436414,3166951,39269463,0,0
46271478,1199,1,3193525,43096821,46271478,3174657,43077953,3174657,39903296,0,0
46279305,108,1,1098912,43096821,46279305,3182484,45180393,3182484,41997909,0,0
46571528,270,4,1544882,43378058,46571528,3193470,45026646,3193470,41833176,0,0
46612907,1335,8,3370534,43414925,46612907,3197982,43242373,3197982,40044391,0,0
46618151,1471,1,3580208,43414925,46618151,3203226,43037943,3203226,39834717,0,0
46710457,79,8,1062109,43501766,46710457,3208691,45648348,3208691,42439657,0,0
46750652,1231,1,3193655,43501766,46750652,3248886,43556997,3248886,40308111,0,0
46763117,1188,1,3193471,43501766,46763117,3261351,43569646,3261351,40308295,0,0
46765927,1131,1,3078680,43501766,46765927,3264161,43687247,3264161,40423086,0,0
46775392,1507,1,3617610,43501766,46775392,3273626,43157782,3273626,39884156,0,0
47606909,1789,16,4120729,44325168,47606909,3281741,43486180,3281741,40204439,0,0
47627378,1935,1,4353129,44325168,47627378,3302210,43274249,3302210,39972039,0,0
47652111,424,1,1690915,44325168,47652111,3326943,45961196,3326943,42634253,0,0
47723701,1087,8,3025072,44394324,47723701,3329377,44698629,3329377,41369252,0,0
48651029,667,16,2218836,45309909,48651029,3341120,46432193,3341120,43091073,0,0
48802225,1615,4,3785220,45452364,48802225,3349861,45017005,3349861,41667144,0,0
48803765,1397,1,3445118,45452364,48803765,3351401,45358647,3351401,42007246,0,0
48872659,1166,16,3157915,45513163,48872659,3359496,45714744,3359496,42355248,0,0
49637545,1871,8,4275968,46263772,49637545,3373773,45361577,3373773,41987804,0,0
49638829,1510,1,3618823,46263772,49638829,3375057,46020006,3375057,42644949,0,0
50015098,1385,8,3443903,46612907,50015098,3402191,46571195,3402191,43169004,0,0
50163907,1140,8,3083693,46710457,50163907,3453450,47080214,3453450,43626764,0,0
50167084,865,2,2736420,46710457,50167084,3456627,47430664,3456627,43974037,0,0
50222746,1430,1,3510026,46710457,50222746,3512289,46712720,3512289,43200431,0,0
50230900,670,1,2223204,46710457,50230900,3520443,48007696,3520443,44487253,0,0
50247765,754,2,2406416,46710457,50247765,3537308,47841349,3537308,44304041,0,0
50249086,843,1,2662291,46710457,50249086,3538629,47586795,3538629,44048166,0,0
50265495,836,2,2662074,46710457,50265495,3555038,47603421,3555038,44048383,0,0
51177445,1549,16,3673785,47606909,51177445,3570536,47503660,3570536,43933124,0,0
51192514,1892,1,4305861,47606909,51192514,3585605,46886653,3585605,43301048,0,0
51322148,37,8,961716,47723701,51322148,3598447,50360432,3598447,46761985,0,0
51338452,415,1,1690884,47723701,51338452,3614751,49647568,3614751,46032817,0,0
51350434,824,2,2541943,47723701,51350434,3626733,48808491,3626733,45181758,0,0
52331323,1095,8,3046027,48651029,52331323,3680294,49285296,3680294,45605002,0,0
52344554,862,2,2736359,48651029,52344554,3693525,49608195,3693525,45914670,0,0
52348563,1206,1,3193555,48651029,52348563,3697534,49155008,3697534,45457474,0,0
52589282,706,16,2310327,48872659,52589282,3716623,50278955,3716623,46562332,0,0
52601568,221,4,1284714,48872659,52601568,3728909,51316854,3728909,47587945,0,0
52798756,3,8,476285,476285,52798756,52322471,52322471,52322471,0,0,0
53370054,1839,8,4216702,49637545,53370054,3732509,49153352,3732509,45420843,0,0
53775284,1995,8,4499365,50015098,53775284,3760186,49275919,3760186,45515733,0,0
53787463,1223,1,3193624,50015098,53787463,3772365,50593839,3772365,46821474,0,0
53953115,742,8,2381329,50163907,53953115,3789208,51571786,3789208,47782578,0,0
54044544,1448,8,3521490,50249086,54044544,3795458,50523054,3795458,46727596,0,0
54071842,1670,4,3934777,50265495,54071842,3806347,50137065,3806347,46330718,0,0
54984485,663,4,2206945,51177445,54984485,3807040,52777540,3807040,48970500,0,0
54992095,537,1,1952436,51177445,54992095,3814650,53039659,3814650,49225009,0,0
54994139,1713,4,3963727,51177445,54994139,3816694,51030412,3816694,47213718,0,0
55019963,1058,1,2991699,51177445,55019963,3842518,52028264,3842518,48185746,0,0
55038565,1205,1,3193551,51177445,55038565,3861120,51845014,3861120,47983894,0,0
55048853,1189,1,3193474,51177445,55048853,3871408,51855379,3871408,47983971,0,0
55194191,258,8,1463221,51322148,55194191,3872043,53730970,3872043,49858927,0,0
55241278,892,8,2753753,51338452,55241278,3902826,52487525,3902826,48584699,0,0
55285544,1212,1,3193578,51338452,55285544,3947092,52091966,3947092,48144874,0,0
56326243,478,8,1730719,52331323,56326243,3994920,54595524,3994920,50600604,0,0
56359111,686,8,2252441,52348563,56359111,4010548,54106670,4010548,50096122,0,0
56383911,934,1,2803110,52348563,56383911,4035348,53580801,4035348,49545453,0,0
56630241,1786,4,4107995,52589282,56630241,4040959,52522246,4040959,48481287,0,0
56700204,465,1,1692806,52589282,56700204,4110922,55007398,4110922,50896476,0,0
56736269,96,1,1095354,52589282,56736269,4146987,55640915,4146987,51493928,0,0
56763940,748,8,2403395,52589282,56763940,4174658,54360545,4174658,50185887,0,0
56998932,762,8,2411456,52798756,56998932,4200176,54587476,4200176,50387300,0,0
57014717,635,2,2153175,52798756,57014717,4215961,54861542,4215961,50645581,0,0
57016882,637,4,2153445,52798756,57016882,4218126,54863437,4218126,50645311,0,0
57589685,1094,8,3045855,53370054,57589685,4219631,54543830,4219631,50324199,0,0
58003643,1030,8,2908848,53775284,58003643,4228359,55094795,4228359,50866436,0,0
58238765,864,2,2736397,53953115,58238765,4285650,55502368,4285650,51216718,0,0
58252839,632,4,2152367,53953115,58252839,4299724,56100472,4299724,51800748,0,0
58260668,1002,1,2882601,53953115,58260668,4307553,55378067,4307553,51070514,0,0
58403275,1616,4,3785531,54044544,58403275,4358731,54617744,4358731,50259013,0,0
58461522,879,8,2738353,54071842,58461522,4389680,55723169,4389680,51333489,0,0
59400963,690,8,2279108,54994139,59400963,4406824,57121855,4406824,52715031,0,0
59646631,1251,8,3271106,55194191,59646631,4452440,56375525,4452440,51923085,0,0
59698992,495,8,1845693,55241278,59698992,4457714,57853299,4457714,53395585,0,0
60787989,1769,4,4087155,56326243,60787989,4461746,56700834,4461746,52239088,0,0
60843982,1907,8,4310017,56359111,60843982,4484871,56533965,4484871,52049094,0,0
60847599,1624,1,3794751,56359111,60847599,4488488,57052848,4488488,52564360,0,0
60947201,1788,4,4110710,56359111,60947201,4588090,56836491,4588090,52248401,0,0
61283472,743,8,2384534,56630241,61283472,4653231,58898938,4653231,54245707,0,0
61418776,206,8,1262609,56763940,61418776,4654836,60156167,4654836,55501331,0,0
61708000,1603,8,3769832,56998932,61708000,4709068,57938168,4709068,53229100,0,0
61752837,662,4,2206919,57014717,61752837,4738120,59545918,4738120,54807798,0,0
61755529,533,4,1946210,57016882,61755529,4738647,59809319,4738647,55070672,0,0
62339041,580,4,1999956,57589685,62339041,4749356,60339085,4749356,55589729,0,0
62769950,618,8,2013228,58003643,62769950,4766307,60756722,4766307,55990415,0,0
62780684,1672,4,3935213,58003643,62780684,4777041,58845471,4777041,54068430,0,0
62783696,1717,1,3969174,58003643,62783696,4780053,58814522,4780053,54034469,0,0
62798634,784,2,2470343,58003643,62798634,4794991,60328291,4794991,55533300,0,0
63104609,1200,1,3193529,58238765,63104609,4865844,59911080,4865844,55045236,0,0
63106967,1196,1,3193509,58238765,63106967,4868202,59913458,4868202,55045256,0,0
63154677,1370,1,3428071,58252839,63154677,4901838,59726606,4901838,54824768,0,0
63213845,1190,1,3193479,58252839,63213845,4961006,60020366,4961006,55059360,0,0
63242013,1227,1,3193640,58252839,63242013,4989174,60048373,4989174,55059199,0,0
63269413,1218,1,3193600,58252839,63269413,5016574,60075813,5016574,55059239,0,0
63321326,1197,1,3193513,58260668,63321326,5060658,60127813,5060658,55067155,0,0
63478322,1217,1,3193597,58403275,63478322,5075047,60284725,5075047,55209678,0,0
63614818,857,8,2705699,58461522,63614818,5153296,60909119,5153296,55755823,0,0
64566742,503,4,1863316,59400963,64566742,5165779,62703426,5165779,57537647,0,0
64588396,1990,1,4489182,59400963,64588396,5187433,60099214,5187433,54911781,0,0
64835073,271,4,1544974,59646631,64835073,5188442,63290099,5188442,58101657,0,0
64888898,1747,8,4036359,59698992,64888898,5189906,60852539,5189906,55662633,0,0
64891509,254,4,1432295,59698992,64891509,5192517,63459214,5192517,58266697,0,0
64898585,1286,1,3359853,59698992,64898585,5199593,61538732,5199593,56339139,0,0
66083780,36,8,956090,60843982,66083780,5239798,65127690,5239798,59887892,0,0
66088541,1932,1,4353128,60843982,66088541,5244559,61735413,5244559,56490854,0,0
66233829,209,8,1273245,60947201,66233829,5286628,64960584,5286628,59673956,0,0
66571467,80,4,1062187,61283472,66571467,5287995,65509280,5287995,60221285,0,0
66591962,952,1,2811581,61283472,66591962,5308490,63780381,5308490,58471891,0,0
66600485,388,1,1690731,61283472,66600485,5317013,64909754,5317013,59592741,0,0
66608454,971,1,2836246,61283472,66608454,5324982,63772208,5324982,58447226,0,0
66659890,799,1,2485905,61283472,66659890,5376418,64173985,5376418,58797567,0,0
66661533,459,1,1692014,61283472,66661533,5378061,64969519,5378061,59591458,0,0
66687853,458,1,1692001,61283472,66687853,5404381,64995852,5404381,59591471,0,0
66693015,381,1,1690680,61283472,66693015,5409543,65002335,5409543,59592792,0,0
67118354,486,16,1811759,61708000,67118354,5410354,65306595,5410354,59896241,0,0
67124081,1638,2,3798158,61708000,67124081,5416081,63325923,5416081,57909842,0,0
67169016,1783,4,4104398,61752837,67169016,5416179,63064618,5416179,57648439,0,0
67187744,1652,1,3834993,61755529,67187744,5432215,63352751,5432215,57920536,0,0
67191651,443,1,1691611,61755529,67191651,5436122,65500040,5436122,60063918,0,0
68210051,1489,8,3605180,62769950,68210051,5440101,64604871,5440101,59164770,0,0
68242205,1657,8,3845179,62780684,68242205,5461521,64397026,5461521,58935505,0,0
68266084,167,1,1167770,62780684,68266084,5485400,67098314,5485400,61612914,0,0
68309238,1653,1,3837215,62780684,68309238,5528554,64472023,5528554,58943469,0,0
68338272,158,1,1165528,62783696,68338272,5554576,67172744,5554576,61618168,0,0
68356004,1104,1,3055694,62798634,68356004,5557370,65300310,5557370,59742940,0,0
68837500,829,4,2553043,63269413,68837500,5568087,66284457,5568087,60716370,0,0
68839743,817,1,2532070,63269413,68839743,5570330,66307673,5570330,60737343,0,0
69186539,1890,4,4305223,63614818,69186539,5571721,64881316,5571721,59309595,0,0
69190912,907,1,2768658,63614818,69190912,5576094,66422254,5576094,60846160,0,0
69191497,217,4,1284564,63614818,69191497,5576679,67906933,5576679,62330254,0,0
70442283,264,8,1501448,64835073,70442283,5607210,68940835,5607210,63333625,0,0
70503067,1547,4,3665692,64888898,70503067,5614169,66837375,5614169,61223206,0,0
70526012,1681,8,3947752,64891509,70526012,5634503,66578260,5634503,60943757,0,0
71835703,28,8,930880,66083780,71835703,5751923,70904823,5751923,65152900,0,0
72020712,169,8,1181272,66233829,72020712,5786883,70839440,5786883,65052557,0,0
72045334,148,1,1165345,66233829,72045334,5811505,70879989,5811505,65068484,0,0
72386914,69,4,1028041,66571467,72386914,5815447,71358873,5815447,65543426,0,0
73035289,1429,8,3508975,67118354,73035289,5916935,69526314,5916935,63609379,0,0
73096547,869,1,2736572,67118354,73096547,5978193,70359975,5978193,64381782,0,0
73136815,1444,8,3518099,67118354,73136815,6018461,69618716,6018461,63600255,0,0
73161427,368,1,1685688,67118354,73161427,6043073,71475739,6043073,65432666,0,0
73179261,1470,8,3571448,67124081,73179261,6055180,69607813,6055180,63552633,0,0
73433955,1628,1,3796485,67124081,73433955,6309874,69637470,6309874,63327596,0,0
73442553,50,1,999520,67124081,73442553,6318472,72443033,6318472,66124561,0,0
73489435,276,4,1579787,67169016,73489435,6320419,71909648,6320419,65589229,0,0
73567296,414,1,1690880,67169016,73567296,6398280,71876416,6398280,65478136,0,0
74690376,1781,4,4103465,68210051,74690376,6480325,70586911,6480325,64106586,0,0
74742229,526,1,1935047,68210051,74742229,6532178,72807182,6532178,66275004,0,0
74935994,1876,8,4288803,68242205,74935994,6693789,70647191,6693789,63953402,0,0
75550117,1076,8,3013225,68837500,75550117,6712617,72536892,6712617,65824275,0,0
77158662,35,16,953317,70442283,77158662,6716379,76205345,6716379,69488966,0,0
77226642,1650,4,3833043,70503067,77226642,6723575,73393599,6723575,66670024,0,0
77255946,789,8,2480826,70526012,77255946,6729934,74775120,6729934,68045186,0,0
77296269,425,1,1690919,70526012,77296269,6770257,75605350,6770257,68835093,0,0
77315955,1306,1,3362419,70526012,77315955,6789943,73953536,6789943,67163593,0,0
78681454,1863,4,4260899,71835703,78681454,6845751,74420555,6845751,67574804,0,0
78769334,1045,1,2972871,71835703,78769334,6933631,75796463,6933631,68862832,0,0
78780279,1431,1,3510139,71835703,78780279,6944576,75270140,6944576,68325564,0,0
79032779,1752,4,4040559,72020712,79032779,7012067,74992220,7012067,67980153,0,0
79043226,1671,4,3935151,72020712,79043226,7022514,75108075,7022514,68085561,0,0
80093096,639,8,2153614,73035289,80093096,7057807,77939482,7057807,70881675,0,0
80228003,586,8,2007701,73136815,80228003,7091188,78220302,7091188,71129114,0,0
80259000,308,1,1606851,73136815,80259000,7122185,78652149,7122185,71529964,0,0
80275762,98,1,1095479,73136815,80275762,7138947,79180283,7138947,72041336,0,0
80596065,512,16,1879956,73442553,80596065,7153512,78716109,7153512,71562597,0,0
80632427,1191,1,3193483,73442553,80632427,7189874,77438944,7189874,70249070,0,0
80815841,27,8,930730,73567296,80815841,7248545,79885111,7248545,72636566,0,0
81992506,924,8,2795275,74742229,81992506,7250277,79197231,7250277,71946954,0,0
82283671,1600,8,3764205,74935994,82283671,7347677,78519466,7347677,71171789,0,0
82899678,197,4,1253665,75550117,82899678,7349561,81646013,7349561,74296452,0,0
82933848,497,4,1853263,75550117,82933848,7383731,81080585,7383731,73696854,0,0
84660689,1525,1,3623248,77158662,84660689,7502027,81037441,7502027,73535414,0,0
84679190,1545,4,3660369,77158662,84679190,7520528,81018821,7520528,73498293,0,0
84692698,1300,1,3361468,77158662,84692698,7534036,81331230,7534036,73797194,0,0
84936630,90,4,1081252,77158662,84936630,7777968,83855378,7777968,76077410,0,0
84968691,1555,4,3692850,77158662,84968691,7810029,81275841,7810029,73465812,0,0
85094605,737,8,2374026,77255946,85094605,7838659,82720579,7838659,74881920,0,0
85101523,423,1,1690911,77255946,85101523,7845577,83410612,7845577,75565035,0,0
85113615,359,1,1639287,77255946,85113615,7857669,83474328,7857669,75616659,0,0
85129575,403,1,1690836,77255946,85129575,7873629,83438739,7873629,75565110,0,0
86915462,1353,8,3406034,79032779,86915462,7882683,83509428,7882683,75626745,0,0
86928448,430,1,1691309,79032779,86928448,7895669,85237139,7895669,77341470,0,0
88007356,1720,8,3975440,80093096,88007356,7914260,84031916,7914260,76117656,0,0
88007366,558,2,1978456,80093096,88007366,7914270,86028910,7914270,78114640,0,0
88049048,361,1,1639369,80093096,88049048,7955952,86409679,7955952,78453727,0,0
88220064,1825,8,4194251,80228003,88220064,7992061,84025813,7992061,76033752,0,0
88283788,110,1,1098983,80228003,88283788,8055785,87184805,8055785,79129020,0,0
88292525,147,1,1165329,80228003,88292525,8064522,87127196,8064522,79062674,0,0
88452453,10,1,880076,880076,88452453,87572377,87572377,87572377,0,0,0
88767703,1100,8,3053489,80596065,88767703,8171638,85714214,8171638,77542576,0,0
88862233,1640,2,3798201,80596065,88862233,8266168,85064032,8266168,76797864,0,0
88901903,900,8,2758515,80596065,88901903,8305838,86143388,8305838,77837550,0,0
88983292,1054,1,2989800,80596065,88983292,8387227,85993492,8387227,77606265,0,0
89299934,1626,4,3796441,80815841,89299934,8484093,85503493,8484093,77019400,0,0
90594463,75,8,1042649,81992506,90594463,8601957,89551814,8601957,80949857,0,0
90630980,1325,1,3365736,81992506,90630980,8638474,87265244,8638474,78626770,0,0
90931464,1062,8,2995996,82283671,90931464,8647793,87935468,8647793,79287675,0,0
90979401,1630,4,3796527,82283671,90979401,8695730,87182874,8695730,78487144,0,0
91658915,538,4,1952823,82899678,91658915,8759237,89706092,8759237,80946855,0,0
93495825,1961,8,4417173,84679190,93495825,8816635,89078652,8816635,80262017,0,0
93519356,452,1,1691827,84679190,93519356,8840166,91827529,8840166,82987363,0,0
93668700,557,1,1974659,84679190,93668700,8989510,91694041,8989510,82704531,0,0
93969058,273,8,1550718,84968691,93969058,9000367,92418340,9000367,83417973,0,0
94072245,427,1,1691226,84968691,94072245,9103554,92381019,9103554,83277465,0,0
94092262,468,1,1703761,84968691,94092262,9123571,92388501,9123571,83264930,0,0
94247034,714,8,2319610,85094605,94247034,9152429,91927424,9152429,82774995,0,0
96068682,78,8,1062049,86915462,96068682,9153220,95006633,9153220,85853413,0,0
96082110,563,2,1979127,86915462,96082110,9166648,94102983,9166648,84936335,0,0
97226814,1723,8,3997704,88007356,97226814,9219458,93229110,9219458,84009652,0,0
97616483,882,8,2739712,88220064,97616483,9396419,94876771,9396419,85480352,0,0
97630904,1179,1,3193433,88220064,97630904,9410840,94437471,9410840,85026631,0,0
97647110,379,1,1690337,88220064,97647110,9427046,95956773,9427046,86529727,0,0
97703763,1271,1,3344219,88220064,97703763,9483699,94359544,9483699,84875845,0,0
98296373,566,8,1980210,88767703,98296373,9528670,96316163,9528670,86787493,0,0
98330676,1226,1,3193637,88767703,98330676,9562973,95137039,9562973,85574066,0,0
98455572,417,1,1690887,88767703,98455572,9687869,96764685,9687869,87076816,0,0
98640618,1855,8,4245400,88901903,98640618,9738715,94395218,9738715,84656503,0,0
98679258,1060,1,2991721,88901903,98679258,9777355,95687537,9777355,85910182,0,0
98717629,387,1,1690724,88901903,98717629,9815726,97026905,9815726,87211179,0,0
98741737,369,1,1685757,88901903,98741737,9839834,97055980,9839834,87216146,0,0
98760810,536,1,1952420,88901903,98760810,9858907,96808390,9858907,86949483,0,0
100530441,939,8,2807374,90594463,100530441,9935978,97723067,9935978,87787089,0,0
100538060,362,1,1639430,90594463,100538060,9943597,98898630,9943597,88955033,0,0
100539220,1651,1,3834945,90594463,100539220,9944757,96704275,9944757,86759518,0,0
100921190,115,8,1101445,90931464,100921190,9989726,99819745,9989726,89830019,0,0
100921901,833,1,2632777,90931464,100921901,9990437,98289124,9990437,88298687,0,0
101721423,1245,8,3252017,91658915,101721423,10062508,98469406,10062508,88406898,0,0
103604344,696,8,2297936,93495825,103604344,10108519,101306408,10108519,91197889,0,0
104292591,522,4,1930098,93969058,104292591,10323533,102362493,10323533,92038960,0,0
104346268,466,1,1692810,93969058,104346268,10377210,102653458,10377210,92276248,0,0
104620479,1400,8,3449080,94092262,104620479,10528217,101171399,10528217,90643182,0,0
104729469,422,1,1690906,94092262,104729469,10637207,103038563,10637207,92401356,0,0
104761980,93,1,1088222,94092262,104761980,10669718,103673758,10669718,93004040,0,0
104817508,499,1,1860327,94092262,104817508,10725246,102957181,10725246,92231935,0,0
104872856,1043,1,2972813,94092262,104872856,10780594,101900043,10780594,91119449,0,0
105042785,230,8,1339183,94247034,105042785,10795751,103703602,10795751,92907851,0,0
106870753,728,8,2344821,96068682,106870753,10802071,104525932,10802071,93723861,0,0
108078323,1560,8,3695009,97226814,108078323,10851509,104383314,10851509,93531805,0,0
108113255,516,1,1889570,97226814,108113255,10886441,106223685,10886441,95337244,0,0
108128893,6,8,627951,627951,108128893,107500942,107500942,107500942,0,0,0
108147657,1183,1,3193452,97226814,108147657,10920843,104954205,10920843,94033362,0,0
108303532,1622,1,3794697,97226814,108303532,11076718,104508835,11076718,93432117,0,0
108710006,46,4,991717,97616483,108710006,11093523,107718289,11093523,96624766,0,0
108947914,1437,4,3516892,97616483,108947914,11331431,105431022,11331431,94099591,0,0
109025915,540,1,1957901,97630904,109025915,11395011,107068014,11395011,95673003,0,0
109820560,1551,8,3688899,98296373,109820560,11524187,106131661,11524187,94607474,0,0
110195546,1602,8,3764385,98640618,110195546,11554928,106431161,11554928,94876233,0,0
110221710,1495,1,3615597,98640618,110221710,11581092,106606113,11581092,95025021,0,0
110260470,447,1,1691721,98640618,110260470,11619852,108568749,11619852,96948897,0,0
110298374,400,1,1690813,98640618,110298374,11657756,108607561,11657756,96949805,0,0
110338692,888,1,2743130,98640618,110338692,11698074,107595562,11698074,95897488,0,0
110409466,392,1,1690759,98679258,110409466,11730208,108718707,11730208,96988499,0,0
110459945,431,1,1691328,98717629,110459945,11742316,108768617,11742316,97026301,0,0
110492542,432,1,1691363,98741737,110492542,11750805,108801179,11750805,97050374,0,0
111177453,5,8,600049,600049,111177453,110577404,110577404,110577404,0,0,0
112692989,34,16,953266,100921190,112692989,11771799,111739723,11771799,99967924,0,0
112712137,391,1,1690752,100921190,112712137,11790947,111021385,11790947,99230438,0,0
112798934,109,1,1098951,100921190,112798934,11877744,111699983,11877744,99822239,0,0
112822536,358,1,1639246,100921190,112822536,11901346,111183290,11901346,99281944,0,0
112929747,574,1,1988375,100921901,112929747,12007846,110941372,12007846,98933526,0,0
113752362,166,1,1167748,101721423,113752362,12030939,112584614,12030939,100553675,0,0
113765219,1192,1,3193487,101721423,113765219,12043796,110571732,12043796,98527936,0,0
113842315,1441,1,3517379,101721423,113842315,12120892,110324936,12120892,98204044,0,0
115798179,1965,8,4421903,103604344,115798179,12193835,111376276,12193835,99182441,0,0
115989195,1664,1,3876343,103604344,115989195,12384851,112112852,12384851,99728001,0,0
116006046,1774,4,4090632,103604344,116006046,12401702,111915414,12401702,99513712,0,0
116772251,1254,1,3279636,104292591,116772251,12479660,113492615,12479660,101012955,0,0
117103720,1817,4,4179419,104620479,117103720,12483241,112924301,12483241,100441060,0,0
117667259,1601,8,3764312,105042785,117667259,12624474,113902947,12624474,101278473,0,0
117688470,1393,1,3444949,105042785,117688470,12645685,114243521,12645685,101597836,0,0
119629564,173,8,1207706,106870753,119629564,12758811,118421858,12758811,105663047,0,0
120846480,1813,8,4169731,108078323,120846480,12768157,116676749,12768157,103908592,0,0
120909112,1988,8,4487069,108128893,120909112,12780219,116422043,12780219,103641824,0,0
120964662,436,1,1691458,108128893,120964662,12835769,119273204,12835769,106437435,0,0
121052738,416,1,1690886,108128893,121052738,12923845,119361852,12923845,106438007,0,0
121063011,1257,4,3310362,108128893,121063011,12934118,117752649,12934118,104818531,0,0
122760936,1484,16,3603092,109820560,122760936,12940376,119157844,12940376,106217468,0,0
122774085,44,1,990526,109820560,122774085,12953525,121783559,12953525,108830034,0,0
123155048,991,8,2867960,110195546,123155048,12959502,120287088,12959502,107327586,0,0
123217181,420,1,1690898,110195546,123217181,13021635,121526283,13021635,108504648,0,0
123389409,873,1,2736644,110195546,123389409,13193863,120652765,13193863,107458902,0,0
123397031,136,1,1161574,110195546,123397031,13201485,122235457,13201485,109033972,0,0
123583261,572,1,1982246,110195546,123583261,13387715,121601015,13387715,108213300,0,0
123601442,150,1,1165380,110195546,123601442,13405896,122436062,13405896,109030166,0,0
124791684,218,4,1284590,111177453,124791684,13614231,123507094,13614231,109892863,0,0
124823617,99,1,1095513,111177453,124823617,13646164,123728104,13646164,110081940,0,0
126365435,29,8,931137,112692989,126365435,13672446,125434298,13672446,111761852,0,0
126382003,984,4,2842353,112692989,126382003,13689014,123539650,13689014,109850636,0,0
126708571,1914,1,4312695,112692989,126708571,14015582,122395876,14015582,108380294,0,0
126811166,1371,1,3428093,112692989,126811166,14118177,123383073,14118177,109264896,0,0
126901834,355,8,1619883,112692989,126901834,14208845,125281951,14208845,111073106,0,0
127059562,155,1,1165474,112692989,127059562,14366573,125894088,14366573,111527515,0,0
127083122,1194,1,3193499,112692989,127083122,14390133,123889623,14390133,109499490,0,0
130385805,1252,8,3273178,115798179,130385805,14587626,127112627,14587626,112525001,0,0
130894960,1144,7,3088486,115989195,130894960,14905765,127806474,14905765,112900709,0,0
131722879,249,8,1409023,116772251,131722879,14950628,130313856,14950628,115363228,0,0
131832582,1625,1,3796419,116772251,131832582,15060331,128036163,15060331,112975832,0,0
131833075,373,1,1690269,116772251,131833075,15060824,130142806,15060824,115081982,0,0
131934119,145,1,1165303,116772251,131934119,15161868,130768816,15161868,115606948,0,0
134795212,1384,16,3443613,119629564,134795212,15165648,131351599,15165648,116185951,0,0
134845879,1572,4,3706242,119629564,134845879,15216315,131139637,15216315,115923322,0,0
136476831,518,8,1895143,120846480,136476831,15630351,134581688,15630351,118951337,0,0
136701987,1619,8,3790445,120909112,136701987,15792875,132911542,15792875,117118667,0,0
136765907,1504,1,3617511,120909112,136765907,15856795,133148396,15856795,117291601,0,0
136987014,1312,1,3363209,120964662,136987014,16022352,133623805,16022352,117601453,0,0
138878983,1923,8,4336958,122760936,138878983,16118047,134542025,16118047,118423978,0,0
138929123,1561,1,3696452,122760936,138929123,16168187,135232671,16168187,119064484,0,0
138936786,419,1,1690894,122760936,138936786,16175850,137245892,16175850,121070042,0,0
138949505,1861,8,4259695,122760936,138949505,16188569,134689810,16188569,118501241,0,0
139367650,795,8,2483315,123155048,139367650,16212602,136884335,16212602,120671733,0,0
142624422,1553,16,3691977,126382003,142624422,16242419,138932445,16242419,122690026,0,0
142716049,1641,2,3798226,126382003,142716049,16334046,138917823,16334046,122583777,0,0
143275422,1075,8,3005983,126901834,143275422,16373588,140269439,16373588,123895851,0,0
147494816,654,8,2191212,130385805,147494816,17109011,145303604,17109011,128194593,0,0
147549105,1133,1,3079721,130385805,147549105,17163300,144469384,17163300,127306084,0,0
147831651,1193,1,3193495,130385805,147831651,17445846,144638156,17445846,127192310,0,0
147837578,1184,1,3193455,130385805,147837578,17451773,144644123,17451773,127192350,0,0
149214616,519,16,1918310,131722879,149214616,17491737,147296306,17491737,129804569,0,0
152308911,179,8,1240489,134795212,152308911,17513699,151068422,17513699,133554723,0,0
152587203,1912,1,4312420,134795212,152587203,17791991,148274783,17791991,130482792,0,0
154518455,1899,32,4307901,136701987,154518455,17816468,150210554,17816468,132394086,0,0
154629522,1845,1,4222975,136701987,154629522,17927535,150406547,17927535,132479012,0,0
156866762,1608,8,3771100,138878983,156866762,17987779,153095662,17987779,135107883,0,0
156960803,94,4,1092167,138936786,156960803,18024017,155868636,18024017,137844619,0,0
157135683,946,1,2810895,138936786,157135683,18198897,154324788,18198897,136125891,0,0
157221091,67,8,1025721,138949505,157221091,18271586,156195370,18271586,137923784,0,0
157940545,1836,8,4214464,139367650,157940545,18572895,153726081,18572895,135153186,0,0
158000344,1162,1,3138858,139367650,158000344,18632694,154861486,18632694,136228792,0,0
158666488,1229,1,3193648,139367650,158666488,19298838,155472840,19298838,136174002,0,0
158743139,1207,1,3193559,139367650,158743139,19375489,155549580,19375489,136174091,0,0
158771495,460,1,1692034,139367650,158771495,19403845,157079461,19403845,137675616,0,0
162094980,396,1,1690786,142624422,162094980,19470558,160404194,19470558,140933636,0,0
162119173,1785,4,4107881,142624422,162119173,19494751,158011292,19494751,138516541,0,0
162166869,750,8,2404645,142624422,162166869,19542447,159762224,19542447,140219777,0,0
162174864,440,1,1691558,142624422,162174864,19550442,160483306,19550442,140932864,0,0
162983577,26,8,930392,143275422,162983577,19708155,162053185,19708155,142345030,0,0
167502262,717,8,2322912,147494816,167502262,20007446,165179350,20007446,145171904,0,0
167887195,1230,1,3193652,147494816,167887195,20392379,164693543,20392379,144301164,0,0
169769109,1339,8,3371496,149214616,169769109,20554493,166397613,20554493,145843120,0,0
170340267,474,1,1713634,149214616,170340267,21125651,168626633,21125651,147500982,0,0
170422212,1157,8,3114770,149214616,170422212,21207596,167307442,21207596,146099846,0,0
170556655,1121,1,3067957,149214616,170556655,21342039,167488698,21342039,146146659,0,0
173931600,229,8,1336414,152308911,173931600,21622689,172595186,21622689,150972497,0,0
174071459,475,1,1713637,152308911,174071459,21762548,172357822,21762548,150595274,0,0
174114794,399,1,1690807,152308911,174114794,21805883,172423987,21805883,150618104,0,0
174500296,1264,1,3340533,152308911,174500296,22191385,171159763,22191385,148968378,0,0
174558042,103,1,1095725,152308911,174558042,22249131,173462317,22249131,151213186,0,0
176792161,1877,8,4289489,154518455,176792161,22273706,172502672,22273706,150228966,0,0
176961060,1305,16,3362331,154518455,176961060,22442605,173598729,22442605,151156124,0,0
176991577,134,1,1161521,154518455,176991577,22473122,175830056,22473122,153356934,0,0
177019666,747,8,2403373,154518455,177019666,22501211,174616293,22501211,152115082,0,0
177353052,1313,1,3363305,154629522,177353052,22723530,173989747,22723530,151266217,0,0
179621946,606,8,2008272,156866762,179621946,22755184,177613674,22755184,154858490,0,0
180079262,758,1,2409759,156960803,180079262,23118459,177669503,23118459,154551044,0,0
180111558,1662,1,3858030,156960803,180111558,23150755,176253528,23150755,153102773,0,0
180644506,374,1,1690276,156960803,180644506,23683703,178954230,23683703,155270527,0,0
180688836,123,1,1118114,156960803,180688836,23728033,179570722,23728033,155842689,0,0
180982537,1857,1,4256276,157135683,180982537,23846854,176726261,23846854,152879407,0,0
181255624,573,1,1982272,157221091,181255624,24034533,179273352,24034533,155238819,0,0
182158473,642,8,2157440,157940545,182158473,24217928,180001033,24217928,155783105,0,0
182171416,1910,1,4311954,157940545,182171416,24230871,177859462,24230871,153628591,0,0
182172196,390,1,1690745,157940545,182172196,24231651,180481451,24231651,156249800,0,0
186687003,207,8,1271714,162119173,186687003,24567830,185415289,24567830,160847459,0,0
187134888,1607,8,3770918,162166869,187134888,24968019,183363970,24968019,158395951,0,0
187402382,1211,1,3193575,162166869,187402382,25235513,184208807,25235513,158973294,0,0
188272334,1235,1,3193670,162166869,188272334,26105465,185078664,26105465,158973199,0,0
189106326,1606,8,3770850,162983577,189106326,26122749,185335476,26122749,159212727,0,0
193701099,778,8,2454643,167502262,193701099,26198837,191246456,26198837,165047619,0,0
195977136,1085,8,3019184,169769109,195977136,26208027,192957952,26208027,166749925,0,0
196332665,450,1,1691783,169769109,196332665,26563556,194640882,26563556,168077326,0,0
197888717,31,8,938339,170422212,197888717,27466505,196950378,27466505,169483873,0,0
201461224,1778,8,4095052,173931600,201461224,27529624,197366172,27529624,169836548,0,0
205770924,84,8,1071580,176792161,205770924,28978763,204699344,28978763,175720581,0,0
206374563,1826,8,4194650,176961060,206374563,29413503,202179913,29413503,172766410,0,0
206410280,628,8,2150028,176961060,206410280,29449220,204260252,29449220,174811032,0,0
206697898,461,1,1692048,176961060,206697898,29736838,205005850,29736838,175269012,0,0
206807576,1202,1,3193540,176961060,206807576,29846516,203614036,29846516,173767520,0,0
207230418,1754,16,4044551,177353052,207230418,29877366,203185867,29877366,173308501,0,0
207248155,444,1,1691634,177353052,207248155,29895103,205556521,29895103,175661418,0,0
207347594,462,1,1692068,177353052,207347594,29994542,205655526,29994542,175660984,0,0
209981401,1851,8,4229135,179621946,209981401,30359455,205752266,30359455,175392811,0,0
210172840,113,1,1099104,179621946,210172840,30550894,209073736,30550894,178522842,0,0
210743632,149,1,1165363,180079262,210743632,30664370,209578269,30664370,178913899,0,0
210990848,405,1,1690850,180111558,210990848,30879290,209299998,30879290,178420708,0,0
211695598,139,1,1161611,180644506,211695598,31051092,210533987,31051092,179482895,0,0
211847710,619,1,2057998,180688836,211847710,31158874,209789712,31158874,178630838,0,0
213959132,616,2,2008509,182158473,213959132,31800659,211950623,31800659,180149964,0,0
218492730,1151,8,3107807,186687003,218492730,31805727,215384923,31805727,183579196,0,0
219749675,1071,8,3005048,187134888,219749675,32614787,216744627,32614787,184129840,0,0
221735726,1467,8,3563716,189106326,221735726,32629400,218172010,32629400,185542610,0,0
221948949,682,1,2237532,189106326,221948949,32842623,219711417,32842623,186868794,0,0
227462812,687,8,2252454,193701099,227462812,33761713,225210358,33761713,191448645,0,0
233064234,1374,16,3428655,197888717,233064234,35175517,229635579,35175517,194460062,0,0
233959513,1492,1,3615154,197888717,233959513,36070796,230344359,36070796,194273563,0,0
238080534,1856,8,4248721,201461224,238080534,36619310,233831813,36619310,197212503,0,0
243008403,785,8,2472181,205770924,243008403,37237479,240536222,37237479,203298743,0,0
244191791,745,8,2388060,206374563,244191791,37817228,241803731,37817228,203986503,0,0
244585730,1203,1,3193544,206374563,244585730,38211167,241392186,38211167,203181019,0,0
245957964,1753,16,4043556,207230418,245957964,38727546,241914408,38727546,203186862,0,0
245963505,1529,8,3623818,207230418,245963505,38733087,242339687,38733087,203606600,0,0
249724463,1174,8,3168827,209981401,249724463,39743062,246555636,39743062,206812574,0,0
250184726,1038,8,2964423,210172840,250184726,40011886,247220303,40011886,207208417,0,0
252251981,1198,1,3193517,210172840,252251981,42079141,249058464,42079141,206979323,0,0
252324632,1228,1,3193644,210172840,252324632,42151792,249130988,42151792,206979196,0,0
252495303,1186,1,3193463,210172840,252495303,42322463,249301840,42322463,206979377,0,0
254363189,1008,4,2890017,211847710,254363189,42515479,251473172,42515479,208957693,0,0
254907425,527,1,1936564,211847710,254907425,43059715,252970861,43059715,209911146,0,0
256865634,383,1,1690695,211847710,256865634,45017924,255174939,45017924,210157015,0,0
266173481,1864,16,4260900,219749675,266173481,46423806,261912581,46423806,215488775,0,0
268195039,1440,8,3517295,221735726,268195039,46459313,264677744,46459313,218218431,0,0
268594635,955,4,2814649,221735726,268594635,46858909,265779986,46858909,218921077,0,0
269458802,370,1,1685912,221948949,269458802,47509853,267772890,47509853,220263037,0,0
275449453,192,8,1251444,227462812,275449453,47986641,274198009,47986641,226211368,0,0
282538114,528,4,1941972,233064234,282538114,49473880,280596142,49473880,231122262,0,0
284620386,418,1,1690891,233064234,284620386,51556152,282929495,51556152,231373343,0,0
287663940,1381,8,3440492,233064234,287663940,54599706,284223448,54599706,229623742,0,0
293560622,1645,8,3821570,238080534,293560622,55480088,289739052,55480088,234258964,0,0
293783231,473,1,1713480,238080534,293783231,55702697,292069751,55702697,236367054,0,0
294152701,1219,1,3193604,238080534,294152701,56072167,290959097,56072167,234886930,0,0
294161876,1209,1,3193568,238080534,294161876,56081342,290968308,56081342,234886966,0,0
303906240,120,8,1114093,243008403,303906240,60897837,302792147,60897837,241894310,0,0
305554964,1982,8,4480780,244191791,305554964,61363173,301074184,61363173,239711011,0,0
307808629,646,8,2170440,245957964,307808629,61850665,305638189,61850665,243787524,0,0
308327546,1238,8,3195047,245957964,308327546,62369582,305132499,62369582,242762917,0,0
308358068,1480,1,3599672,245957964,308358068,62400104,304758396,62400104,242358292,0,0
308583918,1913,1,4312491,245957964,308583918,62625954,304271427,62625954,241645473,0,0
311719831,1232,1,3193659,245963505,311719831,65756326,308526172,65756326,242769846,0,0
316294701,1860,8,4259669,249724463,316294701,66570238,312035032,66570238,245464794,0,0
321572529,1598,8,3763948,250184726,321572529,71387803,317808581,71387803,246420778,0,0
326632961,559,8,1978795,254363189,326632961,72269772,324654166,72269772,252384394,0,0
338572260,1485,4,3603227,266173481,338572260,72398779,334969033,72398779,262570254,0,0
343344588,641,8,2156743,266173481,343344588,77171107,341187845,77171107,264016738,0,0
348878779,1115,8,3059922,268195039,348878779,80683740,345818857,80683740,265135117,0,0
350719971,1632,1,3797231,268195039,350719971,82524932,346922740,82524932,264397808,0,0
357822611,282,8,1587573,268594635,357822611,89227976,356235038,89227976,267007062,0,0
368387165,1975,8,4443663,275449453,368387165,92937712,363943502,92937712,271005790,0,0
368513692,1511,1,3619305,275449453,368513692,93064239,364894387,93064239,271830148,0,0
380930694,1528,8,3623665,287663940,380930694,93266754,377307029,93266754,284040275,0,0
381439014,1915,1,4312850,287663940,381439014,93775074,377126164,93775074,283351090,0,0
392974117,412,1,1690875,287663940,392974117,105310177,391283242,105310177,285973065,0,0
397959570,1911,1,4312249,287663940,397959570,110295630,393647321,110295630,283351691,0,0
412555582,1536,8,3628889,293560622,412555582,118994960,408926693,118994960,289931733,0,0
413261632,498,1,1860323,293560622,413261632,119701010,411401309,119701010,291700299,0,0
431523426,250,8,1422864,303906240,431523426,127617186,430100562,127617186,302483376,0,0
454608331,1552,8,3691049,305554964,454608331,149053367,450917282,149053367,301863915,0,0
681288427,1358,1,3411993,305554964,681288427,375733463,677876434,375733463,302142971,0,0
730534520,1222,1,3193617,305554964,730534520,424979556,727340903,424979556,302361347,0,0
