time,job_id,num_gpu,submit_time,start_time,end_time,executed_time,JCT,duration,pending_time,preempt,promote
530126,1,8,70024,70024,530126,460102,460102,460102,0,0,0
2059695,2,4,135296,135296,2059695,1924399,1924399,1924399,0,0,0
3184992,4,4,265278,265278,3184992,2919714,2919714,2919714,0,0,0
3756013,7,8,318802,318802,3756013,3437211,3437211,3437211,0,0,0
5113466,8,8,319542,319542,5113466,4793924,4793924,4793924,0,0,0
6167771,11,16,323049,323049,6167771,5844722,5844722,5844722,0,0,0
6498729,13,16,324387,324387,6498729,6174342,6174342,6174342,0,0,0
6720840,0,4,0,0,6720840,6720840,6720840,6720840,0,0,0
6813556,18,16,394933,6498729,6813556,314827,6418623,314827,6103796,0,0
9766457,15,16,394438,2059695,9766457,7706762,9372019,7706762,1665257,0,0
11166106,16,16,394610,5113466,11166106,6052640,10771496,6052640,4718856,0,0
11260401,9,8,319849,319849,11260401,10940552,10940552,10940552,0,0,0
11925243,21,16,400593,9766457,11925243,2158786,11524650,2158786,9365864,0,0
12211582,24,16,401067,11925243,12211582,286339,11810515,286339,11524176,0,0
12435772,22,16,400756,11166106,12435772,1269666,12035016,1269666,10765350,0,0
14757961,17,16,394774,6167771,14757961,8590190,14363187,8590190,5772997,0,0
14759223,32,1,664372,14757961,14759223,1262,14094851,1262,14093589,0,0
14783460,33,1,664544,14757961,14783460,25499,14118916,25499,14093417,0,0
14908817,31,1,664358,14757961,14908817,150856,14244459,150856,14093603,0,0
15029028,25,8,401222,12211582,15029028,2817446,14627806,2817446,11810360,0,0
15029791,41,1,737793,15029028,15029791,763,14291998,763,14291235,0,0
15033312,38,1,737775,15029028,15033312,4284,14295537,4284,14291253,0,0
15054831,42,1,737803,15029028,15054831,25803,14317028,25803,14291225,0,0
15059841,39,1,737781,15029028,15059841,30813,14322060,30813,14291247,0,0
15060118,45,1,737821,15033312,15060118,26806,14322297,26806,14295491,0,0
15065686,47,1,737837,15059841,15065686,5845,14327849,5845,14322004,0,0
15077455,49,1,737849,15065686,15077455,11769,14339606,11769,14327837,0,0
15115269,34,1,664555,14757961,15115269,357308,14450714,357308,14093406,0,0
15129172,40,1,737788,15029028,15129172,100144,14391384,100144,14291240,0,0
15221604,48,1,737844,15060118,15221604,161486,14483760,161486,14322274,0,0
15223323,53,1,737875,15221604,15223323,1719,14485448,1719,14483729,0,0
15241952,54,1,737884,15223323,15241952,18629,14504068,18629,14485439,0,0
15243592,55,1,737891,15241952,15243592,1640,14505701,1640,14504061,0,0
15254393,56,1,737896,15243592,15254393,10801,14516497,10801,14505696,0,0
15255431,57,1,737902,15254393,15255431,1038,14517529,1038,14516491,0,0
15256461,58,1,737907,15255431,15256461,1030,14518554,1030,14517524,0,0
15257775,43,1,737808,15029028,15257775,228747,14519967,228747,14291220,0,0
15262772,52,1,737868,15129172,15262772,133600,14524904,133600,14391304,0,0
15328432,51,1,737861,15115269,15328432,213163,14590571,213163,14377408,0,0
15370109,50,1,737855,15077455,15370109,292654,14632254,292654,14339600,0,0
15371109,62,1,737934,15328432,15371109,42677,14633175,42677,14590498,0,0
15372981,64,1,737946,15371109,15372981,1872,14635035,1872,14633163,0,0
15385002,63,1,737941,15370109,15385002,14893,14647061,14893,14632168,0,0
15386337,66,1,737957,15385002,15386337,1335,14648380,1335,14647045,0,0
15391417,60,1,737918,15257775,15391417,133642,14653499,133642,14519857,0,0
15411841,65,1,737952,15372981,15411841,38860,14673889,38860,14635029,0,0
15413519,46,1,737830,15054831,15413519,358688,14675689,358688,14317001,0,0
15415315,68,1,737967,15391417,15415315,23898,14677348,23898,14653450,0,0
15422627,30,4,573378,14757961,15422627,664666,14849249,664666,14184583,0,0
15422857,71,1,737989,15415315,15422857,7542,14684868,7542,14677326,0,0
15423080,70,1,737984,15413519,15423080,9561,14685096,9561,14675535,0,0
15428814,72,1,737996,15422627,15428814,6187,14690818,6187,14684631,0,0
15430649,74,1,738019,15422627,15430649,8022,14692630,8022,14684608,0,0
15438672,76,1,738038,15422857,15438672,15815,14700634,15815,14684819,0,0
15446893,59,1,737912,15256461,15446893,190432,14708981,190432,14518549,0,0
15449948,79,1,738082,15430649,15449948,19299,14711866,19299,14692567,0,0
15454036,73,1,738002,15422627,15454036,31409,14716034,31409,14684625,0,0
15472520,83,1,738129,15454036,15472520,18484,14734391,18484,14715907,0,0
15503948,78,1,738069,15428814,15503948,75134,14765879,75134,14690745,0,0
15504162,82,1,738116,15449948,15504162,54214,14766046,54214,14711832,0,0
15505096,86,1,738163,15504162,15505096,934,14766933,934,14765999,0,0
15512635,77,1,738049,15423080,15512635,89555,14774586,89555,14685031,0,0
15519478,85,1,738153,15503948,15519478,15530,14781325,15530,14765795,0,0
15531493,44,1,737814,15029791,15531493,501702,14793679,501702,14291977,0,0
15536655,67,1,737962,15386337,15536655,150318,14798693,150318,14648375,0,0
15546374,89,1,738201,15519478,15546374,26896,14808173,26896,14781277,0,0
15554161,87,1,738170,15505096,15554161,49065,14815991,49065,14766926,0,0
15622107,35,1,674938,14757961,15622107,864146,14947169,864146,14083023,0,0
15629137,75,1,738025,15422627,15629137,206510,14891112,206510,14684602,0,0
15653426,80,1,738097,15438672,15653426,214754,14915329,214754,14700575,0,0
15662799,69,1,737973,15411841,15662799,250958,14924826,250958,14673868,0,0
15664348,84,1,738137,15472520,15664348,191828,14926211,191828,14734383,0,0
15685544,81,1,738103,15446893,15685544,238651,14947441,238651,14708790,0,0
15689748,90,1,738211,15531493,15689748,158255,14951537,158255,14793282,0,0
15689890,88,1,738194,15512635,15689890,177255,14951696,177255,14774441,0,0
15699965,61,1,737924,15262772,15699965,437193,14962041,437193,14524848,0,0
16865031,92,4,766066,15689890,16865031,1175141,16098965,1175141,14923824,0,0
19677929,37,4,686742,15029028,19677929,4648901,18991187,4648901,14342286,0,0
19730725,91,4,766066,15664348,19730725,4066377,18964659,4066377,14898282,0,0
21043245,28,8,401681,12435772,21043245,8607473,20641564,8607473,12034091,0,0
22661958,97,4,766093,21043245,22661958,1618713,21895865,1618713,20277152,0,0
24204362,19,8,395522,6720840,24204362,17483522,23808840,17483522,6325318,0,0
24257079,27,8,401530,12435772,24257079,11821307,23855549,11821307,12034242,0,0
24841920,96,4,766078,19730725,24841920,5111195,24075842,5111195,18964647,0,0
25051102,36,4,686170,15029028,25051102,10022074,24364932,10022074,14342858,0,0
25141085,93,4,766066,15699965,25141085,9441120,24375019,9441120,14933899,0,0
26481098,101,4,781010,24204362,26481098,2276736,25700088,2276736,23423352,0,0
26626920,94,4,766068,16865031,26626920,9761889,25860852,9761889,16098963,0,0
27081577,104,4,784410,24841920,27081577,2239657,26297167,2239657,24057510,0,0
27254281,100,4,780879,24204362,27254281,3049919,26473402,3049919,23423483,0,0
28110025,29,4,504171,14757961,28110025,13352064,27605854,13352064,14253790,0,0
28308507,111,4,820970,28110025,28308507,198482,27487537,198482,27289055,0,0
30311895,112,4,821081,28308507,30311895,2003388,29490814,2003388,27487426,0,0
31866642,98,4,766112,21043245,31866642,10823397,31100530,10823397,20277133,0,0
32241069,102,4,782660,24257079,32241069,7983990,31458409,7983990,23474419,0,0
32401653,114,8,854174,32241069,32401653,160584,31547479,160584,31386895,0,0
32508920,106,4,817942,25141085,32508920,7367835,31690978,7367835,24323143,0,0
32561210,115,8,854174,32401653,32561210,159557,31707036,159557,31547479,0,0
32562770,116,8,854211,32561210,32562770,1560,31708559,1560,31706999,0,0
32564460,117,8,854694,32562770,32564460,1690,31709766,1690,31708076,0,0
32611209,118,8,854728,32564460,32611209,46749,31756481,46749,31709732,0,0
32641718,119,8,855109,32611209,32641718,30509,31786609,30509,31756100,0,0
32723053,120,8,855115,32641718,32723053,81335,31867938,81335,31786603,0,0
32831673,121,8,855118,32723053,32831673,108620,31976555,108620,31867935,0,0
32833616,122,8,857621,32831673,32833616,1943,31975995,1943,31974052,0,0
33202484,123,8,857634,32833616,33202484,368868,32344850,368868,31975982,0,0
33204127,124,8,857638,33202484,33204127,1643,32346489,1643,32344846,0,0
33521961,105,4,817779,25051102,33521961,8470859,32704182,8470859,24233323,0,0
34388644,126,8,857742,33521961,34388644,866683,33530902,866683,32664219,0,0
34509822,95,4,766070,19677929,34509822,14831893,33743752,14831893,18911859,0,0
38349245,26,8,401376,12211582,38349245,26137663,37947869,26137663,11810206,0,0
38359154,128,8,857760,38349245,38359154,9909,37501394,9909,37491485,0,0
38941855,99,4,766117,22661958,38941855,16279897,38175738,16279897,21895841,0,0
40502602,107,4,820095,26481098,40502602,14021504,39682507,14021504,25661003,0,0
42277828,131,8,861361,40502602,42277828,1775226,41416467,1775226,39641241,0,0
42414350,108,4,820394,26626920,42414350,15787430,41593956,15787430,25806526,0,0
42819235,130,4,857974,38359154,42819235,4460081,41961261,4460081,37501180,0,0
42875829,133,8,869026,42819235,42875829,56594,42006803,56594,41950209,0,0
43319985,132,8,861366,42277828,43319985,1042157,42458619,1042157,41416462,0,0
44034177,135,4,905181,43319985,44034177,714192,43128996,714192,42414804,0,0
44095296,125,8,857704,33204127,44095296,10891169,43237592,10891169,32346423,0,0
44371770,12,8,324143,324143,44371770,44047627,44047627,44047627,0,0,0
44681814,137,4,960177,44034177,44681814,647637,43721637,647637,43074000,0,0
44684051,140,4,962109,44681814,44684051,2237,43721942,2237,43719705,0,0
44742505,141,4,962888,44684051,44742505,58454,43779617,58454,43721163,0,0
44850824,138,8,960874,44095296,44850824,755528,43889950,755528,43134422,0,0
44915328,142,8,963205,44850824,44915328,64504,43952123,64504,43887619,0,0
45474831,143,8,963492,44915328,45474831,559503,44511339,559503,43951836,0,0
47100626,144,4,963852,44915328,47100626,2185298,46136774,2185298,43951476,0,0
49916887,145,8,964317,45474831,49916887,4442056,48952570,4442056,44510514,0,0
51041371,146,8,964711,49916887,51041371,1124484,50076660,1124484,48952176,0,0
51427614,20,8,395836,6813556,51427614,44614058,51031778,44614058,6417720,0,0
51952809,134,8,869029,42875829,51952809,9076980,51083780,9076980,42006800,0,0
54461224,148,8,965420,51041371,54461224,3419853,53495804,3419853,50075951,0,0
54477937,151,8,995735,54461224,54477937,16713,53482202,16713,53465489,0,0
55104345,152,8,995747,54477937,55104345,626408,54108598,626408,53482190,0,0
55569586,150,8,995729,51952809,55569586,3616777,54573857,3616777,50957080,0,0
55604411,153,8,995749,55104345,55604411,500066,54608662,500066,54108596,0,0
55738556,155,8,995891,55604411,55738556,134145,54742665,134145,54608520,0,0
55769703,156,8,996355,55738556,55769703,31147,54773348,31147,54742201,0,0
55806784,154,8,995886,55569586,55806784,237198,54810898,237198,54573700,0,0
55911674,157,8,996356,55769703,55911674,141971,54915318,141971,54773347,0,0
55972385,159,8,996533,55911674,55972385,60711,54975852,60711,54915141,0,0
56097230,103,4,783187,24257079,56097230,31840151,55314043,31840151,23473892,0,0
56312948,158,8,996359,55806784,56312948,506164,55316589,506164,54810425,0,0
56641950,160,8,996544,55972385,56641950,669565,55645406,669565,54975841,0,0
57226550,161,8,996548,56312948,57226550,913602,56230002,913602,55316400,0,0
57675181,147,4,965019,49916887,57675181,7758294,56710162,7758294,48951868,0,0
57867370,165,4,1019194,57226550,57867370,640820,56848176,640820,56207356,0,0
58505421,162,4,1019104,56312948,58505421,2192473,57486317,2192473,55293844,0,0
59777990,139,8,962031,44371770,59777990,15406220,58815959,15406220,43409739,0,0
60101194,164,4,1019170,56641950,60101194,3459244,59082024,3459244,55622780,0,0
60159284,170,8,1047356,60101194,60159284,58090,59111928,58090,59053838,0,0
60830028,171,8,1047360,60159284,60830028,670744,59782668,670744,59111924,0,0
61033695,172,8,1047379,60830028,61033695,203667,59986316,203667,59782649,0,0
61456444,169,8,1047350,59777990,61456444,1678454,60409094,1678454,58730640,0,0
61485047,174,8,1047391,61456444,61485047,28603,60437656,28603,60409053,0,0
61768525,175,8,1047393,61485047,61768525,283478,60721132,283478,60437654,0,0
63733270,168,4,1039080,57867370,63733270,5865900,62694190,5865900,56828290,0,0
64054597,173,8,1047390,61033695,64054597,3020902,63007207,3020902,59986305,0,0
64056056,177,8,1047409,64054597,64056056,1459,63008647,1459,63007188,0,0
64270899,176,8,1047404,61768525,64270899,2502374,63223495,2502374,60721121,0,0
64422427,163,4,1019109,56641950,64422427,7780477,63403318,7780477,55622841,0,0
64703578,110,4,820685,27254281,64703578,37449297,63882893,37449297,26433596,0,0
66448988,23,16,400914,11260401,66448988,55188587,66048074,55188587,10859487,0,0
66751416,129,8,857791,38359154,66751416,28392262,65893625,28392262,37501363,0,0
66927541,181,8,1096098,66448988,66927541,478553,65831443,478553,65352890,0,0
67640565,180,8,1096082,64422427,67640565,3218138,66544483,3218138,63326345,0,0
69968353,178,8,1096057,64056056,69968353,5912297,68872296,5912297,62959999,0,0
70274894,149,8,965719,51427614,70274894,18847280,69309175,18847280,50461895,0,0
70329290,186,8,1178859,69968353,70329290,360937,69150431,360937,68789494,0,0
71190409,136,4,948297,43319985,71190409,27870424,70242112,27870424,42371688,0,0
71228699,184,8,1178856,66927541,71228699,4301158,70049843,4301158,65748685,0,0
71568540,188,8,1178874,70329290,71568540,1239250,70389666,1239250,69150416,0,0
72348091,185,8,1178858,67640565,72348091,4707526,71169233,4707526,66461707,0,0
72846650,189,8,1178884,71190409,72846650,1656241,71667766,1656241,70011525,0,0
72992902,3,4,178298,178298,72992902,72814604,72814604,72814604,0,0,0
73394196,193,8,1304054,72846650,73394196,547546,72090142,547546,71542596,0,0
75363976,190,8,1304037,71228699,75363976,4135277,74059939,4135277,69924662,0,0
75562990,195,16,1449863,75363976,75562990,199014,74113127,199014,73914113,0,0
75850598,166,4,1019195,57226550,75850598,18624048,74831403,18624048,56207355,0,0
76294160,196,16,1449967,75562990,76294160,731170,74844193,731170,74113023,0,0
76319866,167,4,1019219,57675181,76319866,18644685,75300647,18644685,56655962,0,0
76344421,199,4,1511967,76294160,76344421,50261,74832454,50261,74782193,0,0
76531926,198,8,1450142,76294160,76531926,237766,75081784,237766,74844018,0,0
76893707,202,4,1530394,76531926,76893707,361781,75363313,361781,75001532,0,0
77263341,200,4,1512239,76319866,77263341,943475,75751102,943475,74807627,0,0
77556066,5,4,313422,313422,77556066,77242644,77242644,77242644,0,0,0
77729878,187,8,1178860,70274894,77729878,7454984,76551018,7454984,69096034,0,0
78312420,113,4,842377,30311895,78312420,48000525,77470043,48000525,29469518,0,0
78447138,191,8,1304039,71568540,78447138,6878598,77143099,6878598,70264501,0,0
81648244,182,8,1096114,66448988,81648244,15199256,80552130,15199256,65352874,0,0
84520397,192,8,1304040,72348091,84520397,12172306,83216357,12172306,71044051,0,0
85749915,205,16,1557968,84520397,85749915,1229518,84191947,1229518,82962429,0,0
89253870,194,4,1343095,72992902,89253870,16260968,87910775,16260968,71649807,0,0
93056893,109,4,820530,27081577,93056893,65975316,92236363,65975316,26261047,0,0
95242971,183,8,1096116,66751416,95242971,28491555,94146855,28491555,65655300,0,0
96524999,6,8,318554,318554,96524999,96206445,96206445,96206445,0,0,0
110266821,10,16,320203,320203,110266821,109946618,109946618,109946618,0,0,0
111009518,211,4,1631004,110266821,111009518,742697,109378514,742697,108635817,0,0
111013962,212,4,1631007,111009518,111013962,4444,109382955,4444,109378511,0,0
112592639,208,16,1558015,110266821,112592639,2325818,111034624,2325818,108708806,0,0
113000033,215,4,1631039,112592639,113000033,407394,111368994,407394,110961600,0,0
113447994,213,4,1631022,111013962,113447994,2434032,111816972,2434032,109382940,0,0
113574099,219,4,1631071,113447994,113574099,126105,111943028,126105,111816923,0,0
113820821,210,4,1627770,110266821,113820821,3554000,112193051,3554000,108639051,0,0
114479199,221,4,1631083,113820821,114479199,658378,112848116,658378,112189738,0,0
114581579,220,4,1631077,113574099,114581579,1007480,112950502,1007480,111943022,0,0
114588583,223,4,1631550,114581579,114588583,7004,112957033,7004,112950029,0,0
114927954,214,4,1631035,112592639,114927954,2335315,113296919,2335315,110961604,0,0
115023598,225,4,1631555,114927954,115023598,95644,113392043,95644,113296399,0,0
115195742,218,4,1631067,113000033,115195742,2195709,113564675,2195709,111368966,0,0
115680143,226,4,1631555,115023598,115680143,656545,114048588,656545,113392043,0,0
115839162,228,4,1631570,115680143,115839162,159019,114207592,159019,114048573,0,0
115882788,224,4,1631552,114588583,115882788,1294205,114251236,1294205,112957031,0,0
116225717,229,4,1631586,115839162,116225717,386555,114594131,386555,114207576,0,0
116285183,216,4,1631050,112592639,116285183,3692544,114654133,3692544,110961589,0,0
116573839,230,4,1631600,115882788,116573839,691051,114942239,691051,114251188,0,0
116956891,232,8,1632632,116573839,116956891,383052,115324259,383052,114941207,0,0
117061392,207,16,1558001,95242971,117061392,21818421,115503391,21818421,93684970,0,0
117062153,235,8,1632770,117061392,117062153,761,115429383,761,115428622,0,0
117406393,206,16,1557984,85749915,117406393,31656478,115848409,31656478,84191931,0,0
117407457,227,4,1631556,115195742,117407457,2211715,115775901,2211715,113564186,0,0
117440347,233,8,1632658,116956891,117440347,483456,115807689,483456,115324233,0,0
117893972,238,8,1641745,117406393,117893972,487579,116252227,487579,115764648,0,0
118880417,243,2,1646494,117893972,118880417,986445,117233923,986445,116247478,0,0
120097947,231,4,1631618,116225717,120097947,3872230,118466329,3872230,114594099,0,0
120261210,247,2,1646510,120097947,120261210,163263,118614700,163263,118451437,0,0
121240733,222,4,1631085,114479199,121240733,6761534,119609648,6761534,112848114,0,0
121679689,246,2,1646505,118880417,121679689,2799272,120033184,2799272,117233912,0,0
121685234,241,2,1646306,117440347,121685234,4244887,120038928,4244887,115794041,0,0
122299862,237,8,1641723,117406393,122299862,4893469,120658139,4893469,115764670,0,0
122397901,14,8,330439,330439,122397901,122067462,122067462,122067462,0,0,0
123344998,240,2,1646305,117440347,123344998,5904651,121698693,5904651,115794042,0,0
128176670,244,2,1646496,117893972,128176670,10282698,126530174,10282698,116247476,0,0
129544493,209,4,1613397,110266821,129544493,19277672,127931096,19277672,108653424,0,0
130006579,251,8,1687883,129544493,130006579,462086,128318696,462086,127856610,0,0
130725759,252,8,1687886,130006579,130725759,719180,129037873,719180,128318693,0,0
132821770,245,2,1646501,117893972,132821770,14927798,131175269,14927798,116247471,0,0
133884324,203,16,1550385,77556066,133884324,56328258,132333939,56328258,76005681,0,0
133992932,256,8,1729967,133884324,133992932,108608,132262965,108608,132154357,0,0
134238354,259,4,1767582,133992932,134238354,245422,132470772,245422,132225350,0,0
134624347,239,8,1641757,117440347,134624347,17184000,132982590,17184000,115798590,0,0
134625575,263,2,1770396,134624347,134625575,1228,132855179,1228,132853951,0,0
134626918,266,2,1770430,134625575,134626918,1343,132856488,1343,132855145,0,0
134642113,265,2,1770407,134624347,134642113,17766,132871706,17766,132853940,0,0
134658899,261,4,1770330,134624347,134658899,34552,132888569,34552,132854017,0,0
134660225,269,2,1770441,134658899,134660225,1326,132889784,1326,132888458,0,0
134668785,268,2,1770435,134642113,134668785,26672,132898350,26672,132871678,0,0
134731041,267,2,1770433,134626918,134731041,104123,132960608,104123,132856485,0,0
134787755,270,4,1770447,134660225,134787755,127530,133017308,127530,132889778,0,0
134791816,264,2,1770401,134624347,134791816,167469,133021415,167469,132853946,0,0
134798527,272,4,1770525,134787755,134798527,10772,133028002,10772,133017230,0,0
134861083,262,2,1770381,134624347,134861083,236736,133090702,236736,132853966,0,0
134863401,273,4,1770534,134798527,134863401,64874,133092867,64874,133027993,0,0
134868807,260,4,1769033,134238354,134868807,630453,133099774,630453,132469321,0,0
134873051,274,4,1770574,134861083,134873051,11968,133102477,11968,133090509,0,0
134893754,271,2,1770478,134668785,134893754,224969,133123276,224969,132898307,0,0
134983849,275,4,1774471,134863401,134983849,120448,133209378,120448,133088930,0,0
135204832,255,2,1688722,130725759,135204832,4479073,133516110,4479073,129037037,0,0
135881352,258,8,1730062,133992932,135881352,1888420,134151290,1888420,132262870,0,0
135903218,280,4,1774669,135881352,135903218,21866,134128549,21866,134106683,0,0
136302312,277,4,1774638,134873051,136302312,1429261,134527674,1429261,133098413,0,0
136317629,283,4,1774804,136302312,136317629,15317,134542825,15317,134527508,0,0
136548241,217,4,1631051,112592639,136548241,23955602,134917190,23955602,110961588,0,0
136613956,257,8,1730048,133884324,136613956,2729632,134883908,2729632,132154276,0,0
136694872,286,4,1774829,136613956,136694872,80916,134920043,80916,134839127,0,0
136718559,287,8,1819445,136694872,136718559,23687,134899114,23687,134875427,0,0
136728560,288,8,1819598,136718559,136728560,10001,134908962,10001,134898961,0,0
136748842,289,8,1822810,136728560,136748842,20282,134926032,20282,134905750,0,0
136801085,290,8,1822816,136748842,136801085,52243,134978269,52243,134926026,0,0
136990331,278,4,1774640,134983849,136990331,2006482,135215691,2006482,133209209,0,0
137069154,291,8,1822827,136801085,137069154,268069,135246327,268069,134978258,0,0
137989024,281,4,1774670,135881352,137989024,2107672,136214354,2107672,134106682,0,0
138009850,248,8,1687837,121240733,138009850,16769117,136322013,16769117,119552896,0,0
138034716,279,4,1774667,135204832,138034716,2829884,136260049,2829884,133430165,0,0
138307292,292,8,1822851,137069154,138307292,1238138,136484441,1238138,135246303,0,0
138881082,285,4,1774822,136548241,138881082,2332841,137106260,2332841,134773419,0,0
139336913,296,8,1822892,138881082,139336913,455831,137514021,455831,137058190,0,0
139493003,297,8,1822910,139336913,139493003,156090,137670093,156090,137514003,0,0
139948400,293,8,1822860,137989024,139948400,1959376,138125540,1959376,136166164,0,0
143742168,284,4,1774804,136317629,143742168,7424539,141967364,7424539,134542825,0,0
144349277,299,8,1822961,139948400,144349277,4400877,142526316,4400877,138125439,0,0
144778154,282,4,1774802,135903218,144778154,8874936,143003352,8874936,134128416,0,0
145382716,201,4,1530230,76344421,145382716,69038295,143852486,69038295,74814191,0,0
148712006,300,8,1823022,144349277,148712006,4362729,146888984,4362729,142526255,0,0
148716790,301,16,1840047,148712006,148716790,4784,146876743,4784,146871959,0,0
148721629,304,8,1856572,148716790,148721629,4839,146865057,4839,146860218,0,0
148725719,305,8,1856583,148721629,148725719,4090,146869136,4090,146865046,0,0
148766093,303,8,1856559,148716790,148766093,49303,146909534,49303,146860231,0,0
149317362,306,8,1856591,148725719,149317362,591643,147460771,591643,146869128,0,0
150125279,307,8,1865425,148766093,150125279,1359186,148259854,1359186,146900668,0,0
152594934,302,4,1856539,148712006,152594934,3882928,150738395,3882928,146855467,0,0
153423425,234,8,1632724,117061392,153423425,36362033,151790701,36362033,115428668,0,0
153710326,298,8,1822924,139493003,153710326,14217323,151887402,14217323,137670079,0,0
154024740,295,8,1822869,138307292,154024740,15717448,152201871,15717448,136484423,0,0
154304111,310,8,1869016,153423425,154304111,880686,152435095,880686,151554409,0,0
154356961,311,16,1883811,154024740,154356961,332221,152473150,332221,152140929,0,0
154360298,312,16,1886215,154356961,154360298,3337,152474083,3337,152470746,0,0
154363205,313,16,1889392,154360298,154363205,2907,152473813,2907,152470906,0,0
154433937,314,16,1889453,154363205,154433937,70732,152544484,70732,152473752,0,0
154435853,315,24,1890617,154433937,154435853,1916,152545236,1916,152543320,0,0
154725591,309,8,1865433,150125279,154725591,4600312,152860158,4600312,148259846,0,0
155146190,320,8,1989212,154725591,155146190,420599,153156978,420599,152736379,0,0
155504091,321,8,1989244,155146190,155504091,357901,153514847,357901,153156946,0,0
156133435,317,8,1974764,154435853,156133435,1697582,154158671,1697582,152461089,0,0
156962721,204,16,1551062,78447138,156962721,78515583,155411659,78515583,76896076,0,0
157216050,197,8,1450073,76294160,157216050,80921890,155765977,80921890,74844087,0,0
157964797,326,8,1999507,157216050,157964797,748747,155965290,748747,155216543,0,0
158008182,328,4,2036130,157964797,158008182,43385,155972052,43385,155928667,0,0
158224794,327,4,2025109,157964797,158224794,259997,156199685,259997,155939688,0,0
159348096,323,8,1998746,156133435,159348096,3214661,157349350,3214661,154134689,0,0
159409527,318,8,1989178,154435853,159409527,4973674,157420349,4973674,152446675,0,0
160029135,236,8,1641711,117062153,160029135,42966982,158387424,42966982,115420442,0,0
160775132,336,4,2127314,160029135,160775132,745997,158647818,745997,157901821,0,0
161399608,253,2,1688640,130006579,161399608,31393029,159710968,31393029,128317939,0,0
161516885,337,4,2128140,160775132,161516885,741753,159388745,741753,158646992,0,0
161787963,333,4,2090363,159409527,161787963,2378436,159697600,2378436,157319164,0,0
161882186,334,4,2116069,159409527,161882186,2472659,159766117,2472659,157293458,0,0
162259301,338,4,2136440,161516885,162259301,742416,160122861,742416,159380445,0,0
162265726,331,4,2061649,159348096,162265726,2917630,160204077,2917630,157286447,0,0
162398017,340,8,2163683,162259301,162398017,138716,160234334,138716,160095618,0,0
162398736,341,8,2163728,162398017,162398736,719,160235008,719,160234289,0,0
162459608,343,4,2185324,162398736,162459608,60872,160274284,60872,160213412,0,0
162936260,339,4,2163120,161787963,162936260,1148297,160773140,1148297,159624843,0,0
163257192,344,4,2228466,162398736,163257192,858456,161028726,858456,160170270,0,0
164565536,276,4,1774474,134868807,164565536,29696729,162791062,29696729,133094333,0,0
165544246,322,8,1989246,155504091,165544246,10040155,163555000,10040155,153514845,0,0
165747639,332,4,2073301,159348096,165747639,6399543,163674338,6399543,157274795,0,0
166012423,346,16,2294569,165544246,166012423,468177,163717854,468177,163249677,0,0
166152453,347,16,2294578,166012423,166152453,140030,163857875,140030,163717845,0,0
166398330,348,16,2294587,166152453,166398330,245877,164103743,245877,163857866,0,0
166601029,342,4,2181484,162398017,166601029,4203012,164419545,4203012,160216533,0,0
166609738,242,2,1646329,117893972,166609738,48715766,164963409,48715766,116247643,0,0
169862415,349,16,2294598,166398330,169862415,3464085,167567817,3464085,164103732,0,0
169895440,351,8,2303532,169862415,169895440,33025,167591908,33025,167558883,0,0
169899567,353,8,2312551,169895440,169899567,4127,167587016,4127,167582889,0,0
169904044,354,8,2312590,169899567,169904044,4477,167591454,4477,167586977,0,0
170072099,352,8,2312538,169862415,170072099,209684,167759561,209684,167549877,0,0
170072900,356,8,2312628,170072099,170072900,801,167760272,801,167759471,0,0
170478744,355,8,2312592,169904044,170478744,574700,168166152,574700,167591452,0,0
171567420,249,8,1687837,122299862,171567420,49267558,169879583,49267558,120612025,0,0
172865904,330,4,2055825,158224794,172865904,14641110,170810079,14641110,156168969,0,0
172879403,350,16,2294607,166609738,172879403,6269665,170584796,6269665,164315131,0,0
174060334,294,8,1822866,138009850,174060334,36050484,172237468,36050484,136186984,0,0
175021948,316,4,1966130,154433937,175021948,20588011,173055818,20588011,152467807,0,0
175549289,363,8,2320958,175021948,175549289,527341,173228331,527341,172700990,0,0
175660201,364,8,2322273,175549289,175660201,110912,173337928,110912,173227016,0,0
175808940,365,8,2322308,175660201,175808940,148739,173486632,148739,173337893,0,0
175842038,366,8,2322312,175808940,175842038,33098,173519726,33098,173486628,0,0
175989394,367,4,2327248,175842038,175989394,147356,173662146,147356,173514790,0,0
179499704,335,4,2116072,160029135,179499704,19470569,177383632,19470569,157913063,0,0
181659942,368,8,2334109,175989394,181659942,5670548,179325833,5670548,173655285,0,0
181954428,359,8,2320908,171567420,181954428,10387008,179633520,10387008,169246512,0,0
181955040,372,1,2347419,181954428,181955040,612,179607621,612,179607009,0,0
182083628,373,1,2347446,181954428,182083628,129200,179736182,129200,179606982,0,0
182921388,371,4,2335306,181954428,182921388,966960,180586082,966960,179619122,0,0
183792649,360,8,2320926,172879403,183792649,10913246,181471723,10913246,170558477,0,0
183912877,374,8,2348578,183792649,183912877,120228,181564299,120228,181444071,0,0
184567401,375,8,2367116,183912877,184567401,654524,182200285,654524,181545761,0,0
185110273,345,4,2292500,162459608,185110273,22650665,182817773,22650665,160167108,0,0
185257034,376,4,2372592,183912877,185257034,1344157,182884442,1344157,181540285,0,0
185544048,358,8,2320879,170478744,185544048,15065304,183223169,15065304,168157865,0,0
186287916,377,16,2376839,185257034,186287916,1030882,183911077,1030882,182880195,0,0
186302794,380,1,2413383,186287916,186302794,14878,183889411,14878,183874533,0,0
187118154,319,8,1989194,154435853,187118154,32682301,185128960,32682301,152446659,0,0
187249068,378,16,2376860,186287916,187249068,961152,184872208,961152,183911056,0,0
187250508,385,1,2422419,187249068,187250508,1440,184828089,1440,184826649,0,0
187256154,382,4,2416845,187249068,187256154,7086,184839309,7086,184832223,0,0
187269274,384,4,2418837,187249068,187269274,20206,184850437,20206,184830231,0,0
187338047,389,4,2439592,187256154,187338047,81893,184898455,81893,184816562,0,0
187350396,387,1,2427720,187250508,187350396,99888,184922676,99888,184822788,0,0
187481269,386,4,2427451,187250508,187481269,230761,185053818,230761,184823057,0,0
187582579,391,1,2452096,187338047,187582579,244532,185130483,244532,184885951,0,0
188034174,390,4,2446555,187269274,188034174,764900,185587619,764900,184822719,0,0
188326505,388,1,2433436,187250508,188326505,1075997,185893069,1075997,184817072,0,0
189148117,362,8,2320955,174060334,189148117,15087783,186827162,15087783,171739379,0,0
190296423,381,8,2414713,187118154,190296423,3178269,187881710,3178269,184703441,0,0
190331008,394,4,2478535,190296423,190331008,34585,187852473,34585,187817888,0,0
190535972,395,4,2478535,190331008,190535972,204964,188057437,204964,187852473,0,0
190589104,397,1,2480539,190535972,190589104,53132,188108565,53132,188055433,0,0
191225171,383,4,2417375,187249068,191225171,3976103,188807796,3976103,184831693,0,0
191464764,369,8,2334143,181659942,191464764,9804822,189130621,9804822,179325799,0,0
191512297,398,4,2485014,191225171,191512297,287126,189027283,287126,188740157,0,0
191901763,254,2,1688643,130006579,191901763,61895184,190213120,61895184,128317936,0,0
191979937,379,8,2407884,186287916,191979937,5692021,189572053,5692021,183880032,0,0
193119489,400,8,2494512,191979937,193119489,1139552,190624977,1139552,189485425,0,0
193130156,401,8,2495005,193119489,193130156,10667,190635151,10667,190624484,0,0
193144387,402,1,2499303,193130156,193144387,14231,190645084,14231,190630853,0,0
193252379,399,16,2493450,191901763,193252379,1350616,190758929,1350616,189408313,0,0
193274797,404,8,2516167,193252379,193274797,22418,190758630,22418,190736212,0,0
193279161,406,1,2534033,193274797,193279161,4364,190745128,4364,190740764,0,0
193280062,407,8,2578905,193279161,193280062,901,190701157,901,190700256,0,0
193899807,393,16,2477340,190296423,193899807,3603384,191422467,3603384,187819083,0,0
194019289,409,8,2581927,193899807,194019289,119482,191437362,119482,191317880,0,0
194478525,392,8,2459476,187582579,194478525,6895946,192019049,6895946,185123103,0,0
194995646,410,16,2594093,194019289,194995646,976357,192401553,976357,191425196,0,0
195251374,396,4,2478572,190535972,195251374,4715402,192772802,4715402,188057400,0,0
195429526,403,8,2512305,193144387,195429526,2285139,192917221,2285139,190632082,0,0
195688361,405,8,2526558,193252379,195688361,2435982,193161803,2435982,190725821,0,0
196287292,408,4,2581022,193280062,196287292,3007230,193706270,3007230,190699040,0,0
200556131,411,16,2594103,194995646,200556131,5560485,197962028,5560485,192401543,0,0
200967756,415,4,2596848,200556131,200967756,411625,198370908,411625,197959283,0,0
201827115,308,8,1865430,149317362,201827115,52509753,199961685,52509753,147451932,0,0
202224328,417,8,2597176,201827115,202224328,397213,199627152,397213,199229939,0,0
205737117,413,16,2594185,195688361,205737117,10048756,203142932,10048756,193094176,0,0
206189479,361,8,2320942,172879403,206189479,33310076,203868537,33310076,170558461,0,0
206253393,414,16,2594228,200556131,206253393,5697262,203659165,5697262,197961903,0,0
206329280,423,2,2606073,206253393,206329280,75887,203723207,75887,203647320,0,0
206855191,419,8,2600242,205737117,206855191,1118074,204254949,1118074,203136875,0,0
207151839,421,8,2604199,206189479,207151839,962360,204547640,962360,203585280,0,0
208566384,424,16,2606750,206855191,208566384,1711193,205959634,1711193,204248441,0,0
208568191,426,2,2613953,208566384,208568191,1807,205954238,1807,205952431,0,0
208598545,428,2,2617413,208566384,208598545,32161,205981132,32161,205948971,0,0
208603505,433,1,2657296,208598545,208603505,4960,205946209,4960,205941249,0,0
208624584,429,1,2643544,208566384,208624584,58200,205981040,58200,205922840,0,0
208631860,434,1,2657299,208603505,208631860,28355,205974561,28355,205946206,0,0
208659476,435,1,2657305,208624584,208659476,34892,206002171,34892,205967279,0,0
208686143,437,1,2657313,208659476,208686143,26667,206028830,26667,206002163,0,0
208700006,430,4,2653756,208598545,208700006,101461,206046250,101461,205944789,0,0
208710512,438,1,2657316,208686143,208710512,24369,206053196,24369,206028827,0,0
208711531,439,1,2657319,208700006,208711531,11525,206054212,11525,206042687,0,0
208712783,432,1,2657292,208598545,208712783,114238,206055491,114238,205941253,0,0
208714036,445,1,2657341,208712783,208714036,1253,206056695,1253,206055442,0,0
208719692,431,1,2657288,208598545,208719692,121147,206062404,121147,205941257,0,0
208720674,442,1,2657329,208700006,208720674,20668,206063345,20668,206042677,0,0
208724121,446,1,2657344,208714036,208724121,10085,206066777,10085,206056692,0,0
208733878,441,1,2657326,208700006,208733878,33872,206076552,33872,206042680,0,0
208743891,436,1,2657308,208631860,208743891,112031,206086583,112031,205974552,0,0
208744986,451,1,2657376,208743891,208744986,1095,206087610,1095,206086515,0,0
208754907,448,1,2657352,208720674,208754907,34233,206097555,34233,206063322,0,0
208756159,449,1,2657355,208724121,208756159,32038,206098804,32038,206066766,0,0
208768901,454,1,2657392,208756159,208768901,12742,206111509,12742,206098767,0,0
208774933,443,1,2657334,208710512,208774933,64421,206117599,64421,206053178,0,0
208783732,453,1,2657387,208754907,208783732,28825,206126345,28825,206097520,0,0
208787832,457,1,2657416,208783732,208787832,4100,206130416,4100,206126316,0,0
208795485,455,1,2657399,208768901,208795485,26584,206138086,26584,206111502,0,0
208804670,456,1,2657407,208774933,208804670,29737,206147263,29737,206117526,0,0
208839926,458,1,2657421,208787832,208839926,52094,206182505,52094,206130411,0,0
208844853,447,1,2657347,208719692,208844853,125161,206187506,125161,206062345,0,0
208846420,452,1,2657379,208744986,208846420,101434,206189041,101434,206087607,0,0
208864658,463,1,2657471,208846420,208864658,18238,206207187,18238,206188949,0,0
208866963,459,1,2657424,208795485,208866963,71478,206209539,71478,206138061,0,0
208871052,464,1,2657479,208864658,208871052,6394,206213573,6394,206207179,0,0
208873135,465,1,2657483,208866963,208873135,6172,206215652,6172,206209480,0,0
208873914,440,1,2657323,208700006,208873914,173908,206216591,173908,206042683,0,0
208886533,466,1,2657497,208871052,208886533,15481,206229036,15481,206213555,0,0
208910479,467,1,2657514,208873135,208910479,37344,206252965,37344,206215621,0,0
208911380,470,1,2657555,208910479,208911380,901,206253825,901,206252924,0,0
208929177,469,1,2657550,208886533,208929177,42644,206271627,42644,206228983,0,0
208931336,472,1,2657565,208929177,208931336,2159,206273771,2159,206271612,0,0
209026616,460,1,2657428,208804670,209026616,221946,206369188,221946,206147242,0,0
209036690,473,1,2657569,208931336,209036690,105354,206379121,105354,206273767,0,0
209043212,474,1,2657574,209026616,209043212,16596,206385638,16596,206369042,0,0
209044119,476,1,2657588,209043212,209044119,907,206386531,907,206385624,0,0
209045291,477,1,2657599,209044119,209045291,1172,206387692,1172,206386520,0,0
209060729,475,1,2657581,209036690,209060729,24039,206403148,24039,206379109,0,0
209066627,478,1,2657606,209045291,209066627,21336,206409021,21336,206387685,0,0
209067029,480,1,2657616,209066627,209067029,402,206409413,402,206409011,0,0
209076801,468,1,2657524,208873914,209076801,202887,206419277,202887,206216390,0,0
209077697,444,1,2657338,208711531,209077697,366166,206420359,366166,206054193,0,0
209085931,482,1,2657623,209076801,209085931,9130,206428308,9130,206419178,0,0
209086495,484,1,2657645,209085931,209086495,564,206428850,564,206428286,0,0
209086869,483,1,2657642,209077697,209086869,9172,206429227,9172,206420055,0,0
209092135,450,1,2657372,208733878,209092135,358257,206434763,358257,206076506,0,0
209094367,462,1,2657464,208844853,209094367,249514,206436903,249514,206187389,0,0
209097597,479,1,2657610,209060729,209097597,36868,206439987,36868,206403119,0,0
209103044,487,1,2657661,209092135,209103044,10909,206445383,10909,206434474,0,0
209107003,490,1,2659714,209103044,209107003,3959,206447289,3959,206443330,0,0
209112595,471,1,2657558,208911380,209112595,201215,206455037,201215,206253822,0,0
209117725,489,1,2657676,209097597,209117725,20128,206460049,20128,206439921,0,0
209119495,491,1,2660584,209107003,209119495,12492,206458911,12492,206446419,0,0
209127293,493,1,2660591,209117725,209127293,9568,206466702,9568,206457134,0,0
209148658,486,1,2657651,209086869,209148658,61789,206491007,61789,206429218,0,0
209150239,485,1,2657648,209086495,209150239,63744,206492591,63744,206428847,0,0
209160892,496,1,2660603,209148658,209160892,12234,206500289,12234,206488055,0,0
209179963,488,1,2657667,209094367,209179963,85596,206522296,85596,206436700,0,0
209183264,495,1,2660599,209127293,209183264,55971,206522665,55971,206466694,0,0
209189962,481,1,2657619,209067029,209189962,122933,206532343,122933,206409410,0,0
209195300,500,1,2660616,209183264,209195300,12036,206534684,12036,206522648,0,0
209200349,499,1,2660613,209179963,209200349,20386,206539736,20386,206519350,0,0
209205441,502,1,2660623,209195300,209205441,10141,206544818,10141,206534677,0,0
209206646,504,1,2660632,209205441,209206646,1205,206546014,1205,206544809,0,0
209207598,505,1,2660642,209206646,209207598,952,206546956,952,206546004,0,0
209229489,461,1,2657431,208839926,209229489,389563,206572058,389563,206182495,0,0
209230772,506,1,2660645,209207598,209230772,23174,206570127,23174,206546953,0,0
209231759,494,1,2660595,209119495,209231759,112264,206571164,112264,206458900,0,0
209232669,507,1,2660648,209229489,209232669,3180,206572021,3180,206568841,0,0
209243147,510,1,2660659,209232669,209243147,10478,206582488,10478,206572010,0,0
209244534,492,1,2660588,209112595,209244534,131939,206583946,131939,206452007,0,0
209245412,509,1,2660655,209231759,209245412,13653,206584757,13653,206571104,0,0
209246676,513,1,2660670,209245412,209246676,1264,206586006,1264,206584742,0,0
209247156,511,1,2660663,209243147,209247156,4009,206586493,4009,206582484,0,0
209250583,515,1,2660677,209247156,209250583,3427,206589906,3427,206586479,0,0
209272807,514,1,2660673,209246676,209272807,26131,206612134,26131,206586003,0,0
209272934,516,1,2660681,209250583,209272934,22351,206612253,22351,206589902,0,0
209277156,416,4,2596880,200967756,209277156,8309400,206680276,8309400,198370876,0,0
209278150,520,1,2660776,209277156,209278150,994,206617374,994,206616380,0,0
209288210,523,1,2660798,209278150,209288210,10060,206627412,10060,206617352,0,0
209288973,524,1,2660835,209288210,209288973,763,206628138,763,206627375,0,0
209289640,525,1,2660848,209288973,209289640,667,206628792,667,206628125,0,0
209291014,517,1,2660739,209272807,209291014,18207,206630275,18207,206612068,0,0
209303260,526,1,2660873,209289640,209303260,13620,206642387,13620,206628767,0,0
209315879,508,1,2660652,209230772,209315879,85107,206655227,85107,206570120,0,0
209327404,529,1,2660962,209315879,209327404,11525,206666442,11525,206654917,0,0
209327663,518,1,2660744,209272934,209327663,54729,206666919,54729,206612190,0,0
209330296,527,1,2660900,209291014,209330296,39282,206669396,39282,206630114,0,0
209330802,532,1,2661074,209330296,209330802,506,206669728,506,206669222,0,0
209332270,530,1,2661028,209327404,209332270,4866,206671242,4866,206666376,0,0
209335690,503,1,2660627,209200349,209335690,135341,206675063,135341,206539722,0,0
209338241,534,1,2661089,209332270,209338241,5971,206677152,5971,206671181,0,0
209340460,531,1,2661046,209327663,209340460,12797,206679414,12797,206666617,0,0
209355937,535,1,2661092,209335690,209355937,20247,206694845,20247,206674598,0,0
209362067,537,1,2661117,209340460,209362067,21607,206700950,21607,206679343,0,0
209376560,539,1,2661128,209362067,209376560,14493,206715432,14493,206700939,0,0
209393344,497,1,2660606,209150239,209393344,243105,206732738,243105,206489633,0,0
209396138,540,1,2661154,209376560,209396138,19578,206734984,19578,206715406,0,0
209399513,519,1,2660747,209277156,209399513,122357,206738766,122357,206616409,0,0
209402064,541,1,2661159,209393344,209402064,8720,206740905,8720,206732185,0,0
209409169,542,1,2661225,209396138,209409169,13031,206747944,13031,206734913,0,0
209415815,538,1,2661124,209355937,209415815,59878,206754691,59878,206694813,0,0
209425960,536,1,2661114,209338241,209425960,87719,206764846,87719,206677127,0,0
209434577,544,1,2661237,209402064,209434577,32513,206773340,32513,206740827,0,0
209436419,533,1,2661082,209330802,209436419,105617,206775337,105617,206669720,0,0
209438401,512,1,2660666,209244534,209438401,193867,206777735,193867,206583868,0,0
209442882,498,1,2660610,209160892,209442882,281990,206782272,281990,206500282,0,0
209443437,551,1,2661661,209442882,209443437,555,206781776,555,206781221,0,0
209444108,552,1,2661661,209443437,209444108,671,206782447,671,206781776,0,0
209446989,553,1,2661664,209444108,209446989,2881,206785325,2881,206782444,0,0
209448962,550,1,2661658,209438401,209448962,10561,206787304,10561,206776743,0,0
209450578,521,1,2660781,209277156,209450578,173422,206789797,173422,206616375,0,0
209451199,556,1,2661668,209450578,209451199,621,206789531,621,206788910,0,0
209461505,545,1,2661248,209409169,209461505,52336,206800257,52336,206747921,0,0
209461790,548,1,2661654,209434577,209461790,27213,206800136,27213,206772923,0,0
209471571,557,1,2661671,209451199,209471571,20372,206809900,20372,206789528,0,0
209472153,560,1,2661676,209471571,209472153,582,206810477,582,206809895,0,0
209472921,561,1,2661678,209472153,209472921,768,206811243,768,206810475,0,0
209490907,562,1,2661679,209472921,209490907,17986,206829228,17986,206811242,0,0
209492955,501,1,2660620,209189962,209492955,302993,206832335,302993,206529342,0,0
209503841,546,1,2661254,209415815,209503841,88026,206842587,88026,206754561,0,0
209504643,528,1,2660930,209303260,209504643,201383,206843713,201383,206642330,0,0
209512191,565,1,2661684,209503841,209512191,8350,206850507,8350,206842157,0,0
209528945,567,1,2661688,209512191,209528945,16754,206867257,16754,206850503,0,0
209529657,568,1,2661689,209528945,209529657,712,206867968,712,206867256,0,0
209530768,569,1,2661691,209529657,209530768,1111,206869077,1111,206867966,0,0
209535491,522,1,2660794,209277156,209535491,258335,206874697,258335,206616362,0,0
209535746,543,1,2661232,209399513,209535746,136233,206874514,136233,206738281,0,0
209544362,549,1,2661657,209436419,209544362,107943,206882705,107943,206774762,0,0
209547659,570,1,2661692,209530768,209547659,16891,206885967,16891,206869076,0,0
209560603,571,1,2661698,209535491,209560603,25112,206898905,25112,206873793,0,0
209560873,564,1,2661682,209492955,209560873,67918,206899191,67918,206831273,0,0
209565005,575,1,2661705,209560603,209565005,4402,206903300,4402,206898898,0,0
209573061,577,1,2661709,209565005,209573061,8056,206911352,8056,206903296,0,0
209573666,574,1,2661702,209547659,209573666,26007,206911964,26007,206885957,0,0
209586957,579,1,2661712,209573666,209586957,13291,206925245,13291,206911954,0,0
209598015,578,1,2661711,209573061,209598015,24954,206936304,24954,206911350,0,0
209600439,566,1,2661686,209504643,209600439,95796,206938753,95796,206842957,0,0
209601320,582,1,2661732,209600439,209601320,881,206939588,881,206938707,0,0
209602135,583,1,2661732,209601320,209602135,815,206940403,815,206939588,0,0
209608637,584,1,2661735,209602135,209608637,6502,206946902,6502,206940400,0,0
209617848,581,1,2661718,209598015,209617848,19833,206956130,19833,206936297,0,0
209641561,572,1,2661698,209535746,209641561,105815,206979863,105815,206874048,0,0
209641743,576,1,2661707,209560873,209641743,80870,206980036,80870,206899166,0,0
209645113,554,1,2661665,209446989,209645113,198124,206983448,198124,206785324,0,0
209649055,563,1,2661681,209490907,209649055,158148,206987374,158148,206829226,0,0
209649110,587,1,2661740,209641561,209649110,7549,206987370,7549,206979821,0,0
209659536,555,1,2661667,209448962,209659536,210574,206997869,210574,206787295,0,0
209669086,592,1,2661750,209659536,209669086,9550,207007336,9550,206997786,0,0
209699340,593,1,2661752,209669086,209699340,30254,207037588,30254,207007334,0,0
209711647,588,1,2661742,209641743,209711647,69904,207049905,69904,206980001,0,0
209717034,586,1,2661739,209617848,209717034,99186,207055295,99186,206956109,0,0
209721079,580,1,2661714,209586957,209721079,134122,207059365,134122,206925243,0,0
209722186,597,1,2661766,209721079,209722186,1107,207060420,1107,207059313,0,0
209732071,595,1,2661757,209711647,209732071,20424,207070314,20424,207049890,0,0
209734119,591,1,2661749,209649110,209734119,85009,207072370,85009,206987361,0,0
209736091,598,1,2661772,209722186,209736091,13905,207074319,13905,207060414,0,0
209742637,601,1,2661778,209736091,209742637,6546,207080859,6546,207074313,0,0
209747285,558,1,2661672,209461505,209747285,285780,207085613,285780,206799833,0,0
209747916,603,1,2661782,209747285,209747916,631,207086134,631,207085503,0,0
209754439,599,1,2661772,209732071,209754439,22368,207092667,22368,207070299,0,0
209756827,600,1,2661778,209734119,209756827,22708,207095049,22708,207072341,0,0
209761138,604,1,2661790,209747916,209761138,13222,207099348,13222,207086126,0,0
209761839,573,1,2661702,209544362,209761839,217477,207100137,217477,206882660,0,0
209769202,605,1,2661790,209754439,209769202,14763,207107412,14763,207092649,0,0
209771370,607,1,2661800,209761138,209771370,10232,207109570,10232,207099338,0,0
209777770,590,1,2661747,209649055,209777770,128715,207116023,128715,206987308,0,0
209778972,602,1,2661782,209742637,209778972,36335,207117190,36335,207080855,0,0
209802588,594,1,2661756,209699340,209802588,103248,207140832,103248,207037584,0,0
209803417,613,1,2661932,209802588,209803417,829,207141485,829,207140656,0,0
209810922,614,1,2661946,209803417,209810922,7505,207148976,7505,207141471,0,0
209814252,559,1,2661674,209461790,209814252,352462,207152578,352462,206800116,0,0
209817070,615,1,2661950,209810922,209817070,6148,207155120,6148,207148972,0,0
209817859,617,1,2661961,209817070,209817859,789,207155898,789,207155109,0,0
209829239,585,1,2661736,209608637,209829239,220602,207167503,220602,206946901,0,0
209850336,610,1,2661852,209771370,209850336,78966,207188484,78966,207109518,0,0
209851519,620,1,2661979,209850336,209851519,1183,207189540,1183,207188357,0,0
209853876,621,1,2661980,209851519,209853876,2357,207191896,2357,207189539,0,0
209854757,622,1,2661986,209853876,209854757,881,207192771,881,207191890,0,0
209868885,596,1,2661766,209717034,209868885,151851,207207119,151851,207055268,0,0
209871440,611,1,2661865,209777770,209871440,93670,207209575,93670,207115905,0,0
209872197,623,1,2661996,209854757,209872197,17440,207210201,17440,207192761,0,0
209872738,618,1,2661968,209817859,209872738,54879,207210770,54879,207155891,0,0
209874813,627,1,2662024,209872738,209874813,2075,207212789,2075,207210714,0,0
209889562,619,1,2661968,209829239,209889562,60323,207227594,60323,207167271,0,0
209895629,624,1,2661999,209868885,209895629,26744,207233630,26744,207206886,0,0
209897077,629,1,2662046,209889562,209897077,7515,207235031,7515,207227516,0,0
209898431,589,1,2661745,209645113,209898431,253318,207236686,253318,206983368,0,0
209904256,630,1,2662049,209895629,209904256,8627,207242207,8627,207233580,0,0
209914914,633,1,2662069,209904256,209914914,10658,207252845,10658,207242187,0,0
209921239,634,1,2662069,209914914,209921239,6325,207259170,6325,207252845,0,0
209928964,626,1,2662021,209872197,209928964,56767,207266943,56767,207210176,0,0
209929790,636,1,2662103,209928964,209929790,826,207267687,826,207266861,0,0
209948351,608,1,2661808,209761839,209948351,186512,207286543,186512,207100031,0,0
209951556,609,1,2661844,209769202,209951556,182354,207289712,182354,207107358,0,0
209954195,631,1,2662049,209897077,209954195,57118,207292146,57118,207235028,0,0
210001497,632,1,2662060,209898431,210001497,103066,207339437,103066,207236371,0,0
210011372,616,1,2661959,209814252,210011372,197120,207349413,197120,207152293,0,0
210030875,635,1,2662078,209921239,210030875,109636,207368797,109636,207259161,0,0
210037144,625,1,2662011,209871440,210037144,165704,207375133,165704,207209429,0,0
210043691,606,1,2661797,209756827,210043691,286864,207381894,286864,207095030,0,0
210049554,637,1,2662106,209929790,210049554,119764,207387448,119764,207267684,0,0
210083618,612,1,2661919,209778972,210083618,304646,207421699,304646,207117053,0,0
210190006,628,1,2662035,209874813,210190006,315193,207527971,315193,207212778,0,0
210212999,638,8,2666697,210049554,210212999,163445,207546302,163445,207382857,0,0
210218602,643,1,2670112,210212999,210218602,5603,207548490,5603,207542887,0,0
210224254,647,1,2670190,210218602,210224254,5652,207554064,5652,207548412,0,0
210232344,640,1,2669790,210212999,210232344,19345,207562554,19345,207543209,0,0
210233775,649,1,2670193,210232344,210233775,1431,207563582,1431,207562151,0,0
210235866,644,1,2670117,210212999,210235866,22867,207565749,22867,207542882,0,0
210237008,650,1,2670193,210233775,210237008,3233,207566815,3233,207563582,0,0
210243982,652,1,2670198,210237008,210243982,6974,207573784,6974,207566810,0,0
210244794,651,1,2670197,210235866,210244794,8928,207574597,8928,207565669,0,0
210249675,648,1,2670190,210224254,210249675,25421,207579485,25421,207554064,0,0
210257509,653,1,2670200,210243982,210257509,13527,207587309,13527,207573782,0,0
210258326,656,1,2670204,210257509,210258326,817,207588122,817,207587305,0,0
210270594,422,8,2604284,206253393,210270594,4017201,207666310,4017201,203649109,0,0
210271782,660,1,2670227,210270594,210271782,1188,207601555,1188,207600367,0,0
210274031,665,1,2670265,210270594,210274031,3437,207603766,3437,207600329,0,0
210283179,658,1,2670218,210270594,210283179,12585,207612961,12585,207600376,0,0
210293199,661,1,2670231,210270594,210293199,22605,207622968,22605,207600363,0,0
210294559,669,1,2670282,210293199,210294559,1360,207624277,1360,207622917,0,0
210296542,659,1,2670227,210270594,210296542,25948,207626315,25948,207600367,0,0
210297074,657,1,2670214,210258326,210297074,38748,207626860,38748,207588112,0,0
210297587,671,1,2670285,210296542,210297587,1045,207627302,1045,207626257,0,0
210297749,655,1,2670204,210249675,210297749,48074,207627545,48074,207579471,0,0
210298303,672,1,2670287,210297074,210298303,1229,207628016,1229,207626787,0,0
210302919,666,1,2670268,210271782,210302919,31137,207632651,31137,207601514,0,0
210305723,676,1,2670301,210302919,210305723,2804,207635422,2804,207632618,0,0
210308471,674,1,2670291,210297749,210308471,10722,207638180,10722,207627458,0,0
210321648,425,8,2608106,207151839,210321648,3169809,207713542,3169809,204543733,0,0
210322117,675,1,2670301,210298303,210322117,23814,207651816,23814,207628002,0,0
210323072,685,1,2670349,210321648,210323072,1424,207652723,1424,207651299,0,0
210330974,680,1,2670322,210321648,210330974,9326,207660652,9326,207651326,0,0
210335240,681,1,2670323,210321648,210335240,13592,207664917,13592,207651325,0,0
210338240,645,1,2670163,210212999,210338240,125241,207668077,125241,207542836,0,0
210338985,673,1,2670289,210297587,210338985,41398,207668696,41398,207627298,0,0
210339851,679,1,2670319,210321648,210339851,18203,207669532,18203,207651329,0,0
210339926,692,1,2670374,210338985,210339926,941,207669552,941,207668611,0,0
210354938,642,1,2670107,210212999,210354938,141939,207684831,141939,207542892,0,0
210356238,695,1,2670377,210354938,210356238,1300,207685861,1300,207684561,0,0
210365016,686,1,2670363,210321648,210365016,43368,207694653,43368,207651285,0,0
210365703,697,1,2670381,210365016,210365703,687,207695322,687,207694635,0,0
210370802,693,1,2670374,210339851,210370802,30951,207700428,30951,207669477,0,0
210372163,691,1,2670370,210338240,210372163,33923,207701793,33923,207667870,0,0
210378043,683,1,2670329,210321648,210378043,56395,207707714,56395,207651319,0,0
210382656,654,1,2670201,210244794,210382656,137862,207712455,137862,207574593,0,0
210383312,700,1,2670401,210372163,210383312,11149,207712911,11149,207701762,0,0
210384228,702,1,2670405,210382656,210384228,1572,207713823,1572,207712251,0,0
210384371,663,1,2670261,210270594,210384371,113777,207714110,113777,207600333,0,0
210384944,703,1,2670406,210383312,210384944,1632,207714538,1632,207712906,0,0
210386045,668,1,2670272,210283179,210386045,102866,207715773,102866,207612907,0,0
210387447,701,1,2670401,210378043,210387447,9404,207717046,9404,207707642,0,0
210388154,708,1,2670509,210387447,210388154,707,207717645,707,207716938,0,0
210389383,698,1,2670384,210365703,210389383,23680,207718999,23680,207695319,0,0
210399244,699,1,2670385,210370802,210399244,28442,207728859,28442,207700417,0,0
210399780,711,1,2670522,210399244,210399780,536,207729258,536,207728722,0,0
210400692,709,1,2670510,210388154,210400692,12538,207730182,12538,207717644,0,0
210401113,713,1,2670581,210400692,210401113,421,207730532,421,207730111,0,0
210403455,662,1,2670261,210270594,210403455,132861,207733194,132861,207600333,0,0
210404266,715,1,2670589,210403455,210404266,811,207733677,811,207732866,0,0
210405086,716,1,2670603,210404266,210405086,820,207734483,820,207733663,0,0
210409556,694,1,2670377,210339926,210409556,69630,207739179,69630,207669549,0,0
210410072,670,1,2670284,210294559,210410072,115513,207739788,115513,207624275,0,0
210411337,678,1,2670319,210308471,210411337,102866,207741018,102866,207638152,0,0
210415005,689,1,2670367,210330974,210415005,84031,207744638,84031,207660607,0,0
210418162,719,1,2670631,210410072,210418162,8090,207747531,8090,207739441,0,0
210418430,712,1,2670578,210399780,210418430,18650,207747852,18650,207729202,0,0
210422363,721,1,2670649,210415005,210422363,7358,207751714,7358,207744356,0,0
210423164,724,1,2670672,210422363,210423164,801,207752492,801,207751691,0,0
210423804,725,1,2670673,210423164,210423804,640,207753131,640,207752491,0,0
210425406,722,1,2670654,210418162,210425406,7244,207754752,7244,207747508,0,0
210426559,690,1,2670370,210335240,210426559,91319,207756189,91319,207664870,0,0
210430301,726,1,2670676,210423804,210430301,6497,207759625,6497,207753128,0,0
210430498,705,1,2670416,210384371,210430498,46127,207760082,46127,207713955,0,0
210430918,718,1,2670626,210409556,210430918,21362,207760292,21362,207738930,0,0
210434777,641,1,2669837,210212999,210434777,221778,207764940,221778,207543162,0,0
210435560,720,1,2670634,210411337,210435560,24223,207764926,24223,207740703,0,0
210436234,723,1,2670661,210418430,210436234,17804,207765573,17804,207747769,0,0
210436350,729,1,2670700,210430301,210436350,6049,207765650,6049,207759601,0,0
210442681,733,1,2670728,210435560,210442681,7121,207771953,7121,207764832,0,0
210443698,736,1,2670738,210442681,210443698,1017,207772960,1017,207771943,0,0
210443811,730,1,2670708,210430498,210443811,13313,207773103,13313,207759790,0,0
210444554,732,1,2670715,210434777,210444554,9777,207773839,9777,207764062,0,0
210446360,734,1,2670732,210436234,210446360,10126,207775628,10126,207765502,0,0
210448169,710,1,2670513,210389383,210448169,58786,207777656,58786,207718870,0,0
210448688,741,1,2670775,210448169,210448688,519,207777913,519,207777394,0,0
210450472,735,1,2670735,210436350,210450472,14122,207779737,14122,207765615,0,0
210454600,714,1,2670587,210401113,210454600,53487,207784013,53487,207730526,0,0
210456473,738,1,2670765,210443811,210456473,12662,207785708,12662,207773046,0,0
210456659,740,1,2670773,210446360,210456659,10299,207785886,10299,207775587,0,0
210458016,739,1,2670765,210444554,210458016,13462,207787251,13462,207773789,0,0
210460186,737,1,2670761,210443698,210460186,16488,207789425,16488,207772937,0,0
210461186,746,1,2670789,210456659,210461186,4527,207790397,4527,207785870,0,0
210461975,749,1,2670859,210461186,210461975,789,207791116,789,207790327,0,0
210463853,682,1,2670326,210321648,210463853,142205,207793527,142205,207651322,0,0
210465409,717,1,2670621,210405086,210465409,60323,207794788,60323,207734465,0,0
210469080,727,1,2670697,210425406,210469080,43674,207798383,43674,207754709,0,0
210478414,752,1,2670896,210465409,210478414,13005,207807518,13005,207794513,0,0
210478570,688,1,2670367,210323072,210478570,155498,207808203,155498,207652705,0,0
210479363,755,1,2670904,210478570,210479363,793,207808459,793,207807666,0,0
210480106,756,1,2670907,210479363,210480106,743,207809199,743,207808456,0,0
210480867,757,1,2670910,210480106,210480867,761,207809957,761,207809196,0,0
210481556,753,1,2670899,210469080,210481556,12476,207810657,12476,207798181,0,0
210482248,759,1,2670927,210481556,210482248,692,207811321,692,207810629,0,0
210488793,677,1,2670305,210305723,210488793,183070,207818488,183070,207635418,0,0
210492461,761,1,2670933,210488793,210492461,3668,207821528,3668,207817860,0,0
210505594,707,1,2670454,210386045,210505594,119549,207835140,119549,207715591,0,0
210510539,687,1,2670363,210322117,210510539,188422,207840176,188422,207651754,0,0
210518044,731,1,2670711,210430918,210518044,87126,207847333,87126,207760207,0,0
210524464,763,1,2670940,210505594,210524464,18870,207853524,18870,207834654,0,0
210527244,742,1,2670778,210448688,210527244,78556,207856466,78556,207777910,0,0
210527963,766,1,2670986,210524464,210527963,3499,207856977,3499,207853478,0,0
210532084,706,1,2670451,210384944,210532084,147140,207861633,147140,207714493,0,0
210532131,768,1,2670997,210527963,210532131,4168,207861134,4168,207856966,0,0
210541002,744,1,2670782,210454600,210541002,86402,207870220,86402,207783818,0,0
210543849,771,1,2671026,210541002,210543849,2847,207872823,2847,207869976,0,0
210556945,765,1,2670951,210518044,210556945,38901,207885994,38901,207847093,0,0
210562845,764,1,2670949,210510539,210562845,52306,207891896,52306,207839590,0,0
210565697,743,1,2670779,210450472,210565697,115225,207894918,115225,207779693,0,0
210566671,775,1,2671168,210565697,210566671,974,207895503,974,207894529,0,0
210566837,774,1,2671076,210562845,210566837,3992,207895761,3992,207891769,0,0
210567865,777,1,2671175,210566837,210567865,1028,207896690,1028,207895662,0,0
210572173,754,1,2670900,210478414,210572173,93759,207901273,93759,207807514,0,0
210579349,770,1,2671015,210532131,210579349,47218,207908334,47218,207861116,0,0
210580081,779,1,2671201,210572173,210580081,7908,207908880,7908,207900972,0,0
210581003,646,1,2670190,210212999,210581003,368004,207910813,368004,207542809,0,0
210581774,782,1,2671226,210581003,210581774,771,207910548,771,207909777,0,0
210583346,781,1,2671205,210580081,210583346,3265,207912141,3265,207908876,0,0
210583868,783,1,2671226,210581774,210583868,2094,207912642,2094,207910548,0,0
210596374,780,1,2671204,210579349,210596374,17025,207925170,17025,207908145,0,0
210598301,776,1,2671171,210566671,210598301,31630,207927130,31630,207895500,0,0
210599130,787,1,2671240,210598301,210599130,829,207927890,829,207927061,0,0
210603999,788,1,2671241,210599130,210603999,4869,207932758,4869,207927889,0,0
210610800,750,1,2670863,210461975,210610800,148825,207939937,148825,207791112,0,0
210612319,751,1,2670870,210463853,210612319,148466,207941449,148466,207792983,0,0
210615748,786,1,2671237,210596374,210615748,19374,207944511,19374,207925137,0,0
210619337,773,1,2671038,210556945,210619337,62392,207948299,62392,207885907,0,0
210626481,790,1,2671244,210610800,210626481,15681,207955237,15681,207939556,0,0
210627010,767,1,2670993,210527244,210627010,99766,207956017,99766,207856251,0,0
210627407,794,1,2671254,210626481,210627407,926,207956153,926,207955227,0,0
210627997,667,1,2670269,210274031,210627997,353966,207957728,353966,207603762,0,0
210629137,696,1,2670380,210356238,210629137,272899,207958757,272899,207685858,0,0
210631074,769,1,2671000,210532084,210631074,98990,207960074,98990,207861084,0,0
210634420,664,1,2670264,210270594,210634420,363826,207964156,363826,207600330,0,0
210636008,728,1,2670697,210426559,210636008,209449,207965311,209449,207755862,0,0
210639018,793,1,2671250,210619337,210639018,19681,207967768,19681,207948087,0,0
210641277,547,1,2661650,209425960,210641277,1215317,207979627,1215317,206764310,0,0
210641870,797,1,2671293,210627997,210641870,13873,207970577,13873,207956704,0,0
210643605,800,1,2671300,210634420,210643605,9185,207972305,9185,207963120,0,0
210646026,796,1,2671293,210627407,210646026,18619,207974733,18619,207956114,0,0
210648216,772,1,2671030,210543849,210648216,104367,207977186,104367,207872819,0,0
210653727,801,1,2671317,210636008,210653727,17719,207982410,17719,207964691,0,0
210653826,798,1,2671296,210629137,210653826,24689,207982530,24689,207957841,0,0
210654473,809,1,2671331,210653826,210654473,647,207983142,647,207982495,0,0
210654662,808,1,2671328,210653727,210654662,935,207983334,935,207982399,0,0
210655639,810,1,2671337,210654473,210655639,1166,207984302,1166,207983136,0,0
210656530,812,1,2671341,210655639,210656530,891,207985189,891,207984298,0,0
210664329,805,1,2671324,210643605,210664329,20724,207993005,20724,207972281,0,0
210672184,807,1,2671327,210648216,210672184,23968,208000857,23968,207976889,0,0
210672729,745,1,2670786,210456473,210672729,216256,208001943,216256,207785687,0,0
210673536,792,1,2671248,210615748,210673536,57788,208002288,57788,207944500,0,0
210673622,816,1,2671348,210672729,210673622,893,208002274,893,208001381,0,0
210675277,747,1,2670789,210458016,210675277,217261,208004488,217261,207787227,0,0
210677322,804,1,2671320,210641870,210677322,35452,208006002,35452,207970550,0,0
210684904,819,1,2671352,210675277,210684904,9627,208013552,9627,208003925,0,0
210688042,814,1,2671344,210664329,210688042,23713,208016698,23713,207992985,0,0
210689655,815,1,2671346,210672184,210689655,17471,208018309,17471,208000838,0,0
210692430,789,1,2671243,210603999,210692430,88431,208021187,88431,207932756,0,0
210697750,704,1,2670410,210384228,210697750,313522,208027340,313522,207713818,0,0
210700185,822,1,2671365,210688042,210700185,12143,208028820,12143,208016677,0,0
210701277,826,1,2671384,210700185,210701277,1092,208029893,1092,208028801,0,0
210706374,827,1,2671386,210701277,210706374,5097,208034988,5097,208029891,0,0
210709633,811,1,2671337,210654662,210709633,54971,208038296,54971,207983325,0,0
210712678,791,1,2671247,210612319,210712678,100359,208041431,100359,207941072,0,0
210713488,820,1,2671362,210677322,210713488,36166,208042126,36166,208005960,0,0
210713809,762,1,2670937,210492461,210713809,221348,208042872,221348,207821524,0,0
210715899,821,1,2671362,210684904,210715899,30995,208044537,30995,208013542,0,0
210715941,748,1,2670825,210460186,210715941,255755,208045116,255755,207789361,0,0
210718971,825,1,2671383,210697750,210718971,21221,208047588,21221,208026367,0,0
210720786,803,1,2671320,210641277,210720786,79509,208049466,79509,207969957,0,0
210723685,802,1,2671317,210639018,210723685,84667,208052368,84667,207967701,0,0
210724096,837,1,2671453,210723685,210724096,411,208052643,411,208052232,0,0
210729648,831,1,2671438,210713488,210729648,16160,208058210,16160,208042050,0,0
210734348,834,1,2671449,210715941,210734348,18407,208062899,18407,208044492,0,0
210735778,684,1,2670349,210321648,210735778,414130,208065429,414130,207651299,0,0
210736140,830,1,2671432,210712678,210736140,23462,208064708,23462,208041246,0,0
210737986,832,1,2671443,210713809,210737986,24177,208066543,24177,208042366,0,0
210738432,835,1,2671449,210718971,210738432,19461,208066983,19461,208047522,0,0
210738720,823,1,2671370,210689655,210738720,49065,208067350,49065,208018285,0,0
210739277,778,1,2671201,210567865,210739277,171412,208068076,171412,207896664,0,0
210739805,828,1,2671429,210706374,210739805,33431,208068376,33431,208034945,0,0
210741537,784,1,2671230,210583346,210741537,158191,208070307,158191,207912116,0,0
210742160,760,1,2670930,210482248,210742160,259912,208071230,259912,207811318,0,0
210743906,838,1,2671456,210724096,210743906,19810,208072450,19810,208052640,0,0
210747676,847,1,2671816,210739805,210747676,7871,208075860,7871,208067989,0,0
210750452,850,1,2671853,210743906,210750452,6546,208078599,6546,208072053,0,0
210754173,845,1,2671638,210738720,210754173,15453,208082535,15453,208067082,0,0
210755666,795,1,2671257,210627010,210755666,128656,208084409,128656,207955753,0,0
210755829,851,1,2671874,210747676,210755829,8153,208083955,8153,208075802,0,0
210758838,818,1,2671352,210673622,210758838,85216,208087486,85216,208002270,0,0
210759639,856,1,2671907,210758838,210759639,801,208087732,801,208086931,0,0
210762574,855,1,2671897,210755829,210762574,6745,208090677,6745,208083932,0,0
210763637,848,1,2671849,210741537,210763637,22100,208091788,22100,208069688,0,0
210763994,854,1,2671897,210755666,210763994,8328,208092097,8328,208083769,0,0
210764928,813,1,2671341,210656530,210764928,108398,208093587,108398,207985189,0,0
210765716,861,1,2671934,210764928,210765716,788,208093782,788,208092994,0,0
210765896,852,1,2671874,210750452,210765896,15444,208094022,15444,208078578,0,0
210766194,860,1,2671931,210763994,210766194,2200,208094263,2200,208092063,0,0
210767097,849,1,2671849,210742160,210767097,24937,208095248,24937,208070311,0,0
210767545,846,1,2671809,210739277,210767545,28268,208095736,28268,208067468,0,0
210769748,839,1,2671460,210729648,210769748,40100,208098288,40100,208058188,0,0
210776219,866,1,2672033,210767545,210776219,8674,208104186,8674,208095512,0,0
210776601,859,1,2671931,210763637,210776601,12964,208104670,12964,208091706,0,0
210777388,806,1,2671324,210646026,210777388,131362,208106064,131362,207974702,0,0
210777448,868,1,2672043,210776219,210777448,1229,208105405,1229,208104176,0,0
210779970,871,1,2672072,210777448,210779970,2522,208107898,2522,208105376,0,0
210782189,858,1,2671923,210762574,210782189,19615,208110266,19615,208090651,0,0
210783418,842,1,2671524,210736140,210783418,47278,208111894,47278,208064616,0,0
210786075,874,1,2672208,210783418,210786075,2657,208113867,2657,208111210,0,0
210787340,875,1,2672212,210786075,210787340,1265,208115128,1265,208113863,0,0
210791326,863,1,2671976,210765896,210791326,25430,208119350,25430,208093920,0,0
210799573,870,1,2672071,210777388,210799573,22185,208127502,22185,208105317,0,0
210801957,878,1,2672325,210799573,210801957,2384,208129632,2384,208127248,0,0
210803678,841,1,2671522,210735778,210803678,67900,208132156,67900,208064256,0,0
210803769,857,1,2671919,210759639,210803769,44130,208131850,44130,208087720,0,0
210804140,880,1,2672344,210803678,210804140,462,208131796,462,208131334,0,0
210806059,872,1,2672202,210779970,210806059,26089,208133857,26089,208107768,0,0
210810372,799,1,2671297,210631074,210810372,179298,208139075,179298,207959777,0,0
210811312,758,1,2670927,210480867,210811312,330445,208140385,330445,207809940,0,0
210811711,885,1,2675803,210811312,210811711,399,208135908,399,208135509,0,0
210816046,883,1,2675796,210806059,210816046,9987,208140250,9987,208130263,0,0
210816130,881,1,2672352,210803769,210816130,12361,208143778,12361,208131417,0,0
210816569,887,1,2675807,210816046,210816569,523,208140762,523,208140239,0,0
210819992,879,1,2672333,210801957,210819992,18035,208147659,18035,208129624,0,0
210820108,876,1,2672215,210787340,210820108,32768,208147893,32768,208115125,0,0
210822289,891,1,2675815,210820108,210822289,2181,208146474,2181,208144293,0,0
210822854,840,1,2671498,210734348,210822854,88506,208151356,88506,208062850,0,0
210823326,886,1,2675803,210811711,210823326,11615,208147523,11615,208135908,0,0
210824113,894,1,2675823,210823326,210824113,787,208148290,787,208147503,0,0
210824614,817,1,2671349,210673536,210824614,151078,208153265,151078,208002187,0,0
210825866,893,1,2675823,210822854,210825866,3012,208150043,3012,208147031,0,0
210827290,884,1,2675799,210810372,210827290,16918,208151491,16918,208134573,0,0
210828735,890,1,2675814,210819992,210828735,8743,208152921,8743,208144178,0,0
210829678,864,1,2671984,210766194,210829678,63484,208157694,63484,208094210,0,0
210835638,896,1,2675834,210824614,210835638,11024,208159804,11024,208148780,0,0
210837129,829,1,2671429,210709633,210837129,127496,208165700,127496,208038204,0,0
210837706,869,1,2672044,210776601,210837706,61105,208165662,61105,208104557,0,0
210838832,897,1,2675834,210825866,210838832,12966,208162998,12966,208150032,0,0
210838915,844,1,2671608,210738432,210838915,100483,208167307,100483,208066824,0,0
210840025,898,1,2675840,210827290,210840025,12735,208164185,12735,208151450,0,0
210840605,895,1,2675828,210824113,210840605,16492,208164777,16492,208148285,0,0
210842526,905,1,2675865,210838915,210842526,3611,208166661,3611,208163050,0,0
210844070,903,1,2675854,210837706,210844070,6364,208168216,6364,208161852,0,0
210844907,899,1,2675840,210828735,210844907,16172,208169067,16172,208152895,0,0
210844984,909,1,2675877,210844070,210844984,914,208169107,914,208168193,0,0
210852174,911,1,2675887,210844984,210852174,7190,208176287,7190,208169097,0,0
210852889,912,1,2675895,210852174,210852889,715,208176994,715,208176279,0,0
210858423,867,1,2672040,210769748,210858423,88675,208186383,88675,208097708,0,0
210861557,902,1,2675851,210837129,210861557,24428,208185706,24428,208161278,0,0
210863172,913,1,2675895,210852889,210863172,10283,208187277,10283,208176994,0,0
210863900,916,1,2675921,210863172,210863900,728,208187979,728,208187251,0,0
210865573,914,1,2675901,210858423,210865573,7150,208189672,7150,208182522,0,0
210866484,917,1,2675922,210863900,210866484,2584,208190562,2584,208187978,0,0
210868515,918,1,2675929,210865573,210868515,2942,208192586,2942,208189644,0,0
210871339,910,1,2675886,210844907,210871339,26432,208195453,26432,208169021,0,0
210875096,920,1,2675939,210868515,210875096,6581,208199157,6581,208192576,0,0
210887576,919,1,2675933,210866484,210887576,21092,208211643,21092,208190551,0,0
210887648,921,1,2675940,210871339,210887648,16309,208211708,16309,208195399,0,0
210892598,877,1,2672266,210791326,210892598,101272,208220332,101272,208119060,0,0
210894898,915,1,2675908,210861557,210894898,33341,208218990,33341,208185649,0,0
210895590,904,1,2675862,210838832,210895590,56758,208219728,56758,208162970,0,0
210895651,882,1,2672359,210804140,210895651,91511,208223292,91511,208131781,0,0
210896036,927,1,2676203,210895590,210896036,446,208219833,446,208219387,0,0
210896108,928,1,2676256,210895651,210896108,457,208219852,457,208219395,0,0
210897144,865,1,2671999,210767097,210897144,130047,208225145,130047,208095098,0,0
210898381,931,1,2682750,210897144,210898381,1237,208215631,1237,208214394,0,0
210899011,922,1,2675946,210875096,210899011,23915,208223065,23915,208199150,0,0
210899048,843,1,2671600,210737986,210899048,161062,208227448,161062,208066386,0,0
210902205,906,1,2675867,210840025,210902205,62180,208226338,62180,208164158,0,0
210902525,862,1,2671972,210765716,210902525,136809,208230553,136809,208093744,0,0
210903254,935,1,2682782,210902205,210903254,1049,208220472,1049,208219423,0,0
210906341,926,1,2676124,210894898,210906341,11443,208230217,11443,208218774,0,0
210912332,908,1,2675873,210842526,210912332,69806,208236459,69806,208166653,0,0
210912547,925,1,2676080,210892598,210912547,19949,208236467,19949,208216518,0,0
210912823,924,1,2676045,210887648,210912823,25175,208236778,25175,208211603,0,0
210917443,936,1,2682786,210902525,210917443,14918,208234657,14918,208219739,0,0
210919727,938,1,2682789,210906341,210919727,13386,208236938,13386,208223552,0,0
210921124,943,1,2682867,210919727,210921124,1397,208238257,1397,208236860,0,0
210922012,944,1,2682871,210921124,210922012,888,208239141,888,208238253,0,0
210923142,932,1,2682762,210898381,210923142,24761,208240380,24761,208215619,0,0
210923533,933,1,2682762,210899011,210923533,24522,208240771,24522,208216249,0,0
210927686,901,1,2675846,210835638,210927686,92048,208251840,92048,208159792,0,0
210931136,889,1,2675811,210816569,210931136,114567,208255325,114567,208140758,0,0
210931306,940,1,2682843,210912547,210931306,18759,208248463,18759,208229704,0,0
210932342,950,1,2682931,210931306,210932342,1036,208249411,1036,208248375,0,0
210933648,951,1,2682968,210932342,210933648,1306,208250680,1306,208249374,0,0
210933824,949,1,2682930,210931136,210933824,2688,208250894,2688,208248206,0,0
210934442,941,1,2682843,210912823,210934442,21619,208251599,21619,208229980,0,0
210935253,954,1,2682971,210934442,210935253,811,208252282,811,208251471,0,0
210951437,853,1,2671877,210754173,210951437,197264,208279560,197264,208082296,0,0
210952763,956,1,2683031,210951437,210952763,1326,208269732,1326,208268406,0,0
210953111,945,1,2682871,210922012,210953111,31099,208270240,31099,208239141,0,0
210956334,836,1,2671452,210720786,210956334,235548,208284882,235548,208049334,0,0
210957685,959,1,2683041,210956334,210957685,1351,208274644,1351,208273293,0,0
210957855,948,1,2682927,210927686,210957855,30169,208274928,30169,208244759,0,0
210957972,929,1,2676434,210896036,210957972,61936,208281538,61936,208219602,0,0
210958685,962,1,2683056,210957972,210958685,713,208275629,713,208274916,0,0
210964264,961,1,2683052,210957855,210964264,6409,208281212,6409,208274803,0,0
210964862,892,1,2675819,210822289,210964862,142573,208289043,142573,208146470,0,0
210966859,957,1,2683034,210952763,210966859,14096,208283825,14096,208269729,0,0
210968117,966,1,2683114,210966859,210968117,1258,208285003,1258,208283745,0,0
210970394,965,1,2683059,210964862,210970394,5532,208287335,5532,208281803,0,0
210972603,960,1,2683052,210957685,210972603,14918,208289551,14918,208274633,0,0
210977446,969,1,2683118,210972603,210977446,4843,208294328,4843,208289485,0,0
210981095,937,1,2682787,210903254,210981095,77841,208298308,77841,208220467,0,0
210981804,907,1,2675870,210840605,210981804,141199,208305934,141199,208164735,0,0
210987528,942,1,2682867,210917443,210987528,70085,208304661,70085,208234576,0,0
210988538,973,1,2683183,210987528,210988538,1010,208305355,1010,208304345,0,0
210993795,970,1,2683121,210977446,210993795,16349,208310674,16349,208294325,0,0
210998816,974,1,2683185,210988538,210998816,10278,208315631,10278,208305353,0,0
211006020,785,1,2671234,210583868,211006020,422152,208334786,422152,207912634,0,0
211006119,975,1,2683188,210993795,211006119,12324,208322931,12324,208310607,0,0
211007541,977,1,2683200,211006020,211007541,1521,208324341,1521,208322820,0,0
211007946,888,1,2675807,210816130,211007946,191816,208332139,191816,208140323,0,0
211011908,873,1,2672203,210782189,211011908,229719,208339705,229719,208109986,0,0
211013310,981,1,2683270,211011908,211013310,1402,208330040,1402,208328638,0,0
211014349,982,1,2683273,211013310,211014349,1039,208331076,1039,208330037,0,0
211015006,978,1,2683270,211006119,211015006,8887,208331736,8887,208322849,0,0
211015511,947,1,2682927,210923533,211015511,91978,208332584,91978,208240606,0,0
211033360,824,1,2671373,210692430,211033360,340930,208361987,340930,208021057,0,0
211037305,983,1,2683275,211014349,211037305,22956,208354030,22956,208331074,0,0
211037364,979,1,2683270,211007541,211037364,29823,208354094,29823,208324271,0,0
211038030,980,1,2683270,211007946,211038030,30084,208354760,30084,208324676,0,0
211044555,989,1,2683293,211038030,211044555,6525,208361262,6525,208354737,0,0
211049188,988,1,2683290,211037364,211049188,11824,208365898,11824,208354074,0,0
211052856,953,1,2682971,210933824,211052856,119032,208369885,119032,208250853,0,0
211053642,964,1,2683059,210964264,211053642,89378,208370583,89378,208281205,0,0
211058500,833,1,2671444,210715899,211058500,342601,208387056,342601,208044455,0,0
211064507,934,1,2682782,210899048,211064507,165459,208381725,165459,208216266,0,0
211069629,990,1,2683293,211044555,211069629,25074,208386336,25074,208361262,0,0
211071191,996,1,2683359,211069629,211071191,1562,208387832,1562,208386270,0,0
211071263,976,1,2683197,210998816,211071263,72447,208388066,72447,208315619,0,0
211074483,995,1,2683358,211064507,211074483,9976,208391125,9976,208381149,0,0
211075682,900,1,2675846,210829678,211075682,246004,208399836,246004,208153832,0,0
211076606,999,1,2683366,211074483,211076606,2123,208393240,2123,208391117,0,0
211077544,992,1,2683352,211052856,211077544,24688,208394192,24688,208369504,0,0
211081829,923,1,2676007,210887576,211081829,194253,208405822,194253,208211569,0,0
211091529,984,1,2683277,211015006,211091529,76523,208408252,76523,208331729,0,0
211092958,1001,1,2683369,211076606,211092958,16352,208409589,16352,208393237,0,0
211094397,967,1,2683114,210968117,211094397,126280,208411283,126280,208285003,0,0
211094880,1006,1,2683473,211094397,211094880,483,208411407,483,208410924,0,0
211097547,963,1,2683056,210958685,211097547,138862,208414491,138862,208275629,0,0
211099053,939,1,2682792,210912332,211099053,186721,208416261,186721,208229540,0,0
211104848,968,1,2683118,210970394,211104848,134454,208421730,134454,208287276,0,0
211105356,1003,1,2683447,211081829,211105356,23527,208421909,23527,208398382,0,0
211105792,1011,1,2683541,211105356,211105792,436,208422251,436,208421815,0,0
211107167,1010,1,2683521,211104848,211107167,2319,208423646,2319,208421327,0,0
211112469,1007,1,2683514,211094880,211112469,17589,208428955,17589,208411366,0,0
211113239,1014,1,2683557,211112469,211113239,770,208429682,770,208428912,0,0
211114094,1015,1,2683563,211113239,211114094,855,208430531,855,208429676,0,0
211116054,1013,1,2683557,211107167,211116054,8887,208432497,8887,208423610,0,0
211116920,997,1,2683362,211071191,211116920,45729,208433558,45729,208387829,0,0
211120001,1017,1,2683574,211116054,211120001,3947,208436427,3947,208432480,0,0
211120625,1016,1,2683565,211114094,211120625,6531,208437060,6531,208430529,0,0
211130432,1019,1,2683583,211120001,211130432,10431,208446849,10431,208436418,0,0
211132852,1020,1,2683588,211120625,211132852,12227,208449264,12227,208437037,0,0
211133535,1022,1,2683621,211132852,211133535,683,208449914,683,208449231,0,0
211134210,1018,1,2683575,211116920,211134210,17290,208450635,17290,208433345,0,0
211134430,972,1,2683183,210981804,211134430,152626,208451247,152626,208298621,0,0
211139809,993,1,2683355,211053642,211139809,86167,208456454,86167,208370287,0,0
211140546,1026,1,2683628,211139809,211140546,737,208456918,737,208456181,0,0
211141485,985,1,2683278,211015511,211141485,125974,208458207,125974,208332233,0,0
211142606,946,1,2682874,210923142,211142606,219464,208459732,219464,208240268,0,0
211148361,1009,1,2683521,211099053,211148361,49308,208464840,49308,208415532,0,0
211151249,1028,1,2683637,211141485,211151249,9764,208467612,9764,208457848,0,0
211151805,1029,1,2683648,211142606,211151805,9199,208468157,9199,208458958,0,0
211155372,1024,1,2683624,211134210,211155372,21162,208471748,21162,208450586,0,0
211160222,1023,1,2683621,211133535,211160222,26687,208476601,26687,208449914,0,0
211161078,1034,1,2683685,211160222,211161078,856,208477393,856,208476537,0,0
211161746,1031,1,2683652,211151249,211161746,10497,208478094,10497,208467597,0,0
211163702,998,1,2683366,211071263,211163702,92439,208480336,92439,208387897,0,0
211163915,987,1,2683289,211037305,211163915,126610,208480626,126610,208354016,0,0
211164517,1037,1,2683696,211163702,211164517,815,208480821,815,208480006,0,0
211165790,1039,1,2683703,211164517,211165790,1273,208482087,1273,208480814,0,0
211170253,1040,1,2683705,211165790,211170253,4463,208486548,4463,208482085,0,0
211175227,1036,1,2683692,211161746,211175227,13481,208491535,13481,208478054,0,0
211178016,1032,1,2683659,211151805,211178016,26211,208494357,26211,208468146,0,0
211183402,1027,1,2683635,211140546,211183402,42856,208499767,42856,208456911,0,0
211183707,1025,1,2683625,211134430,211183707,49277,208500082,49277,208450805,0,0
211183725,986,1,2683280,211033360,211183725,150365,208500445,150365,208350080,0,0
211184788,1044,1,2683716,211183402,211184788,1386,208501072,1386,208499686,0,0
211184796,1041,1,2683707,211170253,211184796,14543,208501089,14543,208486546,0,0
211185378,1048,1,2683726,211184796,211185378,582,208501652,582,208501070,0,0
211186332,1035,1,2683689,211161078,211186332,25254,208502643,25254,208477389,0,0
211190937,1004,1,2683447,211091529,211190937,99408,208507490,99408,208408082,0,0
211196680,1050,1,2683737,211186332,211196680,10348,208512943,10348,208502595,0,0
211200866,1046,1,2683720,211183725,211200866,17141,208517146,17141,208500005,0,0
211201878,1053,1,2683744,211200866,211201878,1012,208518134,1012,208517122,0,0
211207119,958,1,2683038,210953111,211207119,254008,208524081,254008,208270073,0,0
211215346,971,1,2683121,210981095,211215346,234251,208532225,234251,208297974,0,0
211218406,1052,1,2683743,211196680,211218406,21726,208534663,21726,208512937,0,0
211221612,1051,1,2683740,211190937,211221612,30675,208537872,30675,208507197,0,0
211223887,1021,1,2683601,211130432,211223887,93455,208540286,93455,208446831,0,0
211234860,1008,1,2683514,211097547,211234860,137313,208551346,137313,208414033,0,0
211237939,1057,1,2683770,211218406,211237939,19533,208554169,19533,208534636,0,0
211238774,1059,1,2683774,211223887,211238774,14887,208555000,14887,208540113,0,0
211249660,1061,1,2683782,211237939,211249660,11721,208565878,11721,208554157,0,0
211269063,952,1,2682968,210933648,211269063,335415,208586095,335415,208250680,0,0
211270632,1012,1,2683544,211105792,211270632,164840,208587088,164840,208422248,0,0
211271437,1030,1,2683652,211148361,211271437,123076,208587785,123076,208464709,0,0
211271748,1065,1,2683814,211270632,211271748,1116,208587934,1116,208586818,0,0
211272551,1067,1,2684042,211271748,211272551,803,208588509,803,208587706,0,0
211273644,1068,1,2684045,211272551,211273644,1093,208589599,1093,208588506,0,0
211274615,1069,1,2684077,211273644,211274615,971,208590538,971,208589567,0,0
211279375,1000,1,2683369,211075682,211279375,203693,208596006,203693,208392313,0,0
211284062,1070,1,2684078,211274615,211284062,9447,208599984,9447,208590537,0,0
211292748,1056,1,2683763,211215346,211292748,77402,208608985,77402,208531583,0,0
211294379,1005,1,2683451,211092958,211294379,201421,208610928,201421,208409507,0,0
211298720,1072,1,2684082,211284062,211298720,14658,208614638,14658,208599980,0,0
211303696,1049,1,2683737,211185378,211303696,118318,208619959,118318,208501641,0,0
211305391,930,1,2681620,210896108,211305391,409283,208623771,409283,208214488,0,0
211307435,955,1,2683031,210935253,211307435,372182,208624404,372182,208252222,0,0
211308058,1078,1,2684119,211307435,211308058,623,208623939,623,208623316,0,0
211308662,1033,1,2683682,211155372,211308662,153290,208624980,153290,208471690,0,0
211309110,1079,1,2684122,211308058,211309110,1052,208624988,1052,208623936,0,0
211309295,1077,1,2684119,211305391,211309295,3904,208625176,3904,208621272,0,0
211310308,1081,1,2684142,211309110,211310308,1198,208626166,1198,208624968,0,0
211315011,1058,1,2683771,211221612,211315011,93399,208631240,93399,208537841,0,0
211315976,1084,1,2684163,211315011,211315976,965,208631813,965,208630848,0,0
211318867,1082,1,2684143,211309295,211318867,9572,208634724,9572,208625152,0,0
211337017,1086,1,2684167,211318867,211337017,18150,208652850,18150,208634700,0,0
211337114,1083,1,2684163,211310308,211337114,26806,208652951,26806,208626145,0,0
211337962,1080,1,2684126,211308662,211337962,29300,208653836,29300,208624536,0,0
211341126,1089,1,2684174,211337962,211341126,3164,208656952,3164,208653788,0,0
211345944,991,1,2683351,211049188,211345944,296756,208662593,296756,208365837,0,0
211347161,1091,1,2684177,211345944,211347161,1217,208662984,1217,208661767,0,0
211349587,1055,1,2683759,211207119,211349587,142468,208665828,142468,208523360,0,0
211350727,1087,1,2684170,211337017,211350727,13710,208666557,13710,208652847,0,0
211352137,1074,1,2684085,211294379,211352137,57758,208668052,57758,208610294,0,0
211352675,994,1,2683355,211058500,211352675,294175,208669320,294175,208375145,0,0
211354331,1090,1,2684174,211341126,211354331,13205,208670157,13205,208656952,0,0
211354894,1097,1,2684196,211354331,211354894,563,208670698,563,208670135,0,0
211355623,1098,1,2684196,211354894,211355623,729,208671427,729,208670698,0,0
211355732,1096,1,2684193,211352675,211355732,3057,208671539,3057,208668482,0,0
211359559,1093,1,2684181,211349587,211359559,9972,208675378,9972,208665406,0,0
211359742,1099,1,2684199,211355623,211359742,4119,208675543,4119,208671424,0,0
211360567,1102,1,2684209,211359742,211360567,825,208676358,825,208675533,0,0
211362907,1075,1,2684089,211298720,211362907,64187,208678818,64187,208614631,0,0
211364533,1064,1,2683791,211269063,211364533,95470,208680742,95470,208585272,0,0
211369703,1092,1,2684178,211347161,211369703,22542,208685525,22542,208662983,0,0
211375882,1088,1,2684170,211337114,211375882,38768,208691712,38768,208652944,0,0
211376963,1101,1,2684203,211359559,211376963,17404,208692760,17404,208675356,0,0
211378835,1066,1,2683815,211271437,211378835,107398,208695020,107398,208587622,0,0
211379333,1095,1,2684191,211352137,211379333,27196,208695142,27196,208667946,0,0
211381111,1100,1,2684200,211355732,211381111,25379,208696911,25379,208671532,0,0
211382484,1105,1,2684238,211364533,211382484,17951,208698246,17951,208680295,0,0
211384077,1103,1,2684235,211360567,211384077,23510,208699842,23510,208676332,0,0
211384641,1094,1,2684182,211350727,211384641,33914,208700459,33914,208666545,0,0
211386320,1113,1,2684255,211384077,211386320,2243,208702065,2243,208699822,0,0
211387852,1045,1,2683716,211183707,211387852,204145,208704136,204145,208499991,0,0
211390690,1109,1,2684245,211378835,211390690,11855,208706445,11855,208694590,0,0
211390982,1111,1,2684249,211381111,211390982,9871,208706733,9871,208696862,0,0
211391938,1117,1,2684301,211390690,211391938,1248,208707637,1248,208706389,0,0
211392560,1112,1,2684251,211382484,211392560,10076,208708309,10076,208698233,0,0
211393445,1114,1,2684296,211384641,211393445,8804,208709149,8804,208700345,0,0
211396128,1073,1,2684085,211292748,211396128,103380,208712043,103380,208608663,0,0
211397717,1107,1,2684242,211375882,211397717,21835,208713475,21835,208691640,0,0
211398122,1106,1,2684239,211369703,211398122,28419,208713883,28419,208685464,0,0
211398576,1108,1,2684243,211376963,211398576,21613,208714333,21613,208692720,0,0
211398736,1116,1,2684301,211387852,211398736,10884,208714435,10884,208703551,0,0
211398976,1124,1,2684316,211398122,211398976,854,208714660,854,208713806,0,0
211400440,1118,1,2684304,211390982,211400440,9458,208716136,9458,208706678,0,0
211401002,1119,1,2684304,211391938,211401002,9064,208716698,9064,208707634,0,0
211401742,1129,1,2684352,211401002,211401742,740,208717390,740,208716650,0,0
211406099,1121,1,2684308,211393445,211406099,12654,208721791,12654,208709137,0,0
211406209,1110,1,2684248,211379333,211406209,26876,208721961,26876,208695085,0,0
211407193,1042,1,2683712,211175227,211407193,231966,208723481,231966,208491515,0,0
211407935,1126,1,2684345,211398736,211407935,9199,208723590,9199,208714391,0,0
211408782,1134,1,2684456,211407935,211408782,847,208724326,847,208723479,0,0
211409255,1135,1,2684515,211408782,211409255,473,208724740,473,208724267,0,0
211409900,1136,1,2684711,211409255,211409900,645,208725189,645,208724544,0,0
211411267,1128,1,2684349,211400440,211411267,10827,208726918,10827,208716091,0,0
211412589,1120,1,2684308,211392560,211412589,20029,208728281,20029,208708252,0,0
211416187,1122,1,2684312,211396128,211416187,20059,208731875,20059,208711816,0,0
211418569,1138,1,2684758,211411267,211418569,7302,208733811,7302,208726509,0,0
211420819,1132,1,2684432,211406209,211420819,14610,208736387,14610,208721777,0,0
211421175,1071,1,2684081,211279375,211421175,141800,208737094,141800,208595294,0,0
211422399,1143,1,2684845,211421175,211422399,1224,208737554,1224,208736330,0,0
211428425,1131,1,2684390,211406099,211428425,22326,208744035,22326,208721709,0,0
211429223,1145,1,2684851,211428425,211429223,798,208744372,798,208743574,0,0
211432712,1137,1,2684715,211409900,211432712,22812,208747997,22812,208725185,0,0
211433585,1147,1,2684862,211432712,211433585,873,208748723,873,208747850,0,0
211435107,1085,1,2684167,211315976,211435107,119131,208750940,119131,208631809,0,0
211437476,1149,1,2684871,211435107,211437476,2369,208752605,2369,208750236,0,0
211437587,1140,1,2684769,211416187,211437587,21400,208752818,21400,208731418,0,0
211438614,1076,1,2684092,211303696,211438614,134918,208754522,134918,208619604,0,0
211439025,1062,1,2683785,211238774,211439025,200251,208755240,200251,208554989,0,0
211439196,1152,1,2684888,211438614,211439196,582,208754308,582,208753726,0,0
211439905,1153,1,2684892,211439025,211439905,880,208755013,880,208754133,0,0
211440667,1155,1,2684896,211439905,211440667,762,208755771,762,208755009,0,0
211440670,1038,1,2683696,211163915,211440670,276755,208756974,276755,208480219,0,0
211441117,1156,1,2684899,211440667,211441117,450,208756218,450,208755768,0,0
211441990,1047,1,2683723,211184788,211441990,257202,208758267,257202,208501065,0,0
211442401,1158,1,2684914,211441117,211442401,1284,208757487,1284,208756203,0,0
211444692,1159,1,2684918,211441990,211444692,2702,208759774,2702,208757072,0,0
211446760,1148,1,2684868,211433585,211446760,13175,208761892,13175,208748717,0,0
211448384,1054,1,2683755,211201878,211448384,246506,208764629,246506,208518123,0,0
211449117,1150,1,2684873,211437476,211449117,11641,208764244,11641,208752603,0,0
211449803,1164,1,2684952,211449117,211449803,686,208764851,686,208764165,0,0
211451901,1163,1,2684942,211448384,211451901,3517,208766959,3517,208763442,0,0
211453103,1146,1,2684857,211429223,211453103,23880,208768246,23880,208744366,0,0
211460293,1161,1,2684935,211444692,211460293,15601,208775358,15601,208759757,0,0
211465811,1168,1,2685059,211460293,211465811,5518,208780752,5518,208775234,0,0
211465819,1166,1,2684962,211451901,211465819,13918,208780857,13918,208766939,0,0
211469049,1139,1,2684764,211412589,211469049,56460,208784285,56460,208727825,0,0
211471059,1130,1,2684353,211401742,211471059,69317,208786706,69317,208717389,0,0
211471990,1167,1,2685051,211453103,211471990,18887,208786939,18887,208768052,0,0
211481878,1141,1,2684776,211418569,211481878,63309,208797102,63309,208733793,0,0
211487643,1173,1,2685425,211471990,211487643,15653,208802218,15653,208786565,0,0
211488963,1142,1,2684822,211420819,211488963,68144,208804141,68144,208735997,0,0
211489620,1176,1,2685444,211488963,211489620,657,208804176,657,208803519,0,0
211493003,1133,1,2684448,211407193,211493003,85810,208808555,85810,208722745,0,0
211498078,1060,1,2683779,211234860,211498078,263218,208814299,263218,208551081,0,0
211499855,1127,1,2684348,211398976,211499855,100879,208815507,100879,208714628,0,0
211506224,1172,1,2685411,211471059,211506224,35165,208820813,35165,208785648,0,0
211508427,1175,1,2685430,211487643,211508427,20784,208822997,20784,208802213,0,0
211509285,1182,1,2685462,211508427,211509285,858,208823823,858,208822965,0,0
211510518,1180,1,2685455,211499855,211510518,10663,208825063,10663,208814400,0,0
211510715,1181,1,2685459,211506224,211510715,4491,208825256,4491,208820765,0,0
211520402,1183,1,2685465,211509285,211520402,11117,208834937,11117,208823820,0,0
211522101,1185,1,2685468,211510715,211522101,11386,208836633,11386,208825247,0,0
211527385,1178,1,2685447,211493003,211527385,34382,208841938,34382,208807556,0,0
211533862,1187,1,2685484,211522101,211533862,11761,208848378,11761,208836617,0,0
211536898,1125,1,2684345,211398576,211536898,138322,208852553,138322,208714231,0,0
211542064,1188,1,2685484,211527385,211542064,14679,208856580,14679,208841901,0,0
211549713,1063,1,2683789,211249660,211549713,300053,208865924,300053,208565871,0,0
211551679,1189,1,2685492,211533862,211551679,17817,208866187,17817,208848370,0,0
211560563,1190,1,2685494,211536898,211560563,23665,208875069,23665,208851404,0,0
211566122,1123,1,2684312,211397717,211566122,168405,208881810,168405,208713405,0,0
211573869,1160,1,2684925,211442401,211573869,131468,208888944,131468,208757476,0,0
211574271,1195,1,2685504,211566122,211574271,8149,208888767,8149,208880618,0,0
211576879,1179,1,2685451,211498078,211576879,78801,208891428,78801,208812627,0,0
211579110,1043,1,2683713,211178016,211579110,401094,208895397,401094,208494303,0,0
211582124,1184,1,2685466,211510518,211582124,71606,208896658,71606,208825052,0,0
211585524,1171,1,2685405,211469049,211585524,116475,208900119,116475,208783644,0,0
211586262,1104,1,2684235,211362907,211586262,223355,208902027,223355,208678672,0,0
211590746,1201,1,2685514,211585524,211590746,5222,208905232,5222,208900010,0,0
211591045,1151,1,2684885,211437587,211591045,153458,208906160,153458,208752702,0,0
211591959,1169,1,2685398,211465811,211591959,126148,208906561,126148,208780413,0,0
211598033,1196,1,2685505,211573869,211598033,24164,208912528,24164,208888364,0,0
211598317,1199,1,2685510,211579110,211598317,19207,208912807,19207,208893600,0,0
211601966,1197,1,2685507,211574271,211601966,27695,208916459,27695,208888764,0,0
211607197,1205,1,2685522,211591959,211607197,15238,208921675,15238,208906437,0,0
211607350,1192,1,2685497,211549713,211607350,57637,208921853,57637,208864216,0,0
211614407,1170,1,2685405,211465819,211614407,148588,208929002,148588,208780414,0,0
211614417,1191,1,2685496,211542064,211614417,72353,208928921,72353,208856568,0,0
211614634,1200,1,2685513,211582124,211614634,32510,208929121,32510,208896611,0,0
211618173,1206,1,2685576,211598033,211618173,20140,208932597,20140,208912457,0,0
211619440,1214,1,2685615,211618173,211619440,1267,208933825,1267,208932558,0,0
211619637,1213,1,2685589,211614634,211619637,5003,208934048,5003,208929045,0,0
211619966,1174,1,2685427,211481878,211619966,138088,208934539,138088,208796451,0,0
211620680,1215,1,2685615,211619440,211620680,1240,208935065,1240,208933825,0,0
211621295,1216,1,2685619,211619637,211621295,1658,208935676,1658,208934018,0,0
211623533,1177,1,2685444,211489620,211623533,133913,208938089,133913,208804176,0,0
211625165,1210,1,2685583,211607350,211625165,17815,208939582,17815,208921767,0,0
211625944,1208,1,2685580,211601966,211625944,23978,208940364,23978,208916386,0,0
211631520,1211,1,2685585,211614407,211631520,17113,208945935,17113,208928822,0,0
211632026,1221,1,2685635,211625165,211632026,6861,208946391,6861,208939530,0,0
211632551,1212,1,2685587,211614417,211632551,18134,208946964,18134,208928830,0,0
211632975,1224,1,2685678,211632026,211632975,949,208947297,949,208946348,0,0
211637412,1220,1,2685635,211623533,211637412,13879,208951777,13879,208937898,0,0
211644226,1218,1,2685627,211620680,211644226,23546,208958599,23546,208935053,0,0
211645785,1217,1,2685620,211619966,211645785,25819,208960165,25819,208934346,0,0
211646516,1225,1,2685681,211632551,211646516,13965,208960835,13965,208946870,0,0
211648114,1194,1,2685500,211560563,211648114,87551,208962614,87551,208875063,0,0
211650292,1223,1,2685678,211631520,211650292,18772,208964614,18772,208945842,0,0
211650915,1144,1,2684848,211422399,211650915,228516,208966067,228516,208737551,0,0
211651384,1193,1,2685500,211551679,211651384,99705,208965884,99705,208866179,0,0
211651789,1233,1,2685752,211650915,211651789,874,208966037,874,208965163,0,0
211652946,1154,1,2684892,211439196,211652946,213750,208968054,213750,208754304,0,0
211657836,1162,1,2684938,211446760,211657836,211076,208972898,211076,208761822,0,0
211659054,1236,1,2685805,211652946,211659054,6108,208973249,6108,208967141,0,0
211660615,1237,1,2685834,211657836,211660615,2779,208974781,2779,208972002,0,0
211661271,1234,1,2685797,211651384,211661271,9887,208975474,9887,208965587,0,0
211665391,1165,1,2684959,211449803,211665391,215588,208980432,215588,208764844,0,0
211668177,1231,1,2685745,211648114,211668177,20063,208982432,20063,208962369,0,0
211670618,1239,1,2685841,211660615,211670618,10003,208984777,10003,208974774,0,0
211671363,1227,1,2685685,211637412,211671363,33951,208985678,33951,208951727,0,0
211672838,1240,1,2685845,211661271,211672838,11567,208986993,11567,208975426,0,0
211673843,1157,1,2684910,211440670,211673843,233173,208988933,233173,208755760,0,0
211674576,1246,1,2685882,211673843,211674576,733,208988694,733,208987961,0,0
211677933,1244,1,2685875,211671363,211677933,6570,208992058,6570,208985488,0,0
211680944,1248,1,2685921,211677933,211680944,3011,208995023,3011,208992012,0,0
211694842,1249,1,2685927,211680944,211694842,13898,209008915,13898,208995017,0,0
211696004,1204,1,2685521,211591045,211696004,104959,209010483,104959,208905524,0,0
211696623,1207,1,2685577,211598317,211696623,98306,209011046,98306,208912740,0,0
211699207,1247,1,2685906,211674576,211699207,24631,209013301,24631,208988670,0,0
211701859,1253,1,2685964,211699207,211701859,2652,209015895,2652,209013243,0,0
211706694,1115,1,2684297,211386320,211706694,320374,209022397,320374,208702023,0,0
211707187,1241,1,2685852,211665391,211707187,41796,209021335,41796,208979539,0,0
211707550,1255,1,2685968,211706694,211707550,856,209021582,856,209020726,0,0
211707957,1250,1,2685931,211694842,211707957,13115,209022026,13115,209008911,0,0
211712756,1245,1,2685880,211672838,211712756,39918,209026876,39918,208986958,0,0
211714447,1256,1,2685972,211707187,211714447,7260,209028475,7260,209021215,0,0
211720189,1259,1,2685997,211712756,211720189,7433,209034192,7433,209026759,0,0
211722054,1186,1,2685470,211520402,211722054,201652,209036584,201652,208834932,0,0
211726101,1229,1,2685741,211645785,211726101,80316,209040360,80316,208960044,0,0
211727463,1261,1,2686003,211720189,211727463,7274,209041460,7274,209034186,0,0
211729917,1202,1,2685517,211586262,211729917,143655,209044400,143655,208900745,0,0
211730648,1263,1,2686011,211726101,211730648,4547,209044637,4547,209040090,0,0
211732019,1242,1,2685860,211668177,211732019,63842,209046159,63842,208982317,0,0
211734021,1266,1,2686022,211730648,211734021,3373,209047999,3373,209044626,0,0
211737540,1243,1,2685864,211670618,211737540,66922,209051676,66922,208984754,0,0
211739578,1258,1,2685978,211707957,211739578,31621,209053600,31621,209021979,0,0
211744919,1262,1,2686009,211722054,211744919,22865,209058910,22865,209036045,0,0
211748530,1265,1,2686020,211729917,211748530,18613,209062510,18613,209043897,0,0
211749121,1226,1,2685682,211632975,211749121,116146,209063439,116146,208947293,0,0
211749127,1251,1,2685934,211696004,211749127,53123,209063193,53123,209010070,0,0
211750096,1274,1,2686166,211749127,211750096,969,209063930,969,209062961,0,0
211751545,1264,1,2686012,211727463,211751545,24082,209065533,24082,209041451,0,0
211752548,1276,1,2686224,211751545,211752548,1003,209066324,1003,209065321,0,0
211754914,1272,1,2686079,211748530,211754914,6384,209068835,6384,209062451,0,0
211756307,1269,1,2686066,211737540,211756307,18767,209070241,18767,209051474,0,0
211756897,1252,1,2685964,211696623,211756897,60274,209070933,60274,209010659,0,0
211766148,1277,1,2686225,211752548,211766148,13600,209079923,13600,209066323,0,0
211766817,1280,1,2686238,211756897,211766817,9920,209080579,9920,209070659,0,0
211767145,1235,1,2685805,211651789,211767145,115356,209081340,115356,208965984,0,0
211767512,1282,1,2686252,211766817,211767512,695,209081260,695,209080565,0,0
211771405,1283,1,2686284,211767145,211771405,4260,209085121,4260,209080861,0,0
211772176,1273,1,2686154,211749121,211772176,23055,209086022,23055,209062967,0,0
211772441,1284,1,2686288,211767512,211772441,4929,209086153,4929,209081224,0,0
211774888,1275,1,2686171,211750096,211774888,24792,209088717,24792,209063925,0,0
211780071,1285,1,2686301,211771405,211780071,8666,209093770,8666,209085104,0,0
211787832,1257,1,2685972,211707550,211787832,80282,209101860,80282,209021578,0,0
211796440,1267,1,2686023,211732019,211796440,64421,209110417,64421,209045996,0,0
211816893,1279,1,2686234,211756307,211816893,60586,209130659,60586,209070073,0,0
211818473,1198,1,2685508,211576879,211818473,241594,209132965,241594,208891371,0,0
211829502,1287,1,2686362,211772441,211829502,57061,209143140,57061,209086079,0,0
211829975,1270,1,2686066,211739578,211829975,90397,209143909,90397,209053512,0,0
211834327,1228,1,2685741,211644226,211834327,190101,209148586,190101,208958485,0,0
211837721,1230,1,2685744,211646516,211837721,191205,209151977,191205,208960772,0,0
211849762,1209,1,2685581,211607197,211849762,242565,209164181,242565,208921616,0,0
211862058,1254,1,2685968,211701859,211862058,160199,209176090,160199,209015891,0,0
211866584,1219,1,2685631,211621295,211866584,245289,209180953,245289,208935664,0,0
211887678,1238,1,2685838,211659054,211887678,228624,209201840,228624,208973216,0,0
211900049,1268,1,2686035,211734021,211900049,166028,209214014,166028,209047986,0,0
211926783,1203,1,2685518,211590746,211926783,336037,209241265,336037,208905228,0,0
211929383,1278,1,2686225,211754914,211929383,174469,209243158,174469,209068689,0,0
211930302,1290,1,2687898,211929383,211930302,919,209242404,919,209241485,0,0
211930545,1293,1,2687906,211929383,211930545,1162,209242639,1162,209241477,0,0
211931394,1298,1,2687921,211930302,211931394,1092,209243473,1092,209242381,0,0
211931604,1299,1,2687924,211930545,211931604,1059,209243680,1059,209242621,0,0
211932133,1294,1,2687908,211929383,211932133,2750,209244225,2750,209241475,0,0
211932464,1301,1,2687928,211931604,211932464,860,209244536,860,209243676,0,0
211934046,1260,1,2686000,211714447,211934046,219599,209248046,219599,209028447,0,0
211934480,1271,1,2686079,211744919,211934480,189561,209248401,189561,209058840,0,0
211936011,1286,1,2686301,211772176,211936011,163835,209249710,163835,209085875,0,0
211936983,1304,1,2687932,211934046,211936983,2937,209249051,2937,209246114,0,0
211937301,1289,1,2687894,211929383,211937301,7918,209249407,7918,209241489,0,0
211937799,1308,1,2687939,211937301,211937799,498,209249860,498,209249362,0,0
211938841,1295,1,2687910,211929383,211938841,9458,209250931,9458,209241473,0,0
211942372,1309,1,2687942,211937799,211942372,4573,209254430,4573,209249857,0,0
211942478,1296,1,2687912,211929383,211942478,13095,209254566,13095,209241471,0,0
211943411,1311,1,2687945,211942372,211943411,1039,209255466,1039,209254427,0,0
211946251,1307,1,2687938,211936983,211946251,9268,209258313,9268,209249045,0,0
211948278,1297,1,2687913,211929383,211948278,18895,209260365,18895,209241470,0,0
211949002,1315,1,2687952,211948278,211949002,724,209261050,724,209260326,0,0
211949958,1316,1,2687955,211949002,211949958,956,209262003,956,209261047,0,0
211951018,1317,1,2687956,211949958,211951018,1060,209263062,1060,209262002,0,0
211951447,1232,1,2685748,211650292,211951447,301155,209265699,301155,208964544,0,0
211952501,1319,1,2687960,211951447,211952501,1054,209264541,1054,209263487,0,0
211954060,1314,1,2687950,211946251,211954060,7809,209266110,7809,209258301,0,0
211955218,1292,1,2687904,211929383,211955218,25835,209267314,25835,209241479,0,0
211956374,1322,1,2687965,211955218,211956374,1156,209268409,1156,209267253,0,0
211958948,1281,1,2686252,211766148,211958948,192800,209272696,192800,209079896,0,0
211961504,1313,1,2687949,211943411,211961504,18093,209273555,18093,209255462,0,0
211962715,1321,1,2687963,211954060,211962715,8655,209274752,8655,209266097,0,0
211963698,1323,1,2687966,211956374,211963698,7324,209275732,7324,209268408,0,0
211964653,1327,1,2687973,211963698,211964653,955,209276680,955,209275725,0,0
211971808,1320,1,2687962,211952501,211971808,19307,209283846,19307,209264539,0,0
211973633,1291,1,2687901,211929383,211973633,44250,209285732,44250,209241482,0,0
211979244,1310,1,2687943,211938841,211979244,40403,209291301,40403,209250898,0,0
211979742,1331,1,2687981,211979244,211979742,498,209291761,498,209291263,0,0
211980185,1329,1,2687977,211971808,211980185,8377,209292208,8377,209283831,0,0
211981381,1306,1,2687936,211936011,211981381,45370,209293445,45370,209248075,0,0
211982767,1328,1,2687975,211964653,211982767,18114,209294792,18114,209276678,0,0
211983190,1326,1,2687972,211962715,211983190,20475,209295218,20475,209274743,0,0
211986922,1330,1,2687979,211973633,211986922,13289,209298943,13289,209285654,0,0
211997304,1337,1,2687993,211986922,211997304,10382,209309311,10382,209298929,0,0
212006081,1333,1,2687984,211980185,212006081,25896,209318097,25896,209292201,0,0
212009957,1335,1,2687989,211982767,212009957,27190,209321968,27190,209294778,0,0
212013580,1336,1,2687992,211983190,212013580,30390,209325588,30390,209295198,0,0
212020004,1324,1,2687969,211958948,212020004,61056,209332035,61056,209270979,0,0
212030424,1305,1,2687935,211934480,212030424,95944,209342489,95944,209246545,0,0
212030683,1341,1,2688000,212013580,212030683,17103,209342683,17103,209325580,0,0
212031149,1344,1,2688006,212030683,212031149,466,209343143,466,209342677,0,0
212033890,1222,1,2685639,211625944,212033890,407946,209348251,407946,208940305,0,0
212035574,1312,1,2687947,211942478,212035574,93096,209347627,93096,209254531,0,0
212038661,1342,1,2688003,212020004,212038661,18657,209350658,18657,209332001,0,0
212043604,1346,1,2688010,212033890,212043604,9714,209355594,9714,209345880,0,0
212051478,1348,1,2688015,212038661,212051478,12817,209363463,12817,209350646,0,0
212058269,1347,1,2688011,212035574,212058269,22695,209370258,22695,209347563,0,0
212066467,1300,1,2687925,211931394,212066467,135073,209378542,135073,209243469,0,0
212068439,1349,1,2688019,212043604,212068439,24835,209380420,24835,209355585,0,0
212085184,1350,1,2688022,212051478,212085184,33706,209397162,33706,209363456,0,0
212089037,1334,1,2687989,211981381,212089037,107656,209401048,107656,209293392,0,0
212090403,1353,1,2688088,212068439,212090403,21964,209402315,21964,209380351,0,0
212094250,1354,1,2688091,212085184,212094250,9066,209406159,9066,209397093,0,0
212095003,1357,1,2688280,212094250,212095003,753,209406723,753,209405970,0,0
212096526,1356,1,2688278,212090403,212096526,6123,209408248,6123,209402125,0,0
212101298,1355,1,2688091,212089037,212101298,12261,209413207,12261,209400946,0,0
212102220,1360,1,2688393,212101298,212102220,922,209413827,922,209412905,0,0
212102953,1361,1,2688393,212102220,212102953,733,209414560,733,209413827,0,0
212115066,1362,1,2688397,212102953,212115066,12113,209426669,12113,209414556,0,0
212121910,1302,1,2687928,211932133,212121910,189777,209433982,189777,209244205,0,0
212122379,1363,1,2688408,212115066,212122379,7313,209433971,7313,209426658,0,0
212123339,1364,1,2688411,212121910,212123339,1429,209434928,1429,209433499,0,0
212130717,1366,1,2688422,212123339,212130717,7378,209442295,7378,209434917,0,0
212131773,1367,1,2688426,212130717,212131773,1056,209443347,1056,209442291,0,0
212137899,1303,1,2687931,211932464,212137899,205435,209449968,205435,209244533,0,0
212138962,1352,1,2688043,212066467,212138962,72495,209450919,72495,209378424,0,0
212139799,1338,1,2687995,211997304,212139799,142495,209451804,142495,209309309,0,0
212140493,1368,1,2688433,212131773,212140493,8720,209452060,8720,209443340,0,0
212149547,1339,1,2687996,212006081,212149547,143466,209461551,143466,209318085,0,0
212149626,1365,1,2688422,212122379,212149626,27247,209461204,27247,209433957,0,0
212149983,1369,1,2688436,212137899,212149983,12084,209461547,12084,209449463,0,0
212150145,1373,1,2688472,212149547,212150145,598,209461673,598,209461075,0,0
212159186,1345,1,2688008,212031149,212159186,128037,209471178,128037,209343141,0,0
212168997,1372,1,2688460,212140493,212168997,28504,209480537,28504,209452033,0,0
212169402,1318,1,2687959,211951018,212169402,218384,209481443,218384,209263059,0,0
212170212,1343,1,2688004,212030424,212170212,139788,209482208,139788,209342420,0,0
212170953,1325,1,2687970,211961504,212170953,209449,209482983,209449,209273534,0,0
212188773,1380,1,2691994,212170212,212188773,18561,209496779,18561,209478218,0,0
212189599,1375,1,2688484,212149983,212189599,39616,209501115,39616,209461499,0,0
212200883,1359,1,2688377,212096526,212200883,104357,209512506,104357,209408149,0,0
212202373,1382,1,2692001,212188773,212202373,13600,209510372,13600,209496772,0,0
212203780,1340,1,2687999,212009957,212203780,193823,209515781,193823,209321958,0,0
212211522,1376,1,2688485,212150145,212211522,61377,209523037,61377,209461660,0,0
212212144,1387,1,2692016,212211522,212212144,622,209520128,622,209519506,0,0
212213108,1385,1,2692007,212202373,212213108,10735,209521101,10735,209510366,0,0
212213861,1389,1,2692019,212213108,212213861,753,209521842,753,209521089,0,0
212220377,1383,1,2692003,212189599,212220377,30778,209528374,30778,209497596,0,0
212221234,1332,1,2687982,211979742,212221234,241492,209533252,241492,209291760,0,0
212222143,1392,1,2692023,212221234,212222143,909,209530120,909,209529211,0,0
212222378,1370,1,2688444,212138962,212222378,83416,209533934,83416,209450518,0,0
212227257,1391,1,2692020,212220377,212227257,6880,209535237,6880,209528357,0,0
212239996,1371,1,2688450,212139799,212239996,100197,209551546,100197,209451349,0,0
212240794,1388,1,2692016,212212144,212240794,28650,209548778,28650,209520128,0,0
212241237,1396,1,2692027,212239996,212241237,1241,209549210,1241,209547969,0,0
212243423,1379,1,2688510,212169402,212243423,74021,209554913,74021,209480892,0,0
212248599,1398,1,2692028,212241237,212248599,7362,209556571,7362,209549209,0,0
212251172,1395,1,2692026,212227257,212251172,23915,209559146,23915,209535231,0,0
212253095,1351,1,2688026,212058269,212253095,194826,209565069,194826,209370243,0,0
212254151,1402,1,2692032,212253095,212254151,1056,209562119,1056,209561063,0,0
212263274,1401,1,2692031,212251172,212263274,12102,209571243,12102,209559141,0,0
212270754,1377,1,2688492,212159186,212270754,111568,209582262,111568,209470694,0,0
212273167,1399,1,2692030,212243423,212273167,29744,209581137,29744,209551393,0,0
212275718,1403,1,2692034,212254151,212275718,21567,209583684,21567,209562117,0,0
212278369,1404,1,2692034,212263274,212278369,15095,209586335,15095,209571240,0,0
212278741,1405,1,2692036,212270754,212278741,7987,209586705,7987,209578718,0,0
212288108,1407,1,2692071,212275718,212288108,12390,209596037,12390,209583647,0,0
212294465,1409,1,2692071,212278741,212294465,15724,209602394,15724,209586670,0,0
212296969,1406,1,2692038,212273167,212296969,23802,209604931,23802,209581129,0,0
212297968,1412,1,2692076,212296969,212297968,999,209605892,999,209604893,0,0
212298908,1413,1,2692076,212297968,212298908,940,209606832,940,209605892,0,0
212301566,1358,1,2688366,212095003,212301566,206563,209613200,206563,209406637,0,0
212305708,1414,1,2692076,212298908,212305708,6800,209613632,6800,209606832,0,0
212312995,1397,1,2692027,212240794,212312995,72201,209620968,72201,209548767,0,0
212313863,1417,1,2692084,212312995,212313863,868,209621779,868,209620911,0,0
212314782,1418,1,2692084,212313863,212314782,919,209622698,919,209621779,0,0
212315036,1411,1,2692076,212294465,212315036,20571,209622960,20571,209602389,0,0
212315593,1419,1,2692087,212314782,212315593,811,209623506,811,209622695,0,0
212316118,1420,1,2692088,212315036,212316118,1082,209624030,1082,209622948,0,0
212320313,1416,1,2692084,212305708,212320313,14605,209628229,14605,209613624,0,0
212322498,1422,1,2692089,212316118,212322498,6380,209630409,6380,209624029,0,0
212323348,1424,1,2692091,212322498,212323348,850,209631257,850,209630407,0,0
212325831,1421,1,2692088,212315593,212325831,10238,209633743,10238,209623505,0,0
212327010,1400,1,2692031,212248599,212327010,78411,209634979,78411,209556568,0,0
212327776,1415,1,2692084,212301566,212327776,26210,209635692,26210,209609482,0,0
212340539,1423,1,2692091,212320313,212340539,20226,209648448,20226,209628222,0,0
212341677,1384,1,2692006,212200883,212341677,140794,209649671,140794,209508877,0,0
212342845,1428,1,2692094,212327776,212342845,15069,209650751,15069,209635682,0,0
212345899,1425,1,2692091,212323348,212345899,22551,209653808,22551,209631257,0,0
212346856,1432,1,2692099,212345899,212346856,957,209654757,957,209653800,0,0
212347705,1433,1,2692103,212346856,212347705,849,209655602,849,209654753,0,0
212353577,1426,1,2692093,212325831,212353577,27746,209661484,27746,209633738,0,0
212366828,1435,1,2692103,212353577,212366828,13251,209674725,13251,209661474,0,0
212375870,1434,1,2692103,212347705,212375870,28165,209683767,28165,209655602,0,0
212400503,1408,1,2692071,212278369,212400503,122134,209708432,122134,209586298,0,0
212401193,1438,1,2692106,212400503,212401193,690,209709087,690,209708397,0,0
212404681,1378,1,2688492,212168997,212404681,235684,209716189,235684,209480505,0,0
212438210,1410,1,2692072,212288108,212438210,150102,209746138,150102,209596036,0,0
212438414,1374,1,2688478,212149626,212438414,288788,209749936,288788,209461148,0,0
212441271,1386,1,2692016,212203780,212441271,237491,209749255,237491,209511764,0,0
212450680,1441,1,2692116,212438210,212450680,12470,209758564,12470,209746094,0,0
212456284,1427,1,2692094,212327010,212456284,129274,209764190,129274,209634916,0,0
212457059,1445,1,2692121,212456284,212457059,775,209764938,775,209764163,0,0
212463750,1444,1,2692117,212450680,212463750,13070,209771633,13070,209758563,0,0
212464511,1394,1,2692024,212222378,212464511,242133,209772487,242133,209530354,0,0
212467480,1431,1,2692099,212342845,212467480,124635,209775381,124635,209650746,0,0
212471051,1436,1,2692106,212366828,212471051,104223,209778945,104223,209674722,0,0
212471900,1450,1,2692130,212471051,212471900,849,209779770,849,209778921,0,0
212475546,1451,1,2692131,212471900,212475546,3646,209783415,3646,209779769,0,0
212479210,1449,1,2692126,212467480,212479210,11730,209787084,11730,209775354,0,0
212482907,1446,1,2692121,212457059,212482907,25848,209790786,25848,209764938,0,0
212495063,1453,1,2692131,212479210,212495063,15853,209802932,15853,209787079,0,0
212495783,1454,1,2692134,212482907,212495783,12876,209803649,12876,209790773,0,0
212497176,1381,1,2691997,212170953,212497176,326223,209805179,326223,209478956,0,0
212498212,1455,1,2692135,212495063,212498212,3149,209806077,3149,209802928,0,0
212503924,1429,1,2692095,212340539,212503924,163385,209811829,163385,209648444,0,0
212509167,1390,1,2692020,212213861,212509167,295306,209817147,295306,209521841,0,0
212509781,1460,1,2692143,212509167,212509781,614,209817638,614,209817024,0,0
212512884,1452,1,2692131,212475546,212512884,37338,209820753,37338,209783415,0,0
212514302,1457,1,2692140,212497176,212514302,17126,209822162,17126,209805036,0,0
212514431,1462,1,2692143,212512884,212514431,1547,209822288,1547,209820741,0,0
212515619,1464,1,2692151,212514431,212515619,1188,209823468,1188,209822280,0,0
212517723,1465,1,2692151,212515619,212517723,2104,209825572,2104,209823468,0,0
212519728,1458,1,2692140,212498212,212519728,21516,209827588,21516,209806072,0,0
212524561,1463,1,2692143,212514302,212524561,10259,209832418,10259,209822159,0,0
212526991,1466,1,2692151,212517723,212526991,9268,209834840,9268,209825572,0,0
212528639,1468,1,2692155,212524561,212528639,4078,209836484,4078,209832406,0,0
212529130,1461,1,2692143,212509781,212529130,19349,209836987,19349,209817638,0,0
212530159,1459,1,2692140,212503924,212530159,26235,209838019,26235,209811784,0,0
212530399,1440,1,2692111,212404681,212530399,125718,209838288,125718,209712570,0,0
212531282,1473,1,2692192,212530399,212531282,883,209839090,883,209838207,0,0
212531436,1469,1,2692189,212526991,212531436,4445,209839247,4445,209834802,0,0
212532092,1474,1,2692193,212531282,212532092,810,209839899,810,209839089,0,0
212532657,1475,1,2692193,212531436,212532657,1221,209840464,1221,209839243,0,0
212534271,1477,1,2692196,212532657,212534271,1614,209842075,1614,209840461,0,0
212538268,1456,1,2692140,212495783,212538268,42485,209846128,42485,209803643,0,0
212543729,1472,1,2692189,212530159,212543729,13570,209851540,13570,209837970,0,0
212544213,1447,1,2692121,212463750,212544213,80463,209852092,80463,209771629,0,0
212544977,1439,1,2692110,212401193,212544977,143784,209852867,143784,209709083,0,0
212545602,1476,1,2692193,212532092,212545602,13510,209853409,13510,209839899,0,0
212547152,1481,1,2692199,212544213,212547152,2939,209854953,2939,209852014,0,0
212556375,1482,1,2692199,212544977,212556375,11398,209864176,11398,209852778,0,0
212563947,1430,1,2692099,212341677,212563947,222270,209871848,222270,209649578,0,0
212574828,1442,1,2692116,212438414,212574828,136414,209882712,136414,209746298,0,0
212579978,1443,1,2692116,212441271,212579978,138707,209887862,138707,209749155,0,0
212580072,1483,1,2692201,212545602,212580072,34470,209887871,34470,209853401,0,0
212580636,1488,1,2692204,212579978,212580636,658,209888432,658,209887774,0,0
212581946,1490,1,2692208,212580636,212581946,1310,209889738,1310,209888428,0,0
212583123,1491,1,2692208,212581946,212583123,1177,209890915,1177,209889738,0,0
212584331,1486,1,2692203,212563947,212584331,20384,209892128,20384,209871744,0,0
212588887,1480,1,2692197,212543729,212588887,45158,209896690,45158,209851532,0,0
212591778,1448,1,2692124,212464511,212591778,127267,209899654,127267,209772387,0,0
212601421,1495,1,2692213,212591778,212601421,9643,209909208,9643,209899565,0,0
212610531,1494,1,2692211,212588887,212610531,21644,209918320,21644,209896676,0,0
212617029,1492,1,2692210,212583123,212617029,33906,209924819,33906,209890913,0,0
212617871,1497,1,2692218,212610531,212617871,7340,209925653,7340,209918313,0,0
212625076,1393,1,2692023,212222143,212625076,402933,209933053,402933,209530120,0,0
212625632,1499,1,2692221,212617871,212625632,7761,209933411,7761,209925650,0,0
212627106,1501,1,2692222,212625632,212627106,1474,209934884,1474,209933410,0,0
212634414,1502,1,2692225,212627106,212634414,7308,209942189,7308,209934881,0,0
212635588,1503,1,2692228,212634414,212635588,1174,209943360,1174,209942186,0,0
212650277,1496,1,2692218,212601421,212650277,48856,209958059,48856,209909203,0,0
212654699,1500,1,2692222,212625076,212654699,29623,209962477,29623,209932854,0,0
212655473,1506,1,2692248,212654699,212655473,774,209963225,774,209962451,0,0
212661030,1493,1,2692211,212584331,212661030,76699,209968819,76699,209892120,0,0
212663824,1508,1,2692254,212661030,212663824,2794,209971570,2794,209968776,0,0
212667000,1478,1,2692196,212534271,212667000,132729,209974804,132729,209842075,0,0
212674183,1479,1,2692196,212538268,212674183,135915,209981987,135915,209846072,0,0
212678264,1487,1,2692204,212574828,212678264,103436,209986060,103436,209882624,0,0
212678764,1512,1,2692270,212678264,212678764,500,209986494,500,209985994,0,0
212681047,1505,1,2692248,212650277,212681047,30770,209988799,30770,209958029,0,0
212681755,1514,1,2692291,212681047,212681755,708,209989464,708,209988756,0,0
212683486,1467,1,2692151,212519728,212683486,163758,209991335,163758,209827577,0,0
212689030,1513,1,2692276,212678764,212689030,10266,209996754,10266,209986488,0,0
212693977,1484,1,2692201,212547152,212693977,146825,210001776,146825,209854951,0,0
212702260,1437,1,2692106,212375870,212702260,326390,210010154,326390,209683764,0,0
212706107,1519,1,2692311,212702260,212706107,3847,210013796,3847,210009949,0,0
212706590,1515,1,2692295,212681755,212706590,24835,210014295,24835,209989460,0,0
212707161,1510,1,2692264,212667000,212707161,40161,210014897,40161,209974736,0,0
212707919,1522,1,2692329,212707161,212707919,758,210015590,758,210014832,0,0
212708700,1523,1,2692329,212707919,212708700,781,210016371,781,210015590,0,0
212712570,1521,1,2692315,212706590,212712570,5980,210020255,5980,210014275,0,0
212718395,1524,1,2692354,212708700,212718395,9695,210026041,9695,210016346,0,0
212718830,1526,1,2692358,212718395,212718830,435,210026472,435,210026037,0,0
212723410,1520,1,2692315,212706107,212723410,17303,210031095,17303,210013792,0,0
212723715,1507,1,2692252,212655473,212723715,68242,210031463,68242,209963221,0,0
212723884,1509,1,2692263,212663824,212723884,60060,210031621,60060,209971561,0,0
212734857,1511,1,2692267,212674183,212734857,60674,210042590,60674,209981916,0,0
212740427,1530,1,2692368,212723884,212740427,16543,210048059,16543,210031516,0,0
212740762,1470,1,2692189,212528639,212740762,212123,210048573,212123,209836450,0,0
212743721,1516,1,2692295,212683486,212743721,60235,210051426,60235,209991191,0,0
212747842,1532,1,2692375,212740427,212747842,7415,210055467,7415,210048052,0,0
212748870,1517,1,2692304,212689030,212748870,59840,210056566,59840,209996726,0,0
212754074,1531,1,2692370,212734857,212754074,19217,210061704,19217,210042487,0,0
212756967,1535,1,2692380,212747842,212756967,9125,210064587,9125,210055462,0,0
212757741,1534,1,2692379,212743721,212757741,14020,210065362,14020,210051342,0,0
212758718,1539,1,2692386,212757741,212758718,977,210066332,977,210065355,0,0
212759673,1540,1,2692387,212758718,212759673,955,210067286,955,210066331,0,0
212766927,1541,1,2692388,212759673,212766927,7254,210074539,7254,210067285,0,0
212770980,1537,1,2692382,212754074,212770980,16906,210078598,16906,210061692,0,0
212773667,1518,1,2692308,212693977,212773667,79690,210081359,79690,210001669,0,0
212777522,1543,1,2692411,212770980,212777522,6542,210085111,6542,210078569,0,0
212779741,1544,1,2692424,212773667,212779741,6074,210087317,6074,210081243,0,0
212779762,1538,1,2692383,212756967,212779762,22795,210087379,22795,210064584,0,0
212785967,1498,1,2692218,212617029,212785967,168938,210093749,168938,209924811,0,0
212787710,1542,1,2692407,212766927,212787710,20783,210095303,20783,210074520,0,0
212794561,1546,1,2692424,212779741,212794561,14820,210102137,14820,210087317,0,0
212794826,1489,1,2692206,212580072,212794826,214754,210102620,214754,209887866,0,0
212806746,1527,1,2692364,212718830,212806746,87916,210114382,87916,210026466,0,0
212809478,1471,1,2692189,212529130,212809478,280348,210117289,280348,209836941,0,0
212813456,1550,1,2692435,212794561,212813456,18895,210121021,18895,210102126,0,0
212814381,1548,1,2692428,212785967,212814381,28414,210121953,28414,210093539,0,0
212814864,1554,1,2692445,212813456,212814864,1408,210122419,1408,210121011,0,0
212816252,1525,1,2692354,212712570,212816252,103682,210123898,103682,210020216,0,0
212825491,1529,1,2692368,212723715,212825491,101776,210133123,101776,210031347,0,0
212830255,1558,1,2692451,212825491,212830255,4764,210137804,4764,210133040,0,0
212830935,1559,1,2692451,212830255,212830935,680,210138484,680,210137804,0,0
212851921,1504,1,2692229,212635588,212851921,216333,210159692,216333,209943359,0,0
212862467,1561,1,2692455,212851921,212862467,10546,210170012,10546,210159466,0,0
212869986,1562,1,2692459,212862467,212869986,7519,210177527,7519,210170008,0,0
212871192,1563,1,2692462,212869986,212871192,1206,210178730,1206,210177524,0,0
212881357,1547,1,2692424,212779762,212881357,101595,210188933,101595,210087338,0,0
212893868,1565,1,2692466,212881357,212893868,12511,210201402,12511,210188891,0,0
212908839,1564,1,2692463,212871192,212908839,37647,210216376,37647,210178729,0,0
212912984,1566,1,2692467,212893868,212912984,19116,210220517,19116,210201401,0,0
212915493,1485,1,2692203,212556375,212915493,359118,210223290,359118,209864172,0,0
212916997,1556,1,2692448,212814864,212916997,102133,210224549,102133,210122416,0,0
212921066,1570,1,2692473,212916997,212921066,4069,210228593,4069,210224524,0,0
212921614,1560,1,2692451,212830935,212921614,90679,210229163,90679,210138484,0,0
212921995,1571,1,2692474,212921066,212921995,929,210229521,929,210228592,0,0
212926016,1573,1,2692477,212921995,212926016,4021,210233539,4021,210229518,0,0
212926703,1574,1,2692478,212926016,212926703,687,210234225,687,210233538,0,0
212927306,1575,1,2692482,212926703,212927306,603,210234824,603,210234221,0,0
212956684,1553,1,2692444,212809478,212956684,147206,210264240,147206,210117034,0,0
212957806,1577,1,2692491,212956684,212957806,1122,210265315,1122,210264193,0,0
212959213,1578,1,2692492,212957806,212959213,1407,210266721,1407,210265314,0,0
212969598,1551,1,2692440,212794826,212969598,174772,210277158,174772,210102386,0,0
212970520,1580,1,2692498,212969598,212970520,922,210278022,922,210277100,0,0
212971348,1581,1,2692498,212970520,212971348,828,210278850,828,210278022,0,0
212978403,1545,1,2692424,212777522,212978403,200881,210285979,200881,210085098,0,0
212979262,1583,1,2692502,212978403,212979262,859,210286760,859,210285901,0,0
212985135,1579,1,2692495,212959213,212985135,25922,210292640,25922,210266718,0,0
212989095,1582,1,2692499,212971348,212989095,17747,210296596,17747,210278849,0,0
212995630,1555,1,2692447,212814381,212995630,181249,210303183,181249,210121934,0,0
212997177,1557,1,2692451,212816252,212997177,180925,210304726,180925,210123801,0,0
213001204,1588,1,2692535,212997177,213001204,4027,210308669,4027,210304642,0,0
213004456,1533,1,2692376,212740762,213004456,263694,210312080,263694,210048386,0,0
213006897,1586,1,2692528,212989095,213006897,17802,210314369,17802,210296567,0,0
213007911,1587,1,2692532,212995630,213007911,12281,210315379,12281,210303098,0,0
213011306,1572,1,2692474,212921614,213011306,89692,210318832,89692,210229140,0,0
213016710,1528,1,2692366,212723410,213016710,293300,210324344,293300,210031044,0,0
213018525,1589,1,2692542,213001204,213018525,17321,210325983,17321,210308662,0,0
213022813,1568,1,2692471,212912984,213022813,109829,210330342,109829,210220513,0,0
213036297,1549,1,2692431,212787710,213036297,248587,210343866,248587,210095279,0,0
213042389,1552,1,2692444,212806746,213042389,235643,210349945,235643,210114302,0,0
213043927,1576,1,2692487,212927306,213043927,116621,210351440,116621,210234819,0,0
213044226,1569,1,2692471,212915493,213044226,128733,210351755,128733,210223022,0,0
213180079,1567,1,2692469,212908839,213180079,271240,210487610,271240,210216370,0,0
213217665,1585,1,2692528,212985135,213217665,232530,210525137,232530,210292607,0,0
213243591,1590,8,2701423,213180079,213243591,63512,210542168,63512,210478656,0,0
213244543,1596,1,2718458,213243591,213244543,952,210526085,952,210525133,0,0
213244649,1597,1,2718458,213243591,213244649,1058,210526191,1058,210525133,0,0
213245708,1599,1,2718462,213244649,213245708,1059,210527246,1059,210526187,0,0
213250934,1593,1,2716761,213243591,213250934,7343,210534173,7343,210526830,0,0
213255515,1594,1,2718449,213243591,213255515,11924,210537066,11924,210525142,0,0
213264088,1600,1,2718462,213245708,213264088,18380,210545626,18380,210527246,0,0
213265409,1584,1,2692506,212979262,213265409,286147,210572903,286147,210286756,0,0
213266572,1604,1,2718466,213265409,213266572,1163,210548106,1163,210546943,0,0
213271289,324,8,1999327,156962721,213271289,56308568,211271962,56308568,154963394,0,0
213271874,1613,1,2718473,213271289,213271874,585,210553401,585,210552816,0,0
213277554,1002,1,2683376,211077544,213277554,2200010,210594178,2200010,208394168,0,0
213282051,1601,1,2718462,213250934,213282051,31117,210563589,31117,210532472,0,0
213287043,1602,1,2718464,213255515,213287043,31528,210568579,31528,210537051,0,0
213287329,1603,1,2718465,213264088,213287329,23241,210568864,23241,210545623,0,0
213289755,1611,1,2718472,213271289,213289755,18466,210571283,18466,210552817,0,0
213289908,1610,1,2718471,213271289,213289908,18619,210571437,18619,210552818,0,0
213294371,1620,1,2718479,213289908,213294371,4463,210575892,4463,210571429,0,0
213294465,1617,1,2718476,213287043,213294465,7422,210575989,7422,210568567,0,0
213295040,1612,1,2718473,213271289,213295040,23751,210576567,23751,210552816,0,0
213296550,1614,1,2718475,213271874,213296550,24676,210578075,24676,210553399,0,0
213299367,1618,1,2718478,213287329,213299367,12038,210580889,12038,210568851,0,0
213299437,1609,1,2718469,213271289,213299437,28148,210580968,28148,210552820,0,0
213306686,1623,1,2718483,213295040,213306686,11646,210588203,11646,210576557,0,0
213307432,1615,1,2718476,213277554,213307432,29878,210588956,29878,210559078,0,0
213321760,1627,1,2718486,213306686,213321760,15074,210603274,15074,210588200,0,0
213329641,1621,1,2718479,213294371,213329641,35270,210611162,35270,210575892,0,0
213334975,1624,1,2718483,213296550,213334975,38425,210616492,38425,210578067,0,0
213336297,1631,1,2718491,213334975,213336297,1322,210617806,1322,210616484,0,0
213342392,1628,1,2718487,213307432,213342392,34960,210623905,34960,210588945,0,0
213342930,1629,1,2718489,213321760,213342930,21170,210624441,21170,210603271,0,0
213343168,1633,1,2718496,213342392,213343168,776,210624672,776,210623896,0,0
213343681,1634,1,2718496,213342930,213343681,751,210625185,751,210624434,0,0
213344307,1635,1,2718497,213343168,213344307,1139,210625810,1139,210624671,0,0
213345730,1637,1,2718514,213344307,213345730,1423,210627216,1423,210625793,0,0
213348672,1636,1,2718507,213343681,213348672,4991,210630165,4991,210625174,0,0
213365269,1639,1,2718534,213348672,213365269,16597,210646735,16597,210630138,0,0
213386261,1606,1,2718468,213271289,213386261,114972,210667793,114972,210552821,0,0
213396445,1608,1,2718469,213271289,213396445,125156,210677976,125156,210552820,0,0
213399263,1626,1,2718485,213299437,213399263,99826,210680778,99826,210580952,0,0
213399515,1642,1,2718545,213396445,213399515,3070,210680970,3070,210677900,0,0
213400872,1605,1,2718466,213266572,213400872,134300,210682406,134300,210548106,0,0
213403805,1643,1,2718545,213399263,213403805,4542,210685260,4542,210680718,0,0
213415099,1619,1,2718479,213289755,213415099,125344,210696620,125344,210571276,0,0
213422826,1595,1,2718458,213243591,213422826,179235,210704368,179235,210525133,0,0
213423926,1648,1,2718571,213422826,213423926,1100,210705355,1100,210704255,0,0
213424089,1607,1,2718469,213271289,213424089,152800,210705620,152800,210552820,0,0
213424533,1649,1,2718574,213423926,213424533,607,210705959,607,210705352,0,0
213436416,1630,1,2718489,213329641,213436416,106775,210717927,106775,210611152,0,0
213438901,1646,1,2718566,213403805,213438901,35096,210720335,35096,210685239,0,0
213442361,1638,1,2718514,213345730,213442361,96631,210723847,96631,210627216,0,0
213442885,1654,1,2718582,213442361,213442885,524,210724303,524,210723779,0,0
213445179,1625,1,2718485,213299367,213445179,145812,210726694,145812,210580882,0,0
213446095,1644,1,2718562,213399515,213446095,46580,210727533,46580,210680953,0,0
213456863,1655,1,2718597,213442885,213456863,13978,210738266,13978,210724288,0,0
213462321,1622,1,2718481,213294465,213462321,167856,210743840,167856,210575984,0,0
213462711,1598,1,2718461,213244543,213462711,218168,210744250,218168,210526082,0,0
213463302,1650,1,2718578,213424089,213463302,39213,210744724,39213,210705511,0,0
213463557,1659,1,2718611,213462321,213463557,1236,210744946,1236,210743710,0,0
213466869,1660,1,2718624,213462711,213466869,4158,210748245,4158,210744087,0,0
213467401,1658,1,2718597,213456863,213467401,10538,210748804,10538,210738266,0,0
213469102,1661,1,2718624,213463302,213469102,5800,210750478,5800,210744678,0,0
213472509,1665,1,2718633,213469102,213472509,3407,210753876,3407,210750469,0,0
213473545,1666,1,2718633,213472509,213473545,1036,210754912,1036,210753876,0,0
213474324,1667,1,2718633,213473545,213474324,779,210755691,779,210754912,0,0
213480844,1668,1,2718643,213474324,213480844,6520,210762201,6520,210755681,0,0
213485302,1663,1,2718625,213466869,213485302,18433,210766677,18433,210748244,0,0
213485704,1669,1,2718643,213480844,213485704,4860,210767061,4860,210762201,0,0
213489094,1662,1,2718624,213463557,213489094,25537,210770470,25537,210744933,0,0
213489337,1640,1,2718542,213365269,213489337,124068,210770795,124068,210646727,0,0
213506561,1652,1,2718582,213436416,213506561,70145,210787979,70145,210717834,0,0
213512852,1673,1,2718664,213489337,213512852,23515,210794188,23515,210770673,0,0
213527868,1674,1,2718664,213506561,213527868,21307,210809204,21307,210787897,0,0
213528717,1676,1,2718677,213527868,213528717,849,210810040,849,210809191,0,0
213531443,1647,1,2718571,213415099,213531443,116344,210812872,116344,210696528,0,0
213532762,1675,1,2718671,213512852,213532762,19910,210814091,19910,210794181,0,0
213535533,1678,1,2718683,213531443,213535533,4090,210816850,4090,210812760,0,0
213539434,1657,1,2718597,213446095,213539434,93339,210820837,93339,210727498,0,0
213541165,1677,1,2718681,213528717,213541165,12448,210822484,12448,210810036,0,0
213542082,1682,1,2718690,213541165,213542082,917,210823392,917,210822475,0,0
213543479,1679,1,2718683,213532762,213543479,10717,210824796,10717,210814079,0,0
213567995,1680,1,2718683,213535533,213567995,32462,210849312,32462,210816850,0,0
213579297,1685,1,2718699,213567995,213579297,11302,210860598,11302,210849296,0,0
213580491,1686,1,2718699,213579297,213580491,1194,210861792,1194,210860598,0,0
213580602,1651,1,2718578,213424533,213580602,156069,210862024,156069,210705955,0,0
213581644,1687,1,2718699,213580491,213581644,1153,210862945,1153,210861792,0,0
213588112,1688,1,2718699,213580602,213588112,7510,210869413,7510,210861903,0,0
213588223,1684,1,2718691,213543479,213588223,44744,210869532,44744,210824788,0,0
213602309,1690,1,2718710,213588112,213602309,14197,210883599,14197,210869402,0,0
213607072,1691,1,2718710,213588223,213607072,18849,210888362,18849,210869513,0,0
213621262,1664,1,2718633,213467401,213621262,153861,210902629,153861,210748768,0,0
213651064,1641,1,2718545,213386261,213651064,264803,210932519,264803,210667716,0,0
213654336,1695,1,2718719,213651064,213654336,3272,210935617,3272,210932345,0,0
213654987,1696,1,2718719,213654336,213654987,651,210936268,651,210935617,0,0
213659739,1681,1,2718690,213539434,213659739,120305,210941049,120305,210820744,0,0
213663542,1672,1,2718663,213489094,213663542,174448,210944879,174448,210770431,0,0
213670726,1698,1,2718719,213659739,213670726,10987,210952007,10987,210941020,0,0
213671113,1616,1,2718476,213282051,213671113,389062,210952637,389062,210563575,0,0
213672247,1700,1,2718729,213670726,213672247,1521,210953518,1521,210951997,0,0
213673049,1699,1,2718729,213663542,213673049,9507,210954320,9507,210944813,0,0
213678063,1632,1,2718496,213336297,213678063,341766,210959567,341766,210617801,0,0
213678131,1645,1,2718563,213400872,213678131,277259,210959568,277259,210682309,0,0
213679599,1701,1,2718729,213671113,213679599,8486,210960870,8486,210952384,0,0
213680565,1706,1,2718735,213679599,213680565,966,210961830,966,210960864,0,0
213691716,1703,1,2718734,213673049,213691716,18667,210972982,18667,210954315,0,0
213692385,1708,1,2718742,213691716,213692385,669,210973643,669,210972974,0,0
213707876,1707,1,2718741,213680565,213707876,27311,210989135,27311,210961824,0,0
213708381,1710,1,2718745,213707876,213708381,505,210989636,505,210989131,0,0
213709578,1711,1,2718746,213708381,213709578,1197,210990832,1197,210989635,0,0
213710630,1656,1,2718597,213445179,213710630,265451,210992033,265451,210726582,0,0
213713574,1705,1,2718735,213678131,213713574,35443,210994839,35443,210959396,0,0
213714116,1689,1,2718710,213581644,213714116,132472,210995406,132472,210862934,0,0
213715189,1714,1,2718752,213713574,213715189,1615,210996437,1615,210994822,0,0
213715300,1653,1,2718582,213438901,213715300,276399,210996718,276399,210720319,0,0
213715384,1715,1,2718752,213714116,213715384,1268,210996632,1268,210995364,0,0
213717960,1709,1,2718745,213692385,213717960,25575,210999215,25575,210973640,0,0
213723106,1718,1,2718767,213715384,213723106,7722,211004339,7722,210996617,0,0
213723942,1716,1,2718766,213715189,213723942,8753,211005176,8753,210996423,0,0
213723982,1719,1,2718770,213717960,213723982,6022,211005212,6022,210999190,0,0
213724713,1721,1,2718772,213723942,213724713,771,211005941,771,211005170,0,0
213727177,1722,1,2718772,213723982,213727177,3195,211008405,3195,211005210,0,0
213735208,1670,1,2718647,213485302,213735208,249906,211016561,249906,210766655,0,0
213740352,1692,1,2718714,213602309,213740352,138043,211021638,138043,210883595,0,0
213744302,1720,1,2718772,213723106,213744302,21196,211025530,21196,211004334,0,0
213745259,1727,1,2718798,213744302,213745259,957,211026461,957,211025504,0,0
213745984,1728,1,2718805,213745259,213745984,725,211027179,725,211026454,0,0
213746306,1725,1,2718789,213735208,213746306,11098,211027517,11098,211016419,0,0
213747337,1726,1,2718794,213740352,213747337,6985,211028543,6985,211021558,0,0
213751120,1693,1,2718714,213607072,213751120,144048,211032406,144048,210888358,0,0
213756426,1731,1,2718811,213747337,213756426,9089,211037615,9089,211028526,0,0
213756464,1729,1,2718808,213745984,213756464,10480,211037656,10480,211027176,0,0
213757258,1732,1,2718813,213751120,213757258,6138,211038445,6138,211032307,0,0
213757336,1733,1,2718817,213756426,213757336,910,211038519,910,211037609,0,0
213764526,1697,1,2718719,213654987,213764526,109539,211045807,109539,210936268,0,0
213770025,1735,1,2718825,213757258,213770025,12767,211051200,12767,211038433,0,0
213782316,1671,1,2718663,213485704,213782316,296612,211063653,296612,210767041,0,0
213783501,1736,1,2718828,213757336,213783501,26165,211064673,26165,211038508,0,0
213783920,1740,1,2718836,213783501,213783920,419,211065084,419,211064665,0,0
213787446,1737,1,2718835,213764526,213787446,22920,211068611,22920,211045691,0,0
213792496,1741,1,2718842,213783920,213792496,8576,211073654,8576,211065078,0,0
213792520,1742,1,2718842,213787446,213792520,5074,211073678,5074,211068604,0,0
213794841,1744,1,2718853,213792520,213794841,2321,211075988,2321,211073667,0,0
213795720,1745,1,2718853,213794841,213795720,879,211076867,879,211075988,0,0
213796380,1743,1,2718850,213792496,213796380,3884,211077530,3884,211073646,0,0
213796504,1746,1,2718865,213795720,213796504,784,211077639,784,211076855,0,0
213797957,1734,1,2718817,213756464,213797957,41493,211079140,41493,211037647,0,0
213799847,1723,1,2718777,213724713,213799847,75134,211081070,75134,211005936,0,0
213808063,1739,1,2718836,213782316,213808063,25747,211089227,25747,211063480,0,0
213811162,1747,1,2718873,213796380,213811162,14782,211092289,14782,211077507,0,0
213816245,1749,1,2718880,213797957,213816245,18288,211097365,18288,211079077,0,0
213826920,1751,1,2718929,213808063,213826920,18857,211107991,18857,211089134,0,0
213828419,1694,1,2718714,213621262,213828419,207157,211109705,207157,210902548,0,0
213829258,1755,1,2718942,213828419,213829258,839,211110316,839,211109477,0,0
213833387,1756,1,2718997,213829258,213833387,4129,211114390,4129,211110261,0,0
213847345,1757,1,2719004,213833387,213847345,13958,211128341,13958,211114383,0,0
213848387,1758,1,2719004,213847345,213848387,1042,211129383,1042,211128341,0,0
213848530,1702,1,2718729,213672247,213848530,176283,211129801,176283,210953518,0,0
213854720,1748,1,2718873,213796504,213854720,58216,211135847,58216,211077631,0,0
213855523,1738,1,2718835,213770025,213855523,85498,211136688,85498,211051190,0,0
213855830,1760,1,2719004,213848530,213855830,7300,211136826,7300,211129526,0,0
213856293,1763,1,2719010,213855830,213856293,463,211137283,463,211136820,0,0
213856584,1762,1,2719007,213855523,213856584,1061,211137577,1061,211136516,0,0
213856733,1764,1,2719011,213856293,213856733,440,211137722,440,211137282,0,0
213856939,1761,1,2719007,213854720,213856939,2219,211137932,2219,211135713,0,0
213856945,1759,1,2719004,213848387,213856945,8558,211137941,8558,211129383,0,0
213857407,1765,1,2719014,213856584,213857407,823,211138393,823,211137570,0,0
213857749,1767,1,2719017,213856939,213857749,810,211138732,810,211137922,0,0
213864322,1766,1,2719015,213856733,213864322,7589,211145307,7589,211137718,0,0
213870971,1770,1,2719018,213857749,213870971,13222,211151953,13222,211138731,0,0
213877712,1713,1,2718751,213710630,213877712,167082,211158961,167082,210991879,0,0
213878176,1771,1,2719023,213864322,213878176,13854,211159153,13854,211145299,0,0
213896687,1717,1,2718767,213715300,213896687,181387,211177920,181387,210996533,0,0
213897558,1775,1,2719033,213896687,213897558,871,211178525,871,211177654,0,0
213901200,1683,1,2718690,213542082,213901200,359118,211182510,359118,210823392,0,0
213901351,1776,1,2719034,213897558,213901351,3793,211182317,3793,211178524,0,0
213906726,1752,1,2718929,213811162,213906726,95564,211187797,95564,211092233,0,0
213909920,1773,1,2719027,213877712,213909920,32208,211190893,32208,211158685,0,0
213921188,1779,1,2719074,213906726,213921188,14462,211202114,14462,211187652,0,0
213923368,1777,1,2719035,213901200,213923368,22168,211204333,22168,211182165,0,0
213924030,1754,1,2718938,213826920,213924030,97110,211205092,97110,211107982,0,0
213944109,1782,1,2719081,213923368,213944109,20741,211225028,20741,211204287,0,0
213951309,1768,1,2719017,213856945,213951309,94364,211232292,94364,211137928,0,0
213952440,1769,1,2719018,213857407,213952440,95033,211233422,95033,211138389,0,0
213965821,1774,1,2719027,213878176,213965821,87645,211246794,87645,211159149,0,0
213968084,1730,1,2718809,213746306,213968084,221778,211249275,221778,211027497,0,0
213975747,1786,1,2719104,213952440,213975747,23307,211256643,23307,211233336,0,0
213979838,1787,1,2719104,213965821,213979838,14017,211260734,14017,211246717,0,0
213994242,1790,1,2719111,213979838,213994242,14404,211275131,14404,211260727,0,0
213995619,1791,1,2719112,213994242,213995619,1377,211276507,1377,211275130,0,0
214000337,1704,1,2718735,213678063,214000337,322274,211281602,322274,210959328,0,0
214001120,1793,1,2719114,214000337,214001120,783,211282006,783,211281223,0,0
214001435,1772,1,2719025,213870971,214001435,130464,211282410,130464,211151946,0,0
214003547,1712,1,2718751,213709578,214003547,293969,211284796,293969,210990827,0,0
214017777,1784,1,2719101,213944109,214017777,73668,211298676,73668,211225008,0,0
214033096,1797,1,2719121,214017777,214033096,15319,211313975,15319,211298656,0,0
214046428,1783,1,2719101,213924030,214046428,122398,211327327,122398,211204929,0,0
214050287,1792,1,2719114,213995619,214050287,54668,211331173,54668,211276505,0,0
214058614,1800,1,2719130,214050287,214058614,8327,211339484,8327,211331157,0,0
214062418,1789,1,2719110,213975747,214062418,86671,211343308,86671,211256637,0,0
214063144,1799,1,2719130,214046428,214063144,16716,211344014,16716,211327298,0,0
214063145,1802,1,2719131,214062418,214063145,727,211344014,727,211343287,0,0
214063634,1803,1,2719138,214063144,214063634,490,211344496,490,211344006,0,0
214065731,1805,1,2719138,214063634,214065731,2097,211346593,2097,211344496,0,0
214066315,1806,1,2719138,214065731,214066315,584,211347177,584,211346593,0,0
214066725,1804,1,2719138,214063145,214066725,3580,211347587,3580,211344007,0,0
214080035,1801,1,2719130,214058614,214080035,21421,211360905,21421,211339484,0,0
214086482,1753,1,2718932,213816245,214086482,270237,211367550,270237,211097313,0,0
214109762,1809,1,2719145,214080035,214109762,29727,211390617,29727,211360890,0,0
214110719,1807,1,2719141,214066315,214110719,44404,211391578,44404,211347174,0,0
214129993,1811,1,2719148,214109762,214129993,20231,211410845,20231,211390614,0,0
214131275,1796,1,2719118,214003547,214131275,127728,211412157,127728,211284429,0,0
214132228,1788,1,2719105,213968084,214132228,164144,211413123,164144,211248979,0,0
214150739,1794,1,2719115,214001120,214150739,149619,211431624,149619,211282005,0,0
214159917,1815,1,2719152,214132228,214159917,27689,211440765,27689,211413076,0,0
214164859,1814,1,2719152,214131275,214164859,33584,211445707,33584,211412123,0,0
214165450,1780,1,2719075,213909920,214165450,255530,211446375,255530,211190845,0,0
214165683,1818,1,2719155,214164859,214165683,824,211446528,824,211445704,0,0
214165851,1819,1,2719156,214165450,214165851,401,211446695,401,211446294,0,0
214166633,1820,1,2719158,214165683,214166633,950,211447475,950,211446525,0,0
214166653,1821,1,2719159,214165851,214166653,802,211447494,802,211446692,0,0
214167382,1822,1,2719160,214166633,214167382,749,211448222,749,211447473,0,0
214168669,1808,1,2719142,214066725,214168669,101944,211449527,101944,211347583,0,0
214168906,1824,1,2719163,214167382,214168906,1524,211449743,1524,211448219,0,0
214182318,1816,1,2719152,214150739,214182318,31579,211463166,31579,211431587,0,0
214185371,1810,1,2719146,214086482,214185371,98889,211466225,98889,211367336,0,0
214186366,1828,1,2719172,214185371,214186366,995,211467194,995,211466199,0,0
214187498,1829,1,2719172,214186366,214187498,1132,211468326,1132,211467194,0,0
214188797,1830,1,2719176,214187498,214188797,1299,211469621,1299,211468322,0,0
214188999,1785,1,2719104,213951309,214188999,237690,211469895,237690,211232205,0,0
214189573,1831,1,2719177,214188797,214189573,776,211470396,776,211469620,0,0
214196905,1832,1,2719179,214188999,214196905,7906,211477726,7906,211469820,0,0
214214557,1833,1,2719179,214189573,214214557,24984,211495378,24984,211470394,0,0
214215581,1834,1,2719186,214196905,214215581,18676,211496395,18676,211477719,0,0
214223405,1835,1,2719186,214214557,214223405,8848,211504219,8848,211495371,0,0
214224533,1798,1,2719122,214033096,214224533,191437,211505411,191437,211313974,0,0
214257801,1795,1,2719118,214001435,214257801,256366,211538683,256366,211282317,0,0
214265032,1823,1,2719162,214166653,214265032,98379,211545870,98379,211447491,0,0
214267592,1813,1,2719149,214129993,214267592,137599,211548443,137599,211410844,0,0
214273673,1841,1,2722087,214267592,214273673,6081,211551586,6081,211545505,0,0
214292651,1842,1,2722088,214273673,214292651,18978,211570563,18978,211551585,0,0
214295449,1826,1,2719169,214168906,214295449,126543,211576280,126543,211449737,0,0
214300910,1844,1,2722089,214295449,214300910,5461,211578821,5461,211573360,0,0
214301236,1781,1,2719077,213921188,214301236,380048,211582159,380048,211202111,0,0
214302163,1843,1,2722089,214292651,214302163,9512,211580074,9512,211570562,0,0
214302209,1846,1,2722092,214301236,214302209,973,211580117,973,211579144,0,0
214302996,1847,1,2722093,214302163,214302996,833,211580903,833,211580070,0,0
214303359,1840,1,2722086,214265032,214303359,38327,211581273,38327,211542946,0,0
214307963,1848,1,2722093,214302209,214307963,5754,211585870,5754,211580116,0,0
214308032,1850,1,2722096,214303359,214308032,4673,211585936,4673,211581263,0,0
214310821,1849,1,2722095,214302996,214310821,7825,211588726,7825,211580901,0,0
214325429,1838,1,2722084,214224533,214325429,100896,211603345,100896,211502449,0,0
214326401,1854,1,2722100,214325429,214326401,972,211604301,972,211603329,0,0
214326885,1852,1,2722096,214308032,214326885,18853,211604789,18853,211585936,0,0
214336166,1853,1,2722099,214310821,214336166,25345,211614067,25345,211588722,0,0
214341304,1845,1,2722091,214300910,214341304,40394,211619213,40394,211578819,0,0
214342532,1812,1,2719149,214110719,214342532,231813,211623383,231813,211391570,0,0
214342953,1859,1,2722103,214342532,214342953,421,211620850,421,211620429,0,0
214343171,1855,1,2722100,214326401,214343171,16770,211621071,16770,211604301,0,0
214347913,1837,1,2722083,214223405,214347913,124508,211625830,124508,211501322,0,0
214348674,1862,1,2722114,214347913,214348674,761,211626560,761,211625799,0,0
214363760,1836,1,2722080,214215581,214363760,148179,211641680,148179,211493501,0,0
214368319,1817,1,2719153,214159917,214368319,208402,211649166,208402,211440764,0,0
214369488,1865,1,2722114,214368319,214369488,1169,211647374,1169,211646205,0,0
214371516,1857,1,2722102,214336166,214371516,35350,211649414,35350,211614064,0,0
214380265,1861,1,2722106,214343171,214380265,37094,211658159,37094,211621065,0,0
214382674,1827,1,2719170,214182318,214382674,200356,211663504,200356,211463148,0,0
214383280,1869,1,2722118,214382674,214383280,606,211661162,606,211660556,0,0
214391257,1866,1,2722117,214369488,214391257,21769,211669140,21769,211647371,0,0
214391375,1870,1,2722121,214383280,214391375,8095,211669254,8095,211661159,0,0
214401941,1868,1,2722118,214380265,214401941,21676,211679823,21676,211658147,0,0
214406545,1871,1,2722121,214391257,214406545,15288,211684424,15288,211669136,0,0
214411961,1873,1,2722122,214401941,214411961,10020,211689839,10020,211679819,0,0
214413386,1874,1,2722124,214406545,214413386,6841,211691262,6841,211684421,0,0
214428501,1875,1,2722125,214411961,214428501,16540,211706376,16540,211689836,0,0
214444556,1839,1,2722085,214257801,214444556,186755,211722471,186755,211535716,0,0
214445353,1878,1,2722128,214444556,214445353,797,211723225,797,211722428,0,0
214456334,1877,1,2722126,214428501,214456334,27833,211734208,27833,211706375,0,0
214456891,1880,1,2722129,214456334,214456891,557,211734762,557,211734205,0,0
214461445,1872,1,2722121,214391375,214461445,70070,211739324,70070,211669254,0,0
214475642,1879,1,2722129,214445353,214475642,30289,211753513,30289,211723224,0,0
214476826,1883,1,2722132,214475642,214476826,1184,211754694,1184,211753510,0,0
214488249,1881,1,2722130,214456891,214488249,31358,211766119,31358,211734761,0,0
214506426,1825,1,2719163,214168669,214506426,337757,211787263,337757,211449506,0,0
214507594,1858,1,2722103,214341304,214507594,166290,211785491,166290,211619201,0,0
214519965,1860,1,2722103,214342953,214519965,177012,211797862,177012,211620850,0,0
214546764,1864,1,2722114,214363760,214546764,183004,211824650,183004,211641646,0,0
214569755,1889,1,2722137,214546764,214569755,22991,211847618,22991,211824627,0,0
214576225,1750,1,2718920,213799847,214576225,776378,211857305,776378,211080927,0,0
214580639,1885,1,2722133,214488249,214580639,92390,211858506,92390,211766116,0,0
214586132,1891,1,2722140,214576225,214586132,9907,211863992,9907,211854085,0,0
214610023,1851,1,2722096,214307963,214610023,302060,211887927,302060,211585867,0,0
214613075,1894,1,2722155,214610023,214613075,3052,211890920,3052,211887868,0,0
214626880,1856,1,2722100,214326885,214626880,299995,211904780,299995,211604785,0,0
214631319,1887,1,2722136,214507594,214631319,123725,211909183,123725,211785458,0,0
214646577,1863,1,2722114,214348674,214646577,297903,211924463,297903,211626560,0,0
214647881,1896,1,2722155,214626880,214647881,21001,211925726,21001,211904725,0,0
214651159,1893,1,2722143,214586132,214651159,65027,211929016,65027,211863989,0,0
214661962,1900,1,2722159,214651159,214661962,10803,211939803,10803,211929000,0,0
214674840,1899,1,2722159,214647881,214674840,26959,211952681,26959,211925722,0,0
214690921,1892,1,2722140,214580639,214690921,110282,211968781,110282,211858499,0,0
214691507,1903,1,2722162,214690921,214691507,586,211969345,586,211968759,0,0
214702969,1902,1,2722162,214674840,214702969,28129,211980807,28129,211952678,0,0
214714102,1884,1,2722133,214476826,214714102,237276,211991969,237276,211754693,0,0
214720910,1890,1,2722139,214569755,214720910,151155,211998771,151155,211847616,0,0
214721140,1886,1,2722135,214506426,214721140,214714,211999005,214714,211784291,0,0
214727575,1895,1,2722155,214613075,214727575,114500,212005420,114500,211890920,0,0
214728349,1876,1,2722125,214413386,214728349,314963,212006224,314963,211691261,0,0
214728856,1909,1,2722167,214727575,214728856,1281,212006689,1281,212005408,0,0
214735346,1905,1,2722163,214702969,214735346,32377,212013183,32377,211980806,0,0
214737455,1906,1,2722166,214714102,214737455,23353,212015289,23353,211991936,0,0
214754047,1908,1,2722166,214721140,214754047,32907,212031881,32907,211998974,0,0
214756261,1904,1,2722163,214691507,214756261,64754,212034098,64754,211969344,0,0
214757991,1910,1,2722170,214728349,214757991,29642,212035821,29642,212006179,0,0
214759498,1912,1,2722170,214735346,214759498,24152,212037328,24152,212013176,0,0
214759986,1917,1,2722175,214759498,214759986,488,212037811,488,212037323,0,0
214763448,1916,1,2722174,214757991,214763448,5457,212041274,5457,212035817,0,0
214764345,1919,1,2722181,214763448,214764345,897,212042164,897,212041267,0,0
214770009,1914,1,2722173,214754047,214770009,15962,212047836,15962,212031874,0,0
214780214,1921,1,2722181,214770009,214780214,10205,212058033,10205,212047828,0,0
214785900,1920,1,2722181,214764345,214785900,21555,212063719,21555,212042164,0,0
214786025,1897,1,2722155,214631319,214786025,154706,212063870,154706,211909164,0,0
214790029,1898,1,2722159,214646577,214790029,143452,212067870,143452,211924418,0,0
214791181,1925,1,2722185,214790029,214791181,1152,212068996,1152,212067844,0,0
214794128,1922,1,2722185,214780214,214794128,13914,212071943,13914,212058029,0,0
214794999,1927,1,2722189,214794128,214794999,871,212072810,871,212071939,0,0
214803846,1926,1,2722189,214791181,214803846,12665,212081657,12665,212068992,0,0
214820475,1929,1,2722190,214803846,214820475,16629,212098285,16629,212081656,0,0
214834126,1928,1,2722189,214794999,214834126,39127,212111937,39127,212072810,0,0
214838448,1931,1,2722193,214834126,214838448,4322,212116255,4322,212111933,0,0
214855019,1882,1,2722132,214461445,214855019,393574,212132887,393574,211739313,0,0
214862168,1907,1,2722166,214720910,214862168,141258,212140002,141258,211998744,0,0
214872440,1933,1,2722195,214855019,214872440,17421,212150245,17421,212132824,0,0
214873041,1924,1,2722185,214786025,214873041,87016,212150856,87016,212063840,0,0
214877068,1913,1,2722171,214737455,214877068,139613,212154897,139613,212015284,0,0
214878232,1937,1,2722199,214877068,214878232,1164,212156033,1164,212154869,0,0
214881495,1934,1,2722196,214862168,214881495,19327,212159299,19327,212139972,0,0
214882770,1939,1,2722200,214881495,214882770,1275,212160570,1275,212159295,0,0
214883690,1938,1,2722199,214878232,214883690,5458,212161491,5458,212156033,0,0
214885432,1724,1,2718782,213727177,214885432,1158255,212166650,1158255,211008395,0,0
214894360,1918,1,2722181,214759986,214894360,134374,212172179,134374,212037805,0,0
214897871,1911,1,2722170,214728856,214897871,169015,212175701,169015,212006686,0,0
214899095,1942,1,2722204,214885432,214899095,13663,212176891,13663,212163228,0,0
214901817,1944,1,2722208,214897871,214901817,3946,212179609,3946,212175663,0,0
214907240,1940,1,2722202,214882770,214907240,24470,212185038,24470,212160568,0,0
214918491,1943,1,2722208,214894360,214918491,24131,212196283,24131,212172152,0,0
214918864,1901,1,2722159,214661962,214918864,256902,212196705,256902,211939803,0,0
214919960,1947,1,2722212,214907240,214919960,12720,212197748,12720,212185028,0,0
214925841,1915,1,2722174,214756261,214925841,169580,212203667,169580,212034087,0,0
214926846,1930,1,2722192,214820475,214926846,106371,212204654,106371,212098283,0,0
214927680,1932,1,2722193,214838448,214927680,89232,212205487,89232,212116255,0,0
214928696,1948,1,2722213,214918491,214928696,10205,212206483,10205,212196278,0,0
214928829,1888,1,2722137,214519965,214928829,408864,212206692,408864,211797828,0,0
214932749,1945,1,2722208,214899095,214932749,33654,212210541,33654,212176887,0,0
214935804,1923,1,2722185,214785900,214935804,149904,212213619,149904,212063715,0,0
214936760,1951,1,2722215,214925841,214936760,10919,212214545,10919,212203626,0,0
214943461,1950,1,2722215,214919960,214943461,23501,212221246,23501,212197745,0,0
214945983,1953,1,2722218,214927680,214945983,18303,212223765,18303,212205462,0,0
214954394,1936,1,2722197,214873041,214954394,81353,212232197,81353,212150844,0,0
214954795,1960,1,2722233,214945983,214954795,8812,212232562,8812,212223750,0,0
214955520,1962,1,2722237,214954795,214955520,725,212233283,725,212232558,0,0
214955977,1963,1,2722240,214955520,214955977,457,212233737,457,212233280,0,0
214956499,1957,1,2722223,214935804,214956499,20695,212234276,20695,212213581,0,0
214957107,1592,4,2713430,213243591,214957107,1713516,212243677,1713516,210530161,0,0
214958224,1969,1,2722291,214957107,214958224,1117,212235933,1117,212234816,0,0
214959196,1970,1,2722295,214958224,214959196,972,212236901,972,212235929,0,0
214963496,1967,1,2722288,214957107,214963496,6389,212241208,6389,212234819,0,0
214967783,1949,1,2722215,214918864,214967783,48919,212245568,48919,212196649,0,0
214969539,1959,1,2722233,214943461,214969539,26078,212247306,26078,212221228,0,0
214971588,1966,1,2722284,214957107,214971588,14481,212249304,14481,212234823,0,0
214977270,1965,1,2722277,214956499,214977270,20771,212254993,20771,212234222,0,0
214981256,1955,1,2722219,214928829,214981256,52427,212259037,52427,212206610,0,0
214984645,1976,1,2722310,214977270,214984645,7375,212262335,7375,212254960,0,0
214984921,1935,1,2722196,214872440,214984921,112481,212262725,112481,212150244,0,0
214987874,1536,1,2692381,212748870,214987874,2239004,212295493,2239004,210056489,0,0
214988395,1979,1,2722325,214984921,214988395,3474,212266070,3474,212262596,0,0
214988589,1977,1,2722316,214981256,214988589,7333,212266273,7333,212258940,0,0
214988804,1981,1,2722325,214988395,214988804,409,212266479,409,212266070,0,0
214991270,1978,1,2722323,214984645,214991270,6625,212268947,6625,212262322,0,0
215005402,1952,1,2722216,214926846,215005402,78556,212283186,78556,212204630,0,0
215016075,1954,1,2722219,214928696,215016075,87379,212293856,87379,212206477,0,0
215021345,1985,1,2722333,215005402,215021345,15943,212299012,15943,212283069,0,0
215024338,1941,1,2722202,214883690,215024338,140648,212302136,140648,212161488,0,0
215028561,1986,1,2722341,215016075,215028561,12486,212306220,12486,212293734,0,0
215029268,1983,1,2722333,214988804,215029268,40464,212306935,40464,212266471,0,0
215034558,1973,1,2722303,214967783,215034558,66775,212312255,66775,212245480,0,0
215049179,1958,1,2722227,214936760,215049179,112419,212326952,112419,212214533,0,0
215049613,1992,1,2722388,215049179,215049613,434,212327225,434,212326791,0,0
215053407,1990,1,2722367,215029268,215053407,24139,212331040,24139,212306901,0,0
215055943,1961,1,2722236,214954394,215055943,101549,212333707,101549,212232158,0,0
215058871,1987,1,2722349,215021345,215058871,37526,212336522,37526,212298996,0,0
215059012,1993,1,2722388,215049613,215059012,9399,212336624,9399,212327225,0,0
215060853,639,4,2668201,210212999,215060853,4847854,212392652,4847854,207544798,0,0
215064791,1984,1,2722333,214991270,215064791,73521,212342458,73521,212268937,0,0
215066520,1997,1,2722419,215059012,215066520,7508,212344101,7508,212336593,0,0
215068510,1974,1,2722306,214969539,215068510,98971,212346204,98971,212247233,0,0
215071827,1994,1,2722391,215053407,215071827,18420,212349436,18420,212331016,0,0
215073637,1778,1,2719070,213901351,215073637,1172286,212354567,1172286,211182281,0,0
215078293,1964,1,2722273,214955977,215078293,122316,212356020,122316,212233704,0,0
215084768,1998,1,2722420,215060853,215084768,23915,212362348,23915,212338433,0,0
215091675,1999,1,2722420,215060853,215091675,30822,212369255,30822,212338433,0,0
215098904,1956,1,2722220,214932749,215098904,166155,212376684,166155,212210529,0,0
215106295,1968,1,2722288,214957107,215106295,149188,212384007,149188,212234819,0,0
215115370,1980,1,2722325,214987874,215115370,127496,212393045,127496,212265549,0,0
215125957,1975,1,2722309,214971588,215125957,154369,212403648,154369,212249279,0,0
215135547,1946,1,2722211,214901817,215135547,233730,212413336,233730,212179606,0,0
215163666,1995,1,2722415,215055943,215163666,107723,212441251,107723,212333528,0,0
215166212,1982,1,2722330,214988589,215166212,177623,212443882,177623,212266259,0,0
215169821,1996,1,2722416,215058871,215169821,110950,212447405,110950,212336455,0,0
215218737,1971,1,2722298,214959196,215218737,259541,212496439,259541,212236898,0,0
215220389,1867,1,2722118,214371516,215220389,848873,212498271,848873,211649398,0,0
215233112,1991,1,2722383,215034558,215233112,198554,212510729,198554,212312175,0,0
215233399,1972,1,2722303,214963496,215233399,269903,212511096,269903,212241193,0,0
215240929,1988,1,2722362,215024338,215240929,216591,212518567,216591,212301976,0,0
215448372,420,8,2602087,205737117,215448372,9711255,212846285,9711255,203135030,0,0
216115797,1989,1,2722367,215028561,216115797,1087236,213393430,1087236,212306194,0,0
219034099,357,8,2320868,170072900,219034099,48961199,216713231,48961199,167752032,0,0
226969574,1288,8,2686540,211929383,226969574,15040191,224283034,15040191,209242843,0,0
228143003,329,4,2037560,158008182,228143003,70134821,226105443,70134821,155970622,0,0
229532538,1591,4,2712817,213243591,229532538,16288947,226819721,16288947,210530774,0,0
232655803,127,8,857759,34388644,232655803,198267159,231798044,198267159,33530885,0,0
235637807,427,8,2614804,208566384,235637807,27071423,233023003,27071423,205951580,0,0
236511517,370,8,2334145,181954428,236511517,54557089,234177372,54557089,179620283,0,0
238677442,325,8,1999460,156962721,238677442,81714721,236677982,81714721,154963261,0,0
250424674,418,8,2597518,202224328,250424674,48200346,247827156,48200346,199626810,0,0
257120609,412,16,2594117,195251374,257120609,61869235,254526492,61869235,192657257,0,0
261625969,179,8,1096070,64270899,261625969,197355070,260529899,197355070,63174829,0,0
726232506,250,8,1687855,122397901,726232506,603834605,724544651,603834605,120710046,0,0
