time,job_id,num_gpu,submit_time,start_time,end_time,executed_time,JCT,duration,pending_time,preempt,promote
2621825,41,1,1945408,1945408,2621825,676417,676417,676417,0,0,0
2875091,58,1,2326954,2326954,2875091,548137,548137,548137,0,0,0
2895433,1,8,201694,201694,2895433,2693739,2693739,2693739,0,0,0
2932576,32,1,1943942,1943942,2932576,988634,988634,988634,0,0,0
3105119,55,8,2094682,2094682,3105119,1010437,1010437,1010437,0,0,0
3112940,24,1,1943873,1943873,3112940,1169067,1169067,1169067,0,0,0
3120200,57,1,2324998,2324998,3120200,795202,795202,795202,0,0,0
3141941,30,1,1943932,1943932,3141941,1198009,1198009,1198009,0,0,0
3184635,18,1,1943813,1943813,3184635,1240822,1240822,1240822,0,0,0
3219858,53,1,1945550,1945550,3219858,1274308,1274308,1274308,0,0,0
3278061,66,1,2348780,2348780,3278061,929281,929281,929281,0,0,0
3288611,86,1,2372731,2372731,3288611,915880,915880,915880,0,0,0
3368457,64,1,2341345,2341345,3368457,1027112,1027112,1027112,0,0,0
5429226,38,1,1945158,1945158,5429226,3484068,3484068,3484068,0,0,0
7753173,47,1,1945499,1945499,7753173,5807674,5807674,5807674,0,0,0
7798666,22,1,1943851,1943851,7798666,5854815,5854815,5854815,0,0,0
8360100,2,8,724670,724670,8360100,7635430,7635430,7635430,0,0,0
8801693,4,1,966542,966542,8801693,7835151,7835151,7835151,0,0,0
10310463,92,1,2372766,2372766,10310463,7937697,7937697,7937697,0,0,0
10468480,74,1,2353471,2353471,10468480,8115009,8115009,8115009,0,0,0
10469084,72,1,2353435,2353435,10469084,8115649,8115649,8115649,0,0,0
10587285,56,1,2323019,2323019,10587285,8264266,8264266,8264266,0,0,0
11264494,70,1,2353402,2353402,11264494,8911092,8911092,8911092,0,0,0
11318478,63,1,2341283,2341283,11318478,8977195,8977195,8977195,0,0,0
11360173,71,1,2353425,2353425,11360173,9006748,9006748,9006748,0,0,0
11967296,49,1,1945509,1945509,11967296,10021787,10021787,10021787,0,0,0
12036611,21,1,1943846,1943846,12036611,10092765,10092765,10092765,0,0,0
12063805,25,1,1943885,1943885,12063805,10119920,10119920,10119920,0,0,0
13722547,54,1,1945555,1945555,13722547,11776992,11776992,11776992,0,0,0
14726198,8,1,1245386,1245386,14726198,13480812,13480812,13480812,0,0,0
15089879,97,1,2530524,3105119,15089879,11984760,12559355,11984760,574595,0,0
15938764,76,1,2353494,2353494,15938764,13585270,13585270,13585270,0,0,0
16553419,0,1,0,0,16553419,16553419,16553419,16553419,0,0,0
17064854,7,1,1245348,1245348,17064854,15819506,15819506,15819506,0,0,0
18508378,65,1,2345983,2345983,18508378,16162395,16162395,16162395,0,0,0
18553173,68,1,2353317,2353317,18553173,16199856,16199856,16199856,0,0,0
18746847,45,1,1945474,1945474,18746847,16801373,16801373,16801373,0,0,0
21627816,37,1,1943971,1943971,21627816,19683845,19683845,19683845,0,0,0
22102654,42,1,1945418,1945418,22102654,20157236,20157236,20157236,0,0,0
22362722,13,1,1943781,1943781,22362722,20418941,20418941,20418941,0,0,0
22506113,89,1,2372749,2372749,22506113,20133364,20133364,20133364,0,0,0
22939552,79,1,2353535,2353535,22939552,20586017,20586017,20586017,0,0,0
23082030,62,1,2341233,2341233,23082030,20740797,20740797,20740797,0,0,0
23276600,85,1,2357366,2357366,23276600,20919234,20919234,20919234,0,0,0
23451867,11,1,1714609,1714609,23451867,21737258,21737258,21737258,0,0,0
23549519,83,1,2353718,2353718,23549519,21195801,21195801,21195801,0,0,0
28399564,16,1,1943802,1943802,28399564,26455762,26455762,26455762,0,0,0
28404451,28,1,1943923,1943923,28404451,26460528,26460528,26460528,0,0,0
28433855,91,1,2372761,2372761,28433855,26061094,26061094,26061094,0,0,0
30206576,9,8,1429823,1429823,30206576,28776753,28776753,28776753,0,0,0
30384256,73,1,2353463,2353463,30384256,28030793,28030793,28030793,0,0,0
36929669,27,1,1943907,1943907,36929669,34985762,34985762,34985762,0,0,0
36933699,15,1,1943792,1943792,36933699,34989907,34989907,34989907,0,0,0
36936960,17,1,1943808,1943808,36936960,34993152,34993152,34993152,0,0,0
37258934,96,8,2471567,3105119,37258934,34153815,34787367,34153815,633552,0,0
39769277,39,1,1945383,1945383,39769277,37823894,37823894,37823894,0,0,0
39887928,33,1,1943947,1943947,39887928,37943981,37943981,37943981,0,0,0
40174353,101,8,3077111,37258934,40174353,2915419,37097242,2915419,34181823,0,0
41598555,102,8,3173969,40174353,41598555,1424202,38424586,1424202,37000384,0,0
42488150,100,8,2918990,36936960,42488150,5551190,39569160,5551190,34017970,0,0
43778361,103,8,3179744,41598555,43778361,2179806,40598617,2179806,38418811,0,0
44043484,104,8,3180113,42488150,44043484,1555334,40863371,1555334,39308037,0,0
44287254,105,8,3181760,43778361,44287254,508893,41105494,508893,40596601,0,0
44510559,106,8,3182305,44043484,44510559,467075,41328254,467075,40861179,0,0
49854576,107,8,3211674,44287254,49854576,5567322,46642902,5567322,41075580,0,0
51252620,87,1,2372737,2372737,51252620,48879883,48879883,48879883,0,0,0
51518710,108,8,3221514,44510559,51518710,7008151,48297196,7008151,41289045,0,0
51639181,110,8,3235945,51518710,51639181,120471,48403236,120471,48282765,0,0
51687122,111,8,3236670,51639181,51687122,47941,48450452,47941,48402511,0,0
51790107,82,1,2353661,2353661,51790107,49436446,49436446,49436446,0,0,0
51969468,112,8,3237153,51687122,51969468,282346,48732315,282346,48449969,0,0
55360424,60,1,2341107,2341107,55360424,53019317,53019317,53019317,0,0,0
55424434,19,1,1943819,1943819,55424434,53480615,53480615,53480615,0,0,0
59188480,109,8,3232960,49854576,59188480,9333904,55955520,9333904,46621616,0,0
60655005,114,8,3245414,59188480,60655005,1466525,57409591,1466525,55943066,0,0
64303597,29,1,1943927,1943927,64303597,62359670,62359670,62359670,0,0,0
64329470,36,1,1943965,1943965,64329470,62385505,62385505,62385505,0,0,0
67725679,99,8,2918986,30206576,67725679,37519103,64806693,37519103,27287590,0,0
67938467,116,8,3251613,67725679,67938467,212788,64686854,212788,64474066,0,0
68233808,117,8,3253439,67938467,68233808,295341,64980369,295341,64685028,0,0
69104020,118,8,3288962,68233808,69104020,870212,65815058,870212,64944846,0,0
72593650,119,8,3307318,69104020,72593650,3489630,69286332,3489630,65796702,0,0
73226307,93,1,2372773,2372773,73226307,70853534,70853534,70853534,0,0,0
73888343,115,8,3251335,60655005,73888343,13233338,70637008,13233338,57403670,0,0
82215238,67,1,2352468,2352468,82215238,79862770,79862770,79862770,0,0,0
82224420,122,8,3390490,82215238,82224420,9182,78833930,9182,78824748,0,0
83007240,78,1,2353524,2353524,83007240,80653716,80653716,80653716,0,0,0
83025710,77,1,2353516,2353516,83025710,80672194,80672194,80672194,0,0,0
84069192,123,8,3390490,82224420,84069192,1844772,80678702,1844772,78833930,0,0
84192856,124,8,3391008,84069192,84192856,123664,80801848,123664,80678184,0,0
84579446,125,8,3407881,84192856,84579446,386590,81171565,386590,80784975,0,0
84618199,126,8,3407887,84579446,84618199,38753,81210312,38753,81171559,0,0
91542925,40,1,1945403,1945403,91542925,89597522,89597522,89597522,0,0,0
92127690,20,1,1943835,1943835,92127690,90183855,90183855,90183855,0,0,0
92347538,26,1,1943901,1943901,92347538,90403637,90403637,90403637,0,0,0
92359826,128,8,3513854,91542925,92359826,816901,88845972,816901,88029071,0,0
96635266,129,8,3514079,92359826,96635266,4275440,93121187,4275440,88845747,0,0
96777253,130,8,3514096,96635266,96777253,141987,93263157,141987,93121170,0,0
97415019,113,8,3244307,51969468,97415019,45445551,94170712,45445551,48725161,0,0
97497251,121,8,3336253,73888343,97497251,23608908,94160998,23608908,70552090,0,0
97498563,133,8,3572938,97497251,97498563,1312,93925625,1312,93924313,0,0
100644615,132,8,3572883,97415019,100644615,3229596,97071732,3229596,93842136,0,0
100718655,131,8,3556332,96777253,100718655,3941402,97162323,3941402,93220921,0,0
101264422,135,8,3575927,100644615,101264422,619807,97688495,619807,97068688,0,0
101693959,52,1,1945545,1945545,101693959,99748414,99748414,99748414,0,0,0
102312132,137,8,3581378,101264422,102312132,1047710,98730754,1047710,97683044,0,0
102639287,31,1,1943937,1943937,102639287,100695350,100695350,100695350,0,0,0
104578631,120,8,3336208,72593650,104578631,31984981,101242423,31984981,69257442,0,0
105340686,138,8,3583341,102312132,105340686,3028554,101757345,3028554,98728791,0,0
105347642,140,8,3586358,105340686,105347642,6956,101761284,6956,101754328,0,0
105412151,141,8,3587038,105347642,105412151,64509,101825113,64509,101760604,0,0
105618226,142,8,3602731,105412151,105618226,206075,102015495,206075,101809420,0,0
106146039,143,8,3664267,105618226,106146039,527813,102481772,527813,101953959,0,0
106168935,144,8,3668447,106146039,106168935,22896,102500488,22896,102477592,0,0
107086643,139,8,3585839,104578631,107086643,2508012,103500804,2508012,100992792,0,0
112152628,146,8,3670480,107086643,112152628,5065985,108482148,5065985,103416163,0,0
112222742,147,8,3670526,112152628,112222742,70114,108552216,70114,108482102,0,0
112286285,148,8,3672188,112222742,112286285,63543,108614097,63543,108550554,0,0
114873554,136,8,3575962,100718655,114873554,14154899,111297592,14154899,97142693,0,0
119477827,69,1,2353391,2353391,119477827,117124436,117124436,117124436,0,0,0
119551507,151,8,3771896,119477827,119551507,73680,115779611,73680,115705931,0,0
122319159,152,8,3772318,119551507,122319159,2767652,118546841,2767652,115779189,0,0
122903243,153,8,3773359,122319159,122903243,584084,119129884,584084,118545800,0,0
124233741,145,8,3668737,106168935,124233741,18064806,120565004,18064806,102500198,0,0
124828267,134,8,3573973,97498563,124828267,27329704,121254294,27329704,93924590,0,0
124854509,156,8,3775871,124828267,124854509,26242,121078638,26242,121052396,0,0
127526069,155,8,3775315,124233741,127526069,3292328,123750754,3292328,120458426,0,0
127847530,157,8,3780272,124854509,127847530,2993021,124067258,2993021,121074237,0,0
128177960,159,8,3817978,127847530,128177960,330430,124359982,330430,124029552,0,0
130611105,59,1,2326970,2326970,130611105,128284135,128284135,128284135,0,0,0
131460613,160,8,3828965,128177960,131460613,3282653,127631648,3282653,124348995,0,0
134511421,154,8,3774084,122903243,134511421,11608178,130737337,11608178,119129159,0,0
134578425,162,8,3831486,134511421,134578425,67004,130746939,67004,130679935,0,0
136233149,48,1,1945503,1945503,136233149,134287646,134287646,134287646,0,0,0
140083257,163,8,3832267,134578425,140083257,5504832,136250990,5504832,130746158,0,0
140185441,164,8,3845388,140083257,140185441,102184,136340053,102184,136237869,0,0
140189008,165,8,3852752,140185441,140189008,3567,136336256,3567,136332689,0,0
141806307,166,8,3852784,140189008,141806307,1617299,137953523,1617299,136336224,0,0
142192787,161,8,3829332,131460613,142192787,10732174,138363455,10732174,127631281,0,0
145455423,158,8,3817947,127526069,145455423,17929354,141637476,17929354,123708122,0,0
145540345,170,4,3887819,145455423,145540345,84922,141652526,84922,141567604,0,0
149309829,168,8,3854783,142192787,149309829,7117042,145455046,7117042,138338004,0,0
149421469,171,8,3892069,149309829,149421469,111640,145529400,111640,145417760,0,0
149720460,12,1,1943248,1943248,149720460,147777212,147777212,147777212,0,0,0
152016623,173,8,3910611,149421469,152016623,2595154,148106012,2595154,145510858,0,0
152058409,174,8,3922206,152016623,152058409,41786,148136203,41786,148094417,0,0
156292341,176,4,3960108,152058409,156292341,4233932,152332233,4233932,148098301,0,0
156333424,177,4,3960923,156292341,156333424,41083,152372501,41083,152331418,0,0
159676878,172,4,3910570,149309829,159676878,10367049,155766308,10367049,145399259,0,0
159708837,51,1,1945520,1945520,159708837,157763317,157763317,157763317,0,0,0
160176649,178,4,3976270,156333424,160176649,3843225,156200379,3843225,152357154,0,0
160578667,169,8,3855623,145455423,160578667,15123244,156723044,15123244,141599800,0,0
160702233,181,8,3993309,160578667,160702233,123566,156708924,123566,156585358,0,0
161650094,179,4,3979177,159676878,161650094,1973216,157670917,1973216,155697701,0,0
162647741,175,4,3959858,152058409,162647741,10589332,158687883,10589332,148098551,0,0
164370765,182,8,3993416,160702233,164370765,3668532,160377349,3668532,156708817,0,0
166865183,185,4,3994609,164370765,166865183,2494418,162870574,2494418,160376156,0,0
167320098,186,4,3994633,166865183,167320098,454915,163325465,454915,162870550,0,0
169852269,184,4,3994590,164370765,169852269,5481504,165857679,5481504,160376175,0,0
176589917,90,1,2372756,2372756,176589917,174217161,174217161,174217161,0,0,0
176590877,88,1,2372744,2372744,176590877,174218133,174218133,174218133,0,0,0
176747576,149,8,3675831,112286285,176747576,64461291,173071745,64461291,108610454,0,0
176792660,188,8,3996027,176747576,176792660,45084,172796633,45084,172751549,0,0
176934284,189,8,3996109,176792660,176934284,141624,172938175,141624,172796551,0,0
177153231,191,8,4002150,176934284,177153231,218947,173151081,218947,172932134,0,0
177490875,192,8,4002172,177153231,177490875,337644,173488703,337644,173151059,0,0
177534059,193,8,4011623,177490875,177534059,43184,173522436,43184,173479252,0,0
177647513,194,8,4017576,177534059,177647513,113454,173629937,113454,173516483,0,0
177679098,195,4,4022105,177647513,177679098,31585,173656993,31585,173625408,0,0
178484454,84,1,2354619,2354619,178484454,176129835,176129835,176129835,0,0,0
179083141,198,4,4022238,178484454,179083141,598687,175060903,598687,174462216,0,0
179084858,199,4,4038772,179083141,179084858,1717,175046086,1717,175044369,0,0
179243174,183,8,3993843,162647741,179243174,16595433,175249331,16595433,158653898,0,0
179579038,196,4,4022127,177647513,179579038,1931525,175556911,1931525,173625386,0,0
179633974,202,4,4072703,179579038,179633974,54936,175561271,54936,175506335,0,0
179669298,200,4,4072661,179084858,179669298,584440,175596637,584440,175012197,0,0
180491744,75,1,2353483,2353483,180491744,178138261,178138261,178138261,0,0,0
181691411,190,4,3999219,176792660,181691411,4898751,177692192,4898751,172793441,0,0
183033961,167,8,3854780,141806307,183033961,41227654,179179181,41227654,137951527,0,0
183303779,205,8,4098808,183033961,183303779,269818,179204971,269818,178935153,0,0
186686660,187,8,3994883,169852269,186686660,16834391,182691777,16834391,165857386,0,0
186912803,197,4,4022175,177679098,186912803,9233705,182890628,9233705,173656923,0,0
188114729,201,8,4072683,179243174,188114729,8871555,184042046,8871555,175170491,0,0
188779180,208,8,4098825,186912803,188779180,1866377,184680355,1866377,182813978,0,0
189571730,203,4,4072721,179633974,189571730,9937756,185499009,9937756,175561253,0,0
189695134,3,1,945683,945683,189695134,188749451,188749451,188749451,0,0,0
192354180,210,8,4099456,188779180,192354180,3575000,188254724,3575000,184679724,0,0
192571203,212,1,4099912,192354180,192571203,217023,188471291,217023,188254268,0,0
193334009,95,8,2471552,2895433,193334009,190438576,190862457,190438576,423881,0,0
193580854,214,1,4100924,193334009,193580854,246845,189479930,246845,189233085,0,0
200331793,213,8,4100763,193334009,200331793,6997784,196231030,6997784,189233246,0,0
200710437,215,8,4117439,200331793,200710437,378644,196592998,378644,196214354,0,0
206544965,207,8,4098822,186686660,206544965,19858305,202446143,19858305,182587838,0,0
207636789,216,8,4117554,200710437,207636789,6926352,203519235,6926352,196592883,0,0
207644137,223,1,4225248,207636789,207644137,7348,203418889,7348,203411541,0,0
207673598,226,1,4225258,207636789,207673598,36809,203448340,36809,203411531,0,0
207711526,224,1,4225252,207636789,207711526,74737,203486274,74737,203411537,0,0
207726129,251,1,4238583,207636789,207726129,89340,203487546,89340,203398206,0,0
207765151,225,1,4225255,207636789,207765151,128362,203539896,128362,203411534,0,0
207884476,238,1,4238539,207636789,207884476,247687,203645937,247687,203398250,0,0
207884477,247,1,4238569,207636789,207884477,247688,203645908,247688,203398220,0,0
207884481,233,1,4238523,207636789,207884481,247692,203645958,247692,203398266,0,0
207929558,232,1,4238519,207636789,207929558,292769,203691039,292769,203398270,0,0
207947635,235,1,4238529,207636789,207947635,310846,203709106,310846,203398260,0,0
207959020,228,1,4238506,207636789,207959020,322231,203720514,322231,203398283,0,0
207962132,252,1,4238586,207644137,207962132,317995,203723546,317995,203405551,0,0
208023439,222,1,4225244,207636789,208023439,386650,203798195,386650,203411545,0,0
208205648,221,1,4225241,207636789,208205648,568859,203980407,568859,203411548,0,0
209105434,243,1,4238556,207636789,209105434,1468645,204866878,1468645,203398233,0,0
210174973,237,1,4238536,207636789,210174973,2538184,205936437,2538184,203398253,0,0
210329606,43,1,1945454,1945454,210329606,208384152,208384152,208384152,0,0,0
210716824,219,8,4207092,207636789,210716824,3080035,206509732,3080035,203429697,0,0
210718839,256,4,4245994,210716824,210718839,2015,206472845,2015,206470830,0,0
210735181,257,4,4246023,210718839,210735181,16342,206489158,16342,206472816,0,0
210841059,258,4,4251430,210735181,210841059,105878,206589629,105878,206483751,0,0
210849781,259,4,4251434,210841059,210849781,8722,206598347,8722,206589625,0,0
210866618,231,1,4238516,207636789,210866618,3229829,206628102,3229829,203398273,0,0
210956650,260,4,4253391,210849781,210956650,106869,206703259,106869,206596390,0,0
211849694,255,4,4243885,210716824,211849694,1132870,207605809,1132870,206472939,0,0
211885338,246,1,4238566,207636789,211885338,4248549,207646772,4248549,203398223,0,0
212052565,206,8,4098818,183303779,212052565,28748786,207953747,28748786,179204961,0,0
212054267,263,4,4302753,212052565,212054267,1702,207751514,1702,207749812,0,0
212078430,265,4,4304374,212054267,212078430,24163,207774056,24163,207749893,0,0
212090697,266,4,4305079,212078430,212090697,12267,207785618,12267,207773351,0,0
212157793,264,1,4302787,212052565,212157793,105228,207855006,105228,207749778,0,0
212356138,267,4,4308027,212090697,212356138,265441,208048111,265441,207782670,0,0
212430952,268,4,4322941,212356138,212430952,74814,208108011,74814,208033197,0,0
212431761,269,4,4363768,212430952,212431761,809,208067993,809,208067184,0,0
212574434,227,1,4238503,207636789,212574434,4937645,208335931,4937645,203398286,0,0
212756306,234,1,4238526,207636789,212756306,5119517,208517780,5119517,203398263,0,0
214074593,241,1,4238549,207636789,214074593,6437804,209836044,6437804,203398240,0,0
216599524,248,1,4238572,207636789,216599524,8962735,212360952,8962735,203398217,0,0
216602668,239,1,4238543,207636789,216602668,8965879,212364125,8965879,203398246,0,0
216602703,240,1,4238546,207636789,216602703,8965914,212364157,8965914,203398243,0,0
220135724,209,8,4099352,188114729,220135724,32020995,216036372,32020995,184015377,0,0
220268650,270,8,4388907,220135724,220268650,132926,215879743,132926,215746817,0,0
220276339,272,4,4394242,220268650,220276339,7689,215882097,7689,215874408,0,0
220294269,261,8,4257328,211849694,220294269,8444575,216036941,8444575,207592366,0,0
220440504,273,4,4414052,220276339,220440504,164165,216026452,164165,215862287,0,0
220809570,274,8,4431116,220294269,220809570,515301,216378454,515301,215863153,0,0
220863318,275,8,4436304,220809570,220863318,53748,216427014,53748,216373266,0,0
221596498,50,1,1945514,1945514,221596498,219650984,219650984,219650984,0,0,0
222571405,262,4,4265546,212052565,222571405,10518840,218305859,10518840,207787019,0,0
222677848,280,4,4507993,222571405,222677848,106443,218169855,106443,218063412,0,0
223266080,244,1,4238559,207636789,223266080,15629291,219027521,15629291,203398230,0,0
223572819,35,1,1943959,1943959,223572819,221628860,221628860,221628860,0,0,0
224247583,279,4,4505268,221596498,224247583,2651085,219742315,2651085,217091230,0,0
224313156,23,1,1943861,1943861,224313156,222369295,222369295,222369295,0,0,0
224374344,211,8,4099614,192354180,224374344,32020164,220274730,32020164,188254566,0,0
224408987,283,4,4521634,224374344,224408987,34643,219887353,34643,219852710,0,0
224549010,271,8,4389136,220268650,224549010,4280360,220159874,4280360,215879514,0,0
224549710,285,4,4522932,224408987,224549710,140723,220026778,140723,219886055,0,0
224553630,286,4,4522984,224549010,224553630,4620,220030646,4620,220026026,0,0
224642258,281,4,4508009,222677848,224642258,1964410,220134249,1964410,218169839,0,0
224654421,287,4,4523016,224549010,224654421,105411,220131405,105411,220025994,0,0
224842001,289,4,4523905,224553630,224842001,288371,220318096,288371,220029725,0,0
224988988,290,4,4524134,224642258,224988988,346730,220464854,346730,220118124,0,0
225133641,288,4,4523114,224549710,225133641,583931,220610527,583931,220026596,0,0
225508520,291,8,4525610,224842001,225508520,666519,220982910,666519,220316391,0,0
225620577,277,4,4488504,220863318,225620577,4757259,221132073,4757259,216374814,0,0
227233941,180,8,3991832,160176649,227233941,67057292,223242109,67057292,156184817,0,0
227283807,296,4,4531335,227233941,227283807,49866,222752472,49866,222702606,0,0
228185483,295,4,4531328,227233941,228185483,951542,223654155,951542,222702613,0,0
228885264,284,4,4522057,224374344,228885264,4510920,224363207,4510920,219852287,0,0
229363322,299,4,4570061,228885264,229363322,478058,224793261,478058,224315203,0,0
229639149,292,8,4525638,225133641,229639149,4505508,225113511,4505508,220608003,0,0
229682552,301,4,4570131,229639149,229682552,43403,225112421,43403,225069018,0,0
229843314,294,4,4531321,225620577,229843314,4222737,225311993,4222737,221089256,0,0
229880080,300,4,4570110,229363322,229880080,516758,225309970,516758,224793212,0,0
230108237,298,4,4570030,228185483,230108237,1922754,225538207,1922754,223615453,0,0
230109395,304,8,4688734,230108237,230109395,1158,225420661,1158,225419503,0,0
230230312,302,8,4620804,229682552,230230312,547760,225609508,547760,225061748,0,0
230241475,305,4,4710424,230109395,230241475,132080,225531051,132080,225398971,0,0
230292500,245,1,4238563,207636789,230292500,22655711,226053937,22655711,203398226,0,0
230349810,310,4,4710506,230292500,230349810,57310,225639304,57310,225581994,0,0
230423095,309,4,4710499,230241475,230423095,181620,225712596,181620,225530976,0,0
230686290,307,4,4710486,230230312,230686290,455978,225975804,455978,225519826,0,0
231036736,303,4,4680987,229843314,231036736,1193422,226355749,1193422,225162327,0,0
231300837,312,8,4721038,231036736,231300837,264101,226579799,264101,226315698,0,0
231389423,313,8,4721206,231300837,231389423,88586,226668217,88586,226579631,0,0
231510816,314,8,4721246,231389423,231510816,121393,226789570,121393,226668177,0,0
231512482,315,4,4748327,231510816,231512482,1666,226764155,1666,226762489,0,0
232910731,297,4,4534242,227283807,232910731,5626924,228376489,5626924,222749565,0,0
233789385,318,4,4748606,232910731,233789385,878654,229040779,878654,228162125,0,0
234607135,98,8,2746135,8360100,234607135,226247035,231861000,226247035,5613965,0,0
235265828,320,4,4753084,234607135,235265828,658693,230512744,658693,229854051,0,0
235278502,321,8,4856485,235265828,235278502,12674,230422017,12674,230409343,0,0
235623471,317,4,4748477,231512482,235623471,4110989,230874994,4110989,226764005,0,0
235935844,322,8,4857727,235278502,235935844,657342,231078117,657342,230420775,0,0
236002811,319,4,4751993,233789385,236002811,2213426,231250818,2213426,229037392,0,0
236391752,80,1,2353564,2353564,236391752,234038188,234038188,234038188,0,0,0
240797639,323,8,4951959,235935844,240797639,4861795,235845680,4861795,230983885,0,0
241595406,236,1,4238533,207636789,241595406,33958617,237356873,33958617,203398256,0,0
241919621,278,4,4494277,220863318,241919621,21056303,237425344,21056303,216369041,0,0
242028204,217,1,4126763,200710437,242028204,41317767,237901441,41317767,196583674,0,0
243370506,220,1,4211443,207636789,243370506,35733717,239159063,35733717,203425346,0,0
243483136,325,8,4952491,240797639,243483136,2685497,238530645,2685497,235845148,0,0
244649964,230,1,4238513,207636789,244649964,37013175,240411451,37013175,203398276,0,0
244684047,253,1,4238590,207673598,244684047,37010449,240445457,37010449,203435008,0,0
245725304,46,1,1945483,1945483,245725304,243779821,243779821,243779821,0,0,0
247115449,316,4,4748470,231510816,247115449,15604633,242366979,15604633,226762346,0,0
247535414,249,1,4238576,207636789,247535414,39898625,243296838,39898625,203398213,0,0
248223813,308,4,4710494,230230312,248223813,17993501,243513319,17993501,225519818,0,0
249827563,306,4,4710459,230109395,249827563,19718168,245117104,19718168,225398936,0,0
249860512,328,8,4974958,249827563,249860512,32949,244885554,32949,244852605,0,0
250009966,329,8,4974991,249860512,250009966,149454,245034975,149454,244885521,0,0
251267465,204,8,4098805,180491744,251267465,70775721,247168660,70775721,176392939,0,0
251313386,332,1,5060944,251267465,251313386,45921,246252442,45921,246206521,0,0
252955679,330,8,5030414,250009966,252955679,2945713,247925265,2945713,244979552,0,0
255202257,150,8,3698317,114873554,255202257,140328703,251503940,140328703,111175237,0,0
255501737,335,1,5066231,255202257,255501737,299480,250435506,299480,250136026,0,0
258712119,331,8,5030418,251267465,258712119,7444654,253681701,7444654,246237047,0,0
259393438,336,8,5077256,258712119,259393438,681319,254316182,681319,253634863,0,0
259459760,218,8,4207065,206544965,259459760,52914795,255252695,52914795,202337900,0,0
259461562,341,1,5078427,259459760,259461562,1802,254383135,1802,254381333,0,0
259462163,347,1,5078631,259459760,259462163,2403,254383532,2403,254381129,0,0
259463124,343,1,5078491,259459760,259463124,3364,254384633,3364,254381269,0,0
259489966,346,1,5078599,259459760,259489966,30206,254411367,30206,254381161,0,0
259509045,339,1,5078331,259459760,259509045,49285,254430714,49285,254381429,0,0
259541944,344,1,5078533,259459760,259541944,82184,254463411,82184,254381227,0,0
259645422,337,8,5078173,259393438,259645422,251984,254567249,251984,254315265,0,0
259692679,338,8,5078194,259459760,259692679,232919,254614485,232919,254381566,0,0
259705207,342,1,5078461,259459760,259705207,245447,254626746,245447,254381299,0,0
259870469,345,1,5078566,259459760,259870469,410709,254791903,410709,254381194,0,0
260050359,340,1,5078371,259459760,260050359,590599,254971988,590599,254381389,0,0
260058758,348,8,5078919,259645422,260058758,413336,254979839,413336,254566503,0,0
260060233,363,1,5176427,260058758,260060233,1475,254883806,1475,254882331,0,0
260062407,356,1,5147961,260058758,260062407,3649,254914446,3649,254910797,0,0
260062417,354,1,5147893,260058758,260062417,3659,254914524,3659,254910865,0,0
260062655,353,1,5147866,260058758,260062655,3897,254914789,3897,254910892,0,0
260103797,364,1,5176435,260058758,260103797,45039,254927362,45039,254882323,0,0
260192023,361,1,5176420,260058758,260192023,133265,255015603,133265,254882338,0,0
260239759,360,1,5172053,260058758,260239759,181001,255067706,181001,254886705,0,0
260254506,359,1,5148078,260058758,260254506,195748,255106428,195748,254910680,0,0
260259792,362,1,5176424,260058758,260259792,201034,255083368,201034,254882334,0,0
260342814,358,1,5148051,260058758,260342814,284056,255194763,284056,254910707,0,0
260560547,352,1,5137187,260058758,260560547,501789,255423360,501789,254921571,0,0
260596577,355,1,5147921,260058758,260596577,537819,255448656,537819,254910837,0,0
261039773,357,1,5148023,260058758,261039773,981015,255891750,981015,254910735,0,0
262085414,351,4,5088196,260058758,262085414,2026656,256997218,2026656,254970562,0,0
263224643,365,8,5214469,262085414,263224643,1139229,258010174,1139229,256870945,0,0
263469511,366,8,5214473,263224643,263469511,244868,258255038,244868,258010170,0,0
263520598,367,8,5214587,263469511,263520598,51087,258306011,51087,258254924,0,0
263693236,369,1,5219928,263520598,263693236,172638,258473308,172638,258300670,0,0
264977805,368,8,5214593,263520598,264977805,1457207,259763212,1457207,258306005,0,0
266313614,276,4,4483075,220809570,266313614,45504044,261830539,45504044,216326495,0,0
266900053,282,8,4513730,224247583,266900053,42652470,262386323,42652470,219733853,0,0
269933580,371,8,5281775,266900053,269933580,3033527,264651805,3033527,261618278,0,0
270102896,372,8,5281861,269933580,270102896,169316,264821035,169316,264651719,0,0
270193896,375,4,5284972,269933580,270193896,260316,264908924,260316,264648608,0,0
270492557,376,4,5284976,270102896,270492557,389661,265207581,389661,264817920,0,0
271180307,377,4,5284981,270102896,271180307,1077411,265895326,1077411,264817915,0,0
271453133,378,4,5284986,270193896,271453133,1259237,266168147,1259237,264908910,0,0
271785450,380,4,5284995,271180307,271785450,605143,266500455,605143,265895312,0,0
271790526,334,8,5061663,255202257,271790526,16588269,266728863,16588269,250140594,0,0
271817034,382,4,5303075,271785450,271817034,31584,266513959,31584,266482375,0,0
271821022,384,4,5303127,271790526,271821022,30496,266517895,30496,266487399,0,0
271822464,373,1,5284155,269933580,271822464,1888884,266538309,1888884,264649425,0,0
271831050,389,1,5305167,271817034,271831050,14016,266525883,14016,266511867,0,0
271866079,386,1,5304384,271817034,271866079,49045,266561695,49045,266512650,0,0
271892466,385,4,5304303,271817034,271892466,75432,266588163,75432,266512731,0,0
271970894,387,1,5304995,271817034,271970894,153860,266665899,153860,266512039,0,0
271975288,388,1,5305025,271817034,271975288,158254,266670263,158254,266512009,0,0
272116421,379,4,5284990,270492557,272116421,1623864,266831431,1623864,265207567,0,0
272822846,349,8,5079170,259692679,272822846,13130167,267743676,13130167,254613509,0,0
272928876,381,4,5288603,271453133,272928876,1475743,267640273,1475743,266164530,0,0
273022409,374,1,5284184,269933580,273022409,3088829,267738225,3088829,264649396,0,0
273087595,327,8,4968494,247115449,273087595,25972146,268119101,25972146,242146955,0,0
273089974,394,1,5306114,273087595,273089974,2379,267783860,2379,267781481,0,0
273101913,395,1,5306185,273087595,273101913,14318,267795728,14318,267781410,0,0
273145825,398,1,5309936,273087595,273145825,58230,267835889,58230,267777659,0,0
273160363,397,1,5309886,273087595,273160363,72768,267850477,72768,267777709,0,0
273571008,399,1,5309965,273087595,273571008,483413,268261043,483413,267777630,0,0
273631883,396,1,5306224,273087595,273631883,544288,268325659,544288,267781371,0,0
274422798,350,1,5088087,259692679,274422798,14730119,269334711,14730119,254604592,0,0
275190051,81,1,2353630,2353630,275190051,272836421,272836421,272836421,0,0,0
278156023,333,8,5061660,252955679,278156023,25200344,273094363,25200344,247894019,0,0
281616548,242,1,4238553,207636789,281616548,73979759,277377995,73979759,203398236,0,0
284408788,94,1,2372779,2372779,284408788,282036009,282036009,282036009,0,0,0
284554199,383,4,5303101,271790526,284554199,12763673,279251098,12763673,266487425,0,0
284872261,401,8,5321027,284554199,284872261,318062,279551234,318062,279233172,0,0
284874540,404,1,5331943,284872261,284874540,2279,279542597,2279,279540318,0,0
285226036,403,1,5330994,284872261,285226036,353775,279895042,353775,279541267,0,0
285326649,402,8,5321274,284872261,285326649,454388,280005375,454388,279550987,0,0
285337782,407,4,5365237,285326649,285337782,11133,279972545,11133,279961412,0,0
285382094,406,4,5363283,285326649,285382094,55445,280018811,55445,279963366,0,0
285414256,409,4,5367404,285382094,285414256,32162,280046852,32162,280014690,0,0
285576248,410,4,5367428,285414256,285576248,161992,280208820,161992,280046828,0,0
285614271,408,4,5365278,285337782,285614271,276489,280248993,276489,279972504,0,0
285698111,413,1,5379404,285576248,285698111,121863,280318707,121863,280196844,0,0
285760798,414,4,5381592,285614271,285760798,146527,280379206,146527,280232679,0,0
285843932,415,4,5381638,285760798,285843932,83134,280462294,83134,280379160,0,0
286394406,416,4,5390064,285843932,286394406,550474,281004342,550474,280453868,0,0
286520171,411,4,5367449,285576248,286520171,943923,281152722,943923,280208799,0,0
286527834,412,1,5379332,285576248,286527834,951586,281148502,951586,280196916,0,0
287640241,417,4,5399276,286394406,287640241,1245835,282240965,1245835,280995130,0,0
288223094,419,4,5399324,287640241,288223094,582853,282823770,582853,282240917,0,0
289601466,420,4,5399341,288223094,289601466,1378372,284202125,1378372,282823753,0,0
289869002,421,4,5427880,289601466,289869002,267536,284441122,267536,284173586,0,0
290004084,393,8,5305810,273087595,290004084,16916489,284698274,16916489,267781785,0,0
290439583,423,4,5427893,290004084,290439583,435499,285011690,435499,284576191,0,0
290460177,426,1,5448992,290439583,290460177,20594,285011185,20594,284990591,0,0
290495815,424,4,5428226,290004084,290495815,491731,285067589,491731,284575858,0,0
291025971,422,4,5427889,289869002,291025971,1156969,285598082,1156969,284441113,0,0
291043977,429,4,5539973,291025971,291043977,18006,285504004,18006,285485998,0,0
291269561,425,4,5428233,290439583,291269561,829978,285841328,829978,285011350,0,0
291440293,428,4,5475741,290495815,291440293,944478,285964552,944478,285020074,0,0
291687840,427,1,5449015,290439583,291687840,1248257,286238825,1248257,284990568,0,0
292490074,430,4,5547539,291043977,292490074,1446097,286942535,1446097,285496438,0,0
292779862,418,4,5399317,286520171,292779862,6259691,287380545,6259691,281120854,0,0
292865080,432,8,5562718,292779862,292865080,85218,287302362,85218,287217144,0,0
292953020,433,4,5565210,292865080,292953020,87940,287387810,87940,287299870,0,0
293008409,434,8,5569193,292953020,293008409,55389,287439216,55389,287383827,0,0
293085140,435,4,5569206,293008409,293085140,76731,287515934,76731,287439203,0,0
293594564,431,8,5549352,291440293,293594564,2154271,288045212,2154271,285890941,0,0
293877364,250,1,4238580,207636789,293877364,86240575,289638784,86240575,203398209,0,0
293881375,229,1,4238510,207636789,293881375,86244586,289642865,86244586,203398279,0,0
294379168,438,8,5577140,293877364,294379168,501804,288802028,501804,288300224,0,0
294730594,437,8,5576137,293594564,294730594,1136030,289154457,1136030,288018427,0,0
295510681,390,8,5305183,271892466,295510681,23618215,290205498,23618215,266587283,0,0
296822713,400,8,5321019,278156023,296822713,18666690,291501694,18666690,272835004,0,0
297201357,14,1,1943786,1943786,297201357,295257571,295257571,295257571,0,0,0
299640494,436,4,5574140,293008409,299640494,6632085,294066354,6632085,287434269,0,0
299682926,443,8,5628790,299640494,299682926,42432,294054136,42432,294011704,0,0
299901021,444,8,5628842,299682926,299901021,218095,294272179,218095,294054084,0,0
299931078,445,4,5652948,299901021,299931078,30057,294278130,30057,294248073,0,0
300455949,446,4,5652958,299901021,300455949,554928,294802991,554928,294248063,0,0
304222348,439,8,5609800,294379168,304222348,9843180,298612548,9843180,288769368,0,0
305496893,448,8,5654290,304222348,305496893,1274545,299842603,1274545,298568058,0,0
306571585,449,8,5655926,305496893,306571585,1074692,300915659,1074692,299840967,0,0
306750910,293,8,4527914,225508520,306750910,81242390,302222996,81242390,220980606,0,0
306771813,451,8,5655938,306750910,306771813,20903,301115875,20903,301094972,0,0
306823543,447,8,5654281,300455949,306823543,6367594,301169262,6367594,294801668,0,0
306842870,454,1,5661691,306823543,306842870,19327,301181179,19327,301161852,0,0
308107607,311,8,4720969,230423095,308107607,77684512,303386638,77684512,225702126,0,0
308155765,457,4,5690742,308107607,308155765,48158,302465023,48158,302416865,0,0
308219399,459,1,5699161,308155765,308219399,63634,302520238,63634,302456604,0,0
308309124,455,4,5690674,306823543,308309124,1485581,302618450,1485581,301132869,0,0
308473245,456,4,5690721,308107607,308473245,365638,302782524,365638,302416886,0,0
308561534,453,8,5659730,306823543,308561534,1737991,302901804,1737991,301163813,0,0
308673246,370,8,5232515,264977805,308673246,43695441,303440731,43695441,259745290,0,0
309114312,464,4,5702763,308673246,309114312,441066,303411549,441066,302970483,0,0
309168071,465,4,5703486,308673246,309168071,494825,303464585,494825,302969760,0,0
309217077,467,1,5704346,309114312,309217077,102765,303512731,102765,303409966,0,0
309462930,468,1,5704825,309114312,309462930,348618,303758105,348618,303409487,0,0
309659358,463,4,5702741,308561534,309659358,1097824,303956617,1097824,302858793,0,0
309691446,470,4,5709256,309659358,309691446,32088,303982190,32088,303950102,0,0
310125333,466,4,5703986,309114312,310125333,1011021,304421347,1011021,303410326,0,0
310282058,472,4,5709293,310125333,310282058,156725,304572765,156725,304416040,0,0
310283401,476,1,5729137,310282058,310283401,1343,304554264,1343,304552921,0,0
310283816,477,1,5729215,310282058,310283816,1758,304554601,1758,304552843,0,0
310306185,475,1,5726501,310282058,310306185,24127,304579684,24127,304555557,0,0
310309301,479,1,5729899,310282058,310309301,27243,304579402,27243,304552159,0,0
310340256,478,1,5729250,310282058,310340256,58198,304611006,58198,304552808,0,0
310351013,474,1,5718484,310282058,310351013,68955,304632529,68955,304563574,0,0
310816007,458,4,5691065,308155765,310816007,2660242,305124942,2660242,302464700,0,0
310879205,480,4,5735148,310816007,310879205,63198,305144057,63198,305080859,0,0
312012230,441,8,5611975,295510681,312012230,16501549,306400255,16501549,289898706,0,0
312012998,484,1,5735206,312012230,312012998,768,306277792,768,306277024,0,0
312153480,469,4,5709221,309168071,312153480,2985409,306444259,2985409,303458850,0,0
312429539,483,4,5735159,312012230,312429539,417309,306694380,417309,306277071,0,0
312866553,482,4,5735156,312012230,312866553,854323,307131397,854323,306277074,0,0
313496320,452,4,5659723,306771813,313496320,6724507,307836597,6724507,301112090,0,0
313594332,486,8,5758806,313496320,313594332,98012,307835526,98012,307737514,0,0
313799143,487,4,5778243,313594332,313799143,204811,308020900,204811,307816089,0,0
313884354,460,4,5699331,308309124,313884354,5575230,308185023,5575230,302609793,0,0
313936457,490,4,5789711,313884354,313936457,52103,308146746,52103,308094643,0,0
314235698,254,1,4242644,207711526,314235698,106524172,309993054,106524172,203468882,0,0
314566155,442,8,5611979,296822713,314566155,17743442,308954176,17743442,291210734,0,0
314654229,493,4,5799377,314566155,314654229,88074,308854852,88074,308766778,0,0
314684257,489,4,5784307,313799143,314684257,885114,308899950,885114,308014836,0,0
314844192,495,4,5799426,314654229,314844192,189963,309044766,189963,308854803,0,0
314861300,496,4,5799681,314684257,314861300,177043,309061619,177043,308884576,0,0
315348214,497,4,5800140,314844192,315348214,504022,309548074,504022,309044052,0,0
315379081,450,8,5655933,306571585,315379081,8807496,309723148,8807496,300915652,0,0
315472122,500,4,5809095,315379081,315472122,93041,309663027,93041,309569986,0,0
316037968,494,4,5799387,314566155,316037968,1471813,310238581,1471813,308766768,0,0
316309812,499,8,5808930,315379081,316309812,930731,310500882,930731,309570151,0,0
316819728,491,4,5790362,313936457,316819728,2883271,311029366,2883271,308146095,0,0
316851923,492,4,5799365,314235698,316851923,2616225,311052558,2616225,308436333,0,0
316867935,481,4,5735152,310879205,316867935,5988730,311132783,5988730,305144053,0,0
316867998,504,4,5820527,316851923,316867998,16075,311047471,16075,311031396,0,0
316869530,505,8,5826341,316867998,316869530,1532,311043189,1532,311041657,0,0
316870567,513,1,5865216,316867998,316870567,2569,311005351,2569,311002782,0,0
316890811,515,4,5865263,316869530,316890811,21281,311025548,21281,311004267,0,0
316898962,514,4,5865253,316869530,316898962,29432,311033709,29432,311004277,0,0
316908519,507,1,5832079,316867998,316908519,40521,311076440,40521,311035919,0,0
316937874,516,4,5868672,316890811,316937874,47063,311069202,47063,311022139,0,0
316959491,502,8,5818950,316309812,316959491,649679,311140541,649679,310490862,0,0
316964035,512,1,5865204,316867998,316964035,96037,311098831,96037,311002794,0,0
316965085,520,1,5872774,316959491,316965085,5594,311092311,5594,311086717,0,0
317085473,511,1,5846215,316867998,317085473,217475,311239258,217475,311021783,0,0
317120807,485,8,5746918,312429539,317120807,4691268,311373889,4691268,306682621,0,0
317143044,523,4,5875152,317120807,317143044,22237,311267892,22237,311245655,0,0
317319783,510,1,5844749,316867998,317319783,451785,311475034,451785,311023249,0,0
317466041,524,4,5877516,317143044,317466041,322997,311588525,322997,311265528,0,0
317537839,519,4,5871041,316959491,317537839,578348,311666798,578348,311088450,0,0
317603291,509,1,5840101,316867998,317603291,735293,311763190,735293,311027897,0,0
317626277,506,1,5831497,316867998,317626277,758279,311794780,758279,311036501,0,0
317680939,521,1,5873137,316959491,317680939,721448,311807802,721448,311086354,0,0
317710175,525,4,5879609,317466041,317710175,244134,311830566,244134,311586432,0,0
317735966,522,4,5875152,317120807,317735966,615159,311860814,615159,311245655,0,0
317789124,529,4,5904192,317735966,317789124,53158,311884932,53158,311831774,0,0
317792971,530,4,5904197,317789124,317792971,3847,311888774,3847,311884927,0,0
317799034,461,4,5702448,308473245,317799034,9325789,312096586,9325789,302770797,0,0
317863577,531,8,5906942,317799034,317863577,64543,311956635,64543,311892092,0,0
317905988,532,8,5906977,317863577,317905988,42411,311999011,42411,311956600,0,0
317993448,528,4,5904060,317710175,317993448,283273,312089388,283273,311806115,0,0
318273697,503,4,5820504,316819728,318273697,1453969,312453193,1453969,310999224,0,0
318620825,462,4,5702462,308561534,318620825,10059291,312918363,10059291,302859072,0,0
318724865,498,4,5805669,314861300,318724865,3863565,312919196,3863565,309055631,0,0
318738701,517,4,5870152,316898962,318738701,1839739,312868549,1839739,311028810,0,0
318791649,488,4,5779955,313594332,318791649,5197317,313011694,5197317,307814377,0,0
318917708,535,4,5918849,318620825,318917708,296883,312998859,296883,312701976,0,0
318932008,534,8,5910762,318273697,318932008,658311,313021246,658311,312362935,0,0
319525456,471,4,5709282,309691446,319525456,9834010,313816174,9834010,303982164,0,0
319835631,518,4,5871027,316937874,319835631,2897757,313964604,2897757,311066847,0,0
319996959,541,1,5920902,319835631,319996959,161328,314076057,161328,313914729,0,0
320100052,542,1,5930372,319835631,320100052,264421,314169680,264421,313905259,0,0
320238360,539,8,5920105,318932008,320238360,1306352,314318255,1306352,313011903,0,0
320259973,508,1,5839200,316867998,320259973,3391975,314420773,3391975,311028798,0,0
320306009,536,4,5918858,318724865,320306009,1581144,314387151,1581144,312806007,0,0
320356575,544,1,5966578,320238360,320356575,118215,314389997,118215,314271782,0,0
320843562,324,8,4951999,236002811,320843562,84840751,315891563,84840751,231050812,0,0
320856356,551,1,5971016,320843562,320856356,12794,314885340,12794,314872546,0,0
320875655,556,1,5983209,320843562,320875655,32093,314892446,32093,314860353,0,0
320879509,552,1,5975373,320843562,320879509,35947,314904136,35947,314868189,0,0
320893452,540,8,5920134,319835631,320893452,1057821,314973318,1057821,313915497,0,0
320927822,560,4,6045036,320893452,320927822,34370,314882786,34370,314848416,0,0
320928113,565,1,6050552,320893452,320928113,34661,314877561,34661,314842900,0,0
320951261,569,1,6057618,320927822,320951261,23439,314893643,23439,314870204,0,0
320958047,553,1,5983198,320843562,320958047,114485,314974849,114485,314860364,0,0
320998863,568,1,6050566,320927822,320998863,71041,314948297,71041,314877256,0,0
321010611,561,1,6050364,320893452,321010611,117159,314960247,117159,314843088,0,0
321037866,567,1,6050559,320927822,321037866,110044,314987307,110044,314877263,0,0
321070006,550,1,5971012,320843562,321070006,226444,315098994,226444,314872550,0,0
321104794,557,1,6011425,320843562,321104794,261232,315093369,261232,314832137,0,0
321131027,549,1,5970067,320843562,321131027,287465,315160960,287465,314873495,0,0
321366477,570,1,6058023,320927822,321366477,438655,315308454,438655,314869799,0,0
321375603,566,1,6050556,320893452,321375603,482151,315325047,482151,314842896,0,0
321548446,537,4,5918952,318738701,321548446,2809745,315629494,2809745,312819749,0,0
322152354,548,1,5968127,320843562,322152354,1308792,316184227,1308792,314875435,0,0
322705272,527,4,5888974,317680939,322705272,5024333,316816298,5024333,311791965,0,0
322759011,538,8,5920075,318917708,322759011,3841303,316838936,3841303,312997633,0,0
322783149,526,4,5884574,317537839,322783149,5245310,316898575,5245310,311653265,0,0
323002942,545,4,5967213,320238360,323002942,2764582,317035729,2764582,314271147,0,0
323316167,562,1,6050367,320893452,323316167,2422715,317265800,2422715,314843085,0,0
323436250,571,4,6083344,321366477,323436250,2069773,317352906,2069773,315283133,0,0
323672349,575,8,6135933,323436250,323672349,236099,317536416,236099,317300317,0,0
323698515,577,4,6243133,323672349,323698515,26166,317455382,26166,317429216,0,0
323798691,579,4,6246704,323698515,323798691,100176,317551987,100176,317451811,0,0
323955613,578,4,6246689,323672349,323955613,283264,317708924,283264,317425660,0,0
324073947,581,4,6247024,323955613,324073947,118334,317826923,118334,317708589,0,0
324075329,583,1,6294558,324073947,324075329,1382,317780771,1382,317779389,0,0
324100177,584,1,6297078,324073947,324100177,26230,317803099,26230,317776869,0,0
324100457,587,1,6297090,324073947,324100457,26510,317803367,26510,317776857,0,0
324106306,576,1,6177711,323436250,324106306,670056,317928595,670056,317258539,0,0
324128572,592,1,6302344,324100177,324128572,28395,317826228,28395,317797833,0,0
324169055,582,4,6247207,324073947,324169055,95108,317921848,95108,317826740,0,0
324211485,597,1,6307819,324169055,324211485,42430,317903666,42430,317861236,0,0
324319212,591,1,6302340,324075329,324319212,243883,318016872,243883,317772989,0,0
324340365,586,1,6297086,324073947,324340365,266418,318043279,266418,317776861,0,0
324360375,546,4,5967229,320306009,324360375,4054366,318393146,4054366,314338780,0,0
324405014,590,1,6302336,324073947,324405014,331067,318102678,331067,317771611,0,0
324554563,603,1,6435044,324360375,324554563,194188,318119519,194188,317925331,0,0
324782620,588,1,6297659,324073947,324782620,708673,318484961,708673,317776288,0,0
324832037,589,1,6302332,324073947,324832037,758090,318529705,758090,317771615,0,0
324915091,598,1,6307824,324169055,324915091,746036,318607267,746036,317861231,0,0
324975909,585,1,6297083,324073947,324975909,901962,318678826,901962,317776864,0,0
325132452,580,4,6246733,323798691,325132452,1333761,318885719,1333761,317551958,0,0
325306054,613,1,6477896,325132452,325306054,173602,318828158,173602,318654556,0,0
325474398,595,1,6307812,324128572,325474398,1345826,319166586,1345826,317820760,0,0
326031477,614,1,6477901,325306054,326031477,725423,319553576,725423,318828153,0,0
326206363,615,1,6477905,325474398,326206363,731965,319728458,731965,318996493,0,0
326252511,607,1,6435097,324405014,326252511,1847497,319817414,1847497,317969917,0,0
326261029,593,1,6307598,324100457,326261029,2160572,319953431,2160572,317792859,0,0
326302510,600,1,6314498,324211485,326302510,2091025,319988012,2091025,317896987,0,0
326384940,617,1,6477916,326206363,326384940,178577,319907024,178577,319728447,0,0
326402203,620,1,6482580,326302510,326402203,99693,319919623,99693,319819930,0,0
326403242,533,8,5907010,317905988,326403242,8497254,320496232,8497254,311998978,0,0
326500659,622,1,6482589,326402203,326500659,98456,320018070,98456,319919614,0,0
326675705,621,1,6482584,326384940,326675705,290765,320193121,290765,319902356,0,0
326944423,627,1,6482616,326403242,326944423,541181,320461807,541181,319920626,0,0
327038378,605,1,6435087,324360375,327038378,2678003,320603291,2678003,317925288,0,0
327134228,629,1,6483616,326403242,327134228,730986,320650612,730986,319919626,0,0
327375396,630,1,6483622,326403242,327375396,972154,320891774,972154,319919620,0,0
327377190,636,1,6489790,327375396,327377190,1794,320887400,1794,320885606,0,0
327457723,635,1,6489786,327134228,327457723,323495,320967937,323495,320644442,0,0
327619966,637,1,6489880,327377190,327619966,242776,321130086,242776,320887310,0,0
327649207,638,1,6495511,327457723,327649207,191484,321153696,191484,320962212,0,0
327697211,640,1,6495588,327649207,327697211,48004,321201623,48004,321153619,0,0
327709947,639,1,6495516,327619966,327709947,89981,321214431,89981,321124450,0,0
327732724,608,4,6440206,325132452,327732724,2600272,321292518,2600272,318692246,0,0
327775651,644,1,6495804,327732724,327775651,42927,321279847,42927,321236920,0,0
327824486,599,1,6314494,324169055,327824486,3655431,321509992,3655431,317854561,0,0
327883922,645,1,6495809,327732724,327883922,151198,321388113,151198,321236915,0,0
328028441,623,1,6482594,326403242,328028441,1625199,321545847,1625199,319920648,0,0
328653712,641,1,6495592,327697211,328653712,956501,322158120,956501,321201619,0,0
328829090,633,1,6486730,326944423,328829090,1884667,322342360,1884667,320457693,0,0
329515942,647,1,6505672,327775651,329515942,1740291,323010270,1740291,321269979,0,0
329586325,604,1,6435049,324360375,329586325,5225950,323151276,5225950,317925326,0,0
329690918,643,1,6495756,327732724,329690918,1958194,323195162,1958194,321236968,0,0
330419910,624,1,6482599,326403242,330419910,4016668,323937311,4016668,319920643,0,0
330424840,634,1,6486734,327038378,330424840,3386462,323938106,3386462,320551644,0,0
330429851,601,1,6435016,324319212,330429851,6110639,323994835,6110639,317884196,0,0
330458034,554,1,5983202,320843562,330458034,9614472,324474832,9614472,314860360,0,0
330579206,596,1,6307815,324169055,330579206,6410151,324271391,6410151,317861240,0,0
332050987,555,1,5983205,320843562,332050987,11207425,326067782,11207425,314860357,0,0
332255610,612,1,6477889,325132452,332255610,7123158,325777721,7123158,318654563,0,0
333565013,631,1,6483706,326500659,333565013,7064354,327081307,7064354,320016953,0,0
335681732,547,4,5967243,320843562,335681732,14838170,329714489,14838170,314876319,0,0
335685910,558,4,6045015,320843562,335685910,14842348,329640895,14842348,314798547,0,0
335749293,649,4,6509153,335685910,335749293,63383,329240140,63383,329176757,0,0
335792621,559,4,6045026,320893452,335792621,14899169,329747595,14899169,314848426,0,0
335898391,650,4,6509168,335749293,335898391,149098,329389223,149098,329240125,0,0
336311291,651,4,6509186,335792621,336311291,518670,329802105,518670,329283435,0,0
336355717,652,4,6509211,335898391,336355717,457326,329846506,457326,329389180,0,0
336848566,648,4,6509134,335681732,336848566,1166834,330339432,1166834,329172598,0,0
336877371,653,4,6509232,336311291,336877371,566080,330368139,566080,329802059,0,0
336910059,656,4,6510635,336877371,336910059,32688,330399424,32688,330366736,0,0
337191042,501,8,5818917,316037968,337191042,21153074,331372125,21153074,310219051,0,0
337761437,658,4,6510870,337191042,337761437,570395,331250567,570395,330680172,0,0
337825459,660,4,6510883,337761437,337825459,64022,331314576,64022,331250554,0,0
338167488,543,4,5961299,320238360,338167488,17929128,332206189,17929128,314277061,0,0
338298458,655,4,6509275,336848566,338298458,1449892,331789183,1449892,330339291,0,0
338391646,657,4,6510828,336910059,338391646,1481587,331880818,1481587,330399231,0,0
338394119,665,1,6534521,338391646,338394119,2473,331859598,2473,331857125,0,0
338490752,659,4,6510876,337191042,338490752,1299710,331979876,1299710,330680166,0,0
338867467,618,1,6477920,326252511,338867467,12614956,332389547,12614956,319774591,0,0
339074870,661,4,6510890,337825459,339074870,1249411,332563980,1249411,331314569,0,0
339335354,440,8,5609804,294730594,339335354,44604760,333725550,44604760,289120790,0,0
339371943,669,4,6588893,339335354,339371943,36589,332783050,36589,332746461,0,0
340071155,666,4,6554555,338490752,340071155,1580403,333516600,1580403,331936197,0,0
340281041,626,1,6482611,326403242,340281041,13877799,333798430,13877799,319920631,0,0
340313229,670,8,6590711,340071155,340313229,242074,333722518,242074,333480444,0,0
340344889,671,4,6596579,340313229,340344889,31660,333748310,31660,333716650,0,0
340351900,672,4,6596586,340313229,340351900,38671,333755314,38671,333716643,0,0
340680421,674,4,6597372,340351900,340680421,328521,334083049,328521,333754528,0,0
340698801,675,4,6597402,340680421,340698801,18380,334101399,18380,334083019,0,0
340748833,619,1,6477925,326261029,340748833,14487804,334270908,14487804,319783104,0,0
340814967,676,4,6605282,340698801,340814967,116166,334209685,116166,334093519,0,0
341604689,673,4,6596601,340344889,341604689,1259800,335008088,1259800,333748288,0,0
342245300,654,4,6509257,336355717,342245300,5889583,335736043,5889583,329846460,0,0
342371069,668,4,6588873,339335354,342371069,3035715,335782196,3035715,332746481,0,0
342918771,679,4,6636534,342371069,342918771,547702,336282237,547702,335734535,0,0
343027339,44,1,1945464,1945464,343027339,341081875,341081875,341081875,0,0,0
343322975,680,4,6636543,342918771,343322975,404204,336686432,404204,336282228,0,0
344545893,681,4,6707833,343322975,344545893,1222918,337838060,1222918,336615142,0,0
344975535,663,4,6510903,338298458,344975535,6677077,338464632,6677077,331787555,0,0
345317377,662,4,6510898,338167488,345317377,7149889,338806479,7149889,331656590,0,0
345404911,678,4,6636526,342245300,345404911,3159611,338768385,3159611,335608774,0,0
345766824,602,1,6435021,324340365,345766824,21426459,339331803,21426459,317905344,0,0
346130850,677,8,6619673,341604689,346130850,4526161,339511177,4526161,334985016,0,0
346193809,34,1,1943953,1943953,346193809,344249856,344249856,344249856,0,0,0
346239514,473,4,5709310,310282058,346239514,35957456,340530204,35957456,304572748,0,0
346521793,685,8,6996605,346130850,346521793,390943,339525188,390943,339134245,0,0
348009306,610,1,6472782,325132452,348009306,22876854,341536524,22876854,318659670,0,0
348738716,684,1,6880435,345317377,348738716,3421339,341858281,3421339,338436942,0,0
349230219,683,8,6713307,345317377,349230219,3912842,342516912,3912842,338604070,0,0
349268246,632,1,6483711,326675705,349268246,22592541,342784535,22592541,320191994,0,0
349812233,564,1,6050374,320893452,349812233,28918781,343761859,28918781,314843078,0,0
352557635,682,4,6711622,344545893,352557635,8011742,345846013,8011742,337834271,0,0
352823624,642,1,6495752,327709947,352823624,25113677,346327872,25113677,321214195,0,0
353583115,611,1,6472830,325132452,353583115,28450663,347110285,28450663,318659622,0,0
353966815,574,8,6135603,322783149,353966815,31183666,347831212,31183666,316647546,0,0
355246226,686,8,6997386,346193809,355246226,9052417,348248840,9052417,339196423,0,0
355651786,667,4,6554564,339074870,355651786,16576916,349097222,16576916,332520306,0,0
356147086,572,4,6083370,321548446,356147086,34598640,350063716,34598640,315465076,0,0
356152627,664,4,6510910,338391646,356152627,17760981,349641717,17760981,331880736,0,0
357340701,688,16,6998093,352557635,357340701,4783066,350342608,4783066,345559542,0,0
360078793,690,16,7063550,357340701,360078793,2738092,353015243,2738092,350277151,0,0
360357830,692,8,7186665,360078793,360357830,279037,353171165,279037,352892128,0,0
360885341,625,1,6482605,326403242,360885341,34482099,354402736,34482099,319920637,0,0
361735877,691,16,7142056,360078793,361735877,1657084,354593821,1657084,352936737,0,0
361750957,697,4,7221212,361735877,361750957,15080,354529745,15080,354514665,0,0
361947518,695,8,7217520,361735877,361947518,211641,354729998,211641,354518357,0,0
362032157,708,1,7229878,361947518,362032157,84639,354802279,84639,354717640,0,0
362037497,702,1,7229858,361947518,362037497,89979,354807639,89979,354717660,0,0
362037877,703,1,7229861,361947518,362037877,90359,354808016,90359,354717657,0,0
362259697,698,4,7221218,361735877,362259697,523820,355038479,523820,354514659,0,0
362339008,700,4,7223190,361947518,362339008,391490,355115818,391490,354724328,0,0
362358245,711,4,7244608,362339008,362358245,19237,355113637,19237,355094400,0,0
362361737,699,4,7223150,361750957,362361737,610780,355138587,610780,354527807,0,0
362383247,713,4,7247378,362361737,362383247,21510,355135869,21510,355114359,0,0
362673207,701,1,7229854,361947518,362673207,725689,355443353,725689,354717664,0,0
362800518,712,4,7244616,362358245,362800518,442273,355555902,442273,355113629,0,0
362822346,715,4,7256318,362800518,362822346,21828,355566028,21828,355544200,0,0
362823775,716,4,7278253,362822346,362823775,1429,355545522,1429,355544093,0,0
362909299,717,4,7282240,362823775,362909299,85524,355627059,85524,355541535,0,0
363155443,709,1,7233791,361947518,363155443,1207925,355921652,1207925,354713727,0,0
363873028,714,4,7251689,362383247,363873028,1489781,356621339,1489781,355131558,0,0
364935050,689,16,7063496,355246226,364935050,9688824,357871554,9688824,348182730,0,0
364956681,719,4,7359724,364935050,364956681,21631,357596957,21631,357575326,0,0
364964338,721,4,7361616,364935050,364964338,29288,357602722,29288,357573434,0,0
364967436,724,4,7363367,364964338,364967436,3098,357604069,3098,357600971,0,0
364969901,725,4,7363664,364967436,364969901,2465,357606237,2465,357603772,0,0
365005891,722,4,7361741,364935050,365005891,70841,357644150,70841,357573309,0,0
365011919,726,4,7365656,364969901,365011919,42018,357646263,42018,357604245,0,0
365033305,723,4,7363337,364956681,365033305,76624,357669968,76624,357593344,0,0
365035496,720,4,7359778,364935050,365035496,100446,357675718,100446,357575272,0,0
365076238,729,4,7369089,365033305,365076238,42933,357707149,42933,357664216,0,0
365118729,730,4,7369337,365035496,365118729,83233,357749392,83233,357666159,0,0
365264849,727,4,7365942,365005891,365264849,258958,357898907,258958,357639949,0,0
365415620,710,4,7244582,362259697,365415620,3155923,358171038,3155923,355015115,0,0
365630451,731,4,7370217,365076238,365630451,554213,358260234,554213,357706021,0,0
366103374,732,16,7407929,365630451,366103374,472923,358695445,472923,358222522,0,0
366200951,728,4,7365955,365011919,366200951,1189032,358834996,1189032,357645964,0,0
366434218,705,1,7229868,361947518,366434218,4486700,359204350,4486700,354717650,0,0
366693913,733,16,7409520,366103374,366693913,590539,359284393,590539,358693854,0,0
367076021,616,1,6477911,326031477,367076021,41044544,360598110,41044544,319553566,0,0
367202675,736,1,7556319,367076021,367202675,126654,359646356,126654,359519702,0,0
367710198,734,16,7409860,366693913,367710198,1016285,360300338,1016285,359284053,0,0
367722152,738,1,7619099,367710198,367722152,11954,360103053,11954,360091099,0,0
368436603,707,1,7229875,361947518,368436603,6489085,361206728,6489085,354717643,0,0
368461716,594,1,6307606,324106306,368461716,44355410,362154110,44355410,317798700,0,0
369204456,737,16,7557853,367710198,369204456,1494258,361646603,1494258,360152345,0,0
369211317,740,8,7651017,369204456,369211317,6861,361560300,6861,361553439,0,0
369211819,741,8,7651115,369211317,369211819,502,361560704,502,361560202,0,0
369232968,739,8,7651010,369204456,369232968,28512,361581958,28512,361553446,0,0
369356369,742,8,7651118,369211819,369356369,144550,361705251,144550,361560701,0,0
369451836,743,8,7670655,369232968,369451836,218868,361781181,218868,361562313,0,0
369459417,746,8,7788414,369451836,369459417,7581,361671003,7581,361663422,0,0
369581160,744,8,7670658,369356369,369581160,224791,361910502,224791,361685711,0,0
369664230,747,8,7789076,369459417,369664230,204813,361875154,204813,361670341,0,0
369666488,749,8,7794273,369664230,369666488,2258,361872215,2258,361869957,0,0
369868311,748,8,7792122,369581160,369868311,287151,362076189,287151,361789038,0,0
370007889,750,8,7794276,369666488,370007889,341401,362213613,341401,361872212,0,0
370017128,753,1,7869565,370007889,370017128,9239,362147563,9239,362138324,0,0
370050279,752,8,7819776,370007889,370050279,42390,362230503,42390,362188113,0,0
370165459,751,8,7819773,369868311,370165459,297148,362345686,297148,362048538,0,0
370191746,755,8,7911435,370165459,370191746,26287,362280311,26287,362254024,0,0
370193126,756,8,7912457,370191746,370193126,1380,362280669,1380,362279289,0,0
370252327,757,8,7914914,370193126,370252327,59201,362337413,59201,362278212,0,0
370327633,606,1,6435092,324360375,370327633,45967258,363892541,45967258,317925283,0,0
370812973,693,8,7188172,360357830,370812973,10455143,363624801,10455143,353169658,0,0
370844946,759,8,7967407,370812973,370844946,31973,362877539,31973,362845566,0,0
371432323,628,1,6483527,326403242,371432323,45029081,364948796,45029081,319919715,0,0
371473151,760,8,7989604,370844946,371473151,628205,363483547,628205,362855342,0,0
371479567,761,8,7989607,371473151,371479567,6416,363489960,6416,363483544,0,0
371483905,706,1,7229871,361947518,371483905,9536387,364254034,9536387,354717647,0,0
371584244,735,8,7537843,367076021,371584244,4508223,364046401,4508223,359538178,0,0
373026326,718,8,7314985,363873028,373026326,9153298,365711341,9153298,356558043,0,0
374385974,763,16,8040988,373026326,374385974,1359648,366344986,1359648,364985338,0,0
374919226,405,1,5343745,284872261,374919226,90046965,369575481,90046965,279528516,0,0
375489426,754,8,7911064,370050279,375489426,5439147,367578362,5439147,362139215,0,0
375731784,765,8,8051849,375489426,375731784,242358,367679935,242358,367437577,0,0
375905922,764,16,8041056,374385974,375905922,1519948,367864866,1519948,366344918,0,0
375932377,766,8,8051903,375731784,375932377,200593,367880474,200593,367679881,0,0
376067908,768,8,8055044,375905922,376067908,161986,368012864,161986,367850878,0,0
376604663,770,8,8083271,376067908,376604663,536755,368521392,536755,367984637,0,0
376635580,771,8,8083275,376604663,376635580,30917,368552305,30917,368521388,0,0
376668073,696,1,7219983,361735877,376668073,14932196,369448090,14932196,354515894,0,0
377117724,772,8,8084946,376635580,377117724,482144,369032778,482144,368550634,0,0
377418842,773,8,8084950,377117724,377418842,301118,369333892,301118,369032774,0,0
378939668,646,1,6495875,327732724,378939668,51206944,372443793,51206944,321236849,0,0
378958037,758,8,7967236,370252327,378958037,8705710,370990801,8705710,362285091,0,0
379146397,774,16,8095109,378958037,379146397,188360,371051288,188360,370862928,0,0
379170356,775,8,8123816,379146397,379170356,23959,371046540,23959,371022581,0,0
379175205,777,8,8143698,379170356,379175205,4849,371031507,4849,371026658,0,0
379757313,776,8,8125796,379146397,379757313,610916,371631517,610916,371020601,0,0
379778280,778,8,8143701,379175205,379778280,603075,371634579,603075,371031504,0,0
379816266,779,8,8148661,379757313,379816266,58953,371667605,58953,371608652,0,0
379829609,781,8,8151887,379816266,379829609,13343,371677722,13343,371664379,0,0
379836664,782,8,8152202,379829609,379836664,7055,371684462,7055,371677407,0,0
379840620,780,8,8151835,379778280,379840620,62340,371688785,62340,371626445,0,0
379856021,783,8,8167016,379836664,379856021,19357,371689005,19357,371669648,0,0
379864051,745,1,7785948,369356369,379864051,10507682,372078103,10507682,361570421,0,0
380721342,784,8,8167020,379840620,380721342,880722,372554322,880722,371673600,0,0
380815131,786,8,8242114,380721342,380815131,93789,372573017,93789,372479228,0,0
380820178,787,8,8242117,380815131,380820178,5047,372578061,5047,372573014,0,0
380841389,788,8,8242131,380820178,380841389,21211,372599258,21211,372578047,0,0
381509915,769,8,8055147,375932377,381509915,5577538,373454768,5577538,367877230,0,0
381532771,609,1,6472517,325132452,381532771,56400319,375060254,56400319,318659935,0,0
381836426,785,8,8173466,379856021,381836426,1980405,373662960,1980405,371682555,0,0
382036070,127,8,3512880,84618199,382036070,297417871,378523190,297417871,81105319,0,0
383111815,789,32,8334448,382036070,383111815,1075745,374777367,1075745,373701622,0,0
383179355,793,8,8434461,383111815,383179355,67540,374744894,67540,374677354,0,0
383190043,790,8,8398984,383111815,383190043,78228,374791059,78228,374712831,0,0
383220983,794,16,8462235,383190043,383220983,30940,374758748,30940,374727808,0,0
383270873,767,8,8054934,375905922,383270873,7364951,375215939,7364951,367850988,0,0
383325311,792,8,8434457,383111815,383325311,213496,374890854,213496,374677358,0,0
383493307,791,8,8398988,383111815,383493307,381492,375094319,381492,374712827,0,0
383797167,796,16,8463334,383325311,383797167,471856,375333833,471856,374861977,0,0
383923444,798,8,8493846,383797167,383923444,126277,375429598,126277,375303321,0,0
384270143,797,16,8463342,383797167,384270143,472976,375806801,472976,375333825,0,0
384486933,799,8,8493852,383923444,384486933,563489,375993081,563489,375429592,0,0
385117353,800,16,8505702,384270143,385117353,847210,376611651,847210,375764441,0,0
385293162,694,8,7188203,360885341,385293162,24407821,378104959,24407821,353697138,0,0
386648093,801,16,8513322,385117353,386648093,1530740,378134771,1530740,376604031,0,0
386734177,704,1,7229865,361947518,386734177,24786659,379504312,24786659,354717653,0,0
388192764,687,8,6997579,346521793,388192764,41670971,381195185,41670971,339524214,0,0
388687166,762,16,8040909,371483905,388687166,17203261,380646257,17203261,363442996,0,0
388689606,808,8,8680077,388687166,388689606,2440,380009529,2440,380007089,0,0
388690403,810,8,8689418,388689606,388690403,797,380000985,797,380000188,0,0
388825034,809,1,8689233,388687166,388825034,137868,380135801,137868,379997933,0,0
388920164,811,8,8690423,388690403,388920164,229761,380229741,229761,379999980,0,0
388924699,812,8,8690431,388920164,388924699,4535,380234268,4535,380229733,0,0
389337686,804,16,8517361,386648093,389337686,2689593,380820325,2689593,378130732,0,0
389411866,815,8,8844933,389337686,389411866,74180,380566933,74180,380492753,0,0
389416221,816,8,8931250,389411866,389416221,4355,380484971,4355,380480616,0,0
389427190,819,1,8959230,389416221,389427190,10969,380467960,10969,380456991,0,0
389436109,814,8,8690456,389337686,389436109,98423,380745653,98423,380647230,0,0
389463870,820,1,8964394,389416221,389463870,47649,380499476,47649,380451827,0,0
389517104,813,8,8690449,388924699,389517104,592405,380826655,592405,380234250,0,0
389523477,818,1,8958896,389416221,389523477,107256,380564581,107256,380457325,0,0
389573807,803,8,8516889,385293162,389573807,4280645,381056918,4280645,376776273,0,0
389753836,806,8,8666263,388687166,389753836,1066670,381087573,1066670,380020903,0,0
389776839,821,32,8967286,389753836,389776839,23003,380809553,23003,380786550,0,0
389799670,805,16,8517527,388192764,389799670,1606906,381282143,1606906,379675237,0,0
389943763,822,32,8967975,389776839,389943763,166924,380975788,166924,380808864,0,0
389945425,826,8,9023473,389943763,389945425,1662,380921952,1662,380920290,0,0
389951714,827,8,9023477,389943763,389951714,7951,380928237,7951,380920286,0,0
389986213,830,1,9089233,389943763,389986213,42450,380896980,42450,380854530,0,0
389989981,802,8,8516854,385117353,389989981,4872628,381473127,4872628,376600499,0,0
390023548,817,8,8931256,389416221,390023548,607327,381092292,607327,380484965,0,0
390082872,831,8,9128320,389943763,390082872,139109,380954552,139109,380815443,0,0
390084768,825,1,8999938,389799670,390084768,285098,381084830,285098,380799732,0,0
390117958,832,8,9128323,389945425,390117958,172533,380989635,172533,380817102,0,0
390157489,834,8,9131722,390023548,390157489,133941,381025767,133941,380891826,0,0
390160972,837,8,9142149,390157489,390160972,3483,381018823,3483,381015340,0,0
390224496,838,8,9142856,390160972,390224496,63524,381081640,63524,381018116,0,0
390258793,835,8,9131726,390082872,390258793,175921,381127067,175921,380951146,0,0
390394274,823,16,8968659,389799670,390394274,594604,381425615,594604,380831011,0,0
390422047,807,1,8678070,388687166,390422047,1734881,381743977,1734881,380009096,0,0
390474700,839,32,9308070,390394274,390474700,80426,381166630,80426,381086204,0,0
391233630,836,8,9142146,390117958,391233630,1115672,382091484,1115672,380975812,0,0
392003188,829,1,9089228,389943763,392003188,2059425,382913960,2059425,380854535,0,0
392188741,563,1,6050371,320893452,392188741,71295289,386138370,71295289,314843081,0,0
393799381,10,1,1639747,1639747,393799381,392159634,392159634,392159634,0,0,0
394136643,5,1,1245115,1245115,394136643,392891528,392891528,392891528,0,0,0
394459055,824,1,8998764,389799670,394459055,4659385,385460291,4659385,380800906,0,0
394479442,828,8,9041075,389943763,394479442,4535679,385438367,4535679,380902688,0,0
395267233,840,32,9312655,390474700,395267233,4792533,385954578,4792533,381162045,0,0
395274143,861,1,9320231,395267233,395274143,6910,385953912,6910,385947002,0,0
395275905,856,1,9318625,395267233,395275905,8672,385957280,8672,385948608,0,0
395291807,860,1,9320228,395267233,395291807,24574,385971579,24574,385947005,0,0
395338029,850,1,9318601,395267233,395338029,70796,386019428,70796,385948632,0,0
395345806,851,1,9318604,395267233,395345806,78573,386027202,78573,385948629,0,0
395345822,854,1,9318613,395267233,395345822,78589,386027209,78589,385948620,0,0
395345827,855,1,9318617,395267233,395345827,78594,386027210,78594,385948616,0,0
395350321,847,1,9318591,395267233,395350321,83088,386031730,83088,385948642,0,0
395404935,859,1,9320225,395267233,395404935,137702,386084710,137702,385947008,0,0
395446901,852,1,9318607,395267233,395446901,179668,386128294,179668,385948626,0,0
395452236,845,1,9318584,395267233,395452236,185003,386133652,185003,385948649,0,0
395452248,858,1,9320221,395267233,395452248,185015,386132027,185015,385947012,0,0
395511749,863,1,9320237,395267233,395511749,244516,386191512,244516,385946996,0,0
395511868,848,1,9318594,395267233,395511868,244635,386193274,244635,385948639,0,0
395511885,849,1,9318597,395267233,395511885,244652,386193288,244652,385948636,0,0
395517302,846,1,9318587,395267233,395517302,250069,386198715,250069,385948646,0,0
395517458,857,1,9318628,395267233,395517458,250225,386198830,250225,385948605,0,0
395712580,842,1,9317096,395267233,395712580,445347,386395484,445347,385950137,0,0
395899313,864,1,9320241,395267233,395899313,632080,386579072,632080,385946992,0,0
396075923,841,32,9313816,395267233,396075923,808690,386762107,808690,385953417,0,0
396215028,862,1,9320234,395267233,396215028,947795,386894794,947795,385946999,0,0
396299829,844,1,9318580,395267233,396299829,1032596,386981249,1032596,385948653,0,0
396359187,868,8,9352340,396075923,396359187,283264,387006847,283264,386723583,0,0
396502349,871,8,9352949,396075923,396502349,426426,387149400,426426,386722974,0,0
396821077,843,1,9318577,395267233,396821077,1553844,387502500,1553844,385948656,0,0
396956876,874,8,9353218,396502349,396956876,454527,387603658,454527,387149131,0,0
396966061,875,8,9353239,396956876,396966061,9185,387612822,9185,387603637,0,0
396970833,880,1,9391141,396966061,396970833,4772,387579692,4772,387574920,0,0
396981446,878,1,9388849,396956876,396981446,24570,387592597,24570,387568027,0,0
397044655,883,1,9393712,396966061,397044655,78594,387650943,78594,387572349,0,0
397084575,884,1,9407056,396966061,397084575,118514,387677519,118514,387559005,0,0
397103830,881,1,9391363,396966061,397103830,137769,387712467,137769,387574698,0,0
397141789,879,1,9390865,396956876,397141789,184913,387750924,184913,387566011,0,0
397201426,876,1,9371269,396956876,397201426,244550,387830157,244550,387585607,0,0
397242643,795,16,8462645,383220983,397242643,14021660,388779998,14021660,374758338,0,0
397247706,887,1,9560361,397242643,397247706,5063,387687345,5063,387682282,0,0
397252050,894,1,9560938,397242643,397252050,9407,387691112,9407,387681705,0,0
397273422,893,1,9560933,397242643,397273422,30779,387712489,30779,387681710,0,0
397273915,891,1,9560917,397242643,397273915,31272,387712998,31272,387681726,0,0
397276718,885,16,9484002,397242643,397276718,34075,387792716,34075,387758641,0,0
397284472,909,1,9561036,397276718,397284472,7754,387723436,7754,387715682,0,0
397285129,912,1,9562206,397276718,397285129,8411,387722923,8411,387714512,0,0
397294112,916,1,9562229,397284472,397294112,9640,387731883,9640,387722243,0,0
397311203,917,1,9562235,397285129,397311203,26074,387748968,26074,387722894,0,0
397317254,918,1,9562241,397294112,397317254,23142,387755013,23142,387731871,0,0
397317771,905,1,9561013,397276718,397317771,41053,387756758,41053,387715705,0,0
397330477,853,1,9318610,395267233,397330477,2063244,388011867,2063244,385948623,0,0
397342825,890,1,9560906,397242643,397342825,100182,387781919,100182,387681737,0,0
397345375,903,1,9560997,397276718,397345375,68657,387784378,68657,387715721,0,0
397355148,911,1,9562201,397276718,397355148,78430,387792947,78430,387714517,0,0
397377223,914,1,9562217,397276718,397377223,100505,387815006,100505,387714501,0,0
397384879,920,1,9562253,397317254,397384879,67625,387822626,67625,387755001,0,0
397384884,896,1,9560955,397247706,397384884,137178,387823929,137178,387686751,0,0
397388493,928,1,9562316,397384884,397388493,3609,387826177,3609,387822568,0,0
397388614,927,1,9562310,397384879,397388614,3735,387826304,3735,387822569,0,0
397396220,913,1,9562212,397276718,397396220,119502,387834008,119502,387714506,0,0
397396563,897,1,9560962,397252050,397396563,144513,387835601,144513,387691088,0,0
397402780,931,1,9562340,397396220,397402780,6560,387840440,6560,387833880,0,0
397436030,921,1,9562260,397317771,397436030,118259,387873770,118259,387755511,0,0
397448009,898,1,9560967,397273422,397448009,174587,387887042,174587,387712455,0,0
397463218,895,1,9560944,397242643,397463218,220575,387902274,220575,387681699,0,0
397465880,899,1,9560974,397273915,397465880,191965,387904906,191965,387712941,0,0
397483349,925,1,9562292,397355148,397483349,128201,387921057,128201,387792856,0,0
397508399,922,1,9562271,397330477,397508399,177922,387946128,177922,387768206,0,0
397529245,926,1,9562304,397377223,397529245,152022,387966941,152022,387814919,0,0
397534960,910,1,9561041,397276718,397534960,258242,387973919,258242,387715677,0,0
397555797,924,1,9562284,397345375,397555797,210422,387993513,210422,387783091,0,0
397566450,919,1,9562246,397311203,397566450,255247,388004204,255247,387748957,0,0
397568381,915,1,9562223,397276718,397568381,291663,388006158,291663,387714495,0,0
397599881,902,1,9560991,397276718,397599881,323163,388038890,323163,387715727,0,0
397669944,882,1,9392244,396966061,397669944,703883,388277700,703883,387573817,0,0
397708648,904,1,9561002,397276718,397708648,431930,388147646,431930,387715716,0,0
397719036,906,1,9561018,397276718,397719036,442318,388158018,442318,387715700,0,0
397812465,929,1,9562322,397388493,397812465,423972,388250143,423972,387826171,0,0
398035811,908,1,9561030,397276718,398035811,759093,388474781,759093,387715688,0,0
398203072,889,1,9560896,397242643,398203072,960429,388642176,960429,387681747,0,0
398219302,901,1,9560986,397276718,398219302,942584,388658316,942584,387715732,0,0
398274925,866,8,9323676,395517458,398274925,2757467,388951249,2757467,386193782,0,0
398489772,892,1,9560923,397242643,398489772,1247129,388928849,1247129,387681720,0,0
398701966,932,8,9618714,398274925,398701966,427041,389083252,427041,388656211,0,0
398854959,907,1,9561023,397276718,398854959,1578241,389293936,1578241,387715695,0,0
399052809,933,8,9621946,398489772,399052809,563037,389430863,563037,388867826,0,0
399253705,930,1,9562335,397388614,399253705,1865091,389691370,1865091,387826279,0,0
399411947,923,1,9562278,397342825,399411947,2069122,389849669,2069122,387780547,0,0
399791449,888,1,9560890,397242643,399791449,2548806,390230559,2548806,387681753,0,0
399824283,872,8,9352960,396215028,399824283,3609255,390471323,3609255,386862068,0,0
400404589,900,1,9560979,397276718,400404589,3127871,390843610,3127871,387715739,0,0
400744855,886,1,9498086,397242643,400744855,3502212,391246769,3502212,387744557,0,0
405263576,870,8,9352373,396075923,405263576,9187653,395911203,9187653,386723550,0,0
405282418,935,16,9647037,405263576,405282418,18842,395635381,18842,395616539,0,0
405644597,936,8,9649809,405282418,405644597,362179,395994788,362179,395632609,0,0
406072056,938,8,9718865,405644597,406072056,427459,396353191,427459,395925732,0,0
407866604,934,32,9632785,399824283,407866604,8042321,398233819,8042321,390191498,0,0
407870530,943,8,9780306,407866604,407870530,3926,398090224,3926,398086298,0,0
407872696,944,8,9812781,407870530,407872696,2166,398059915,2166,398057749,0,0
407883316,941,8,9778827,407866604,407883316,16712,398104489,16712,398087777,0,0
407929103,937,8,9717883,405282418,407929103,2646685,398211220,2646685,395564535,0,0
407956334,945,8,9812818,407872696,407956334,83638,398143516,83638,398059878,0,0
408014159,948,8,9867954,407956334,408014159,57825,398146205,57825,398088380,0,0
408067713,942,8,9780149,407866604,408067713,201109,398287564,201109,398086455,0,0
408075833,950,8,9879334,408067713,408075833,8120,398196499,8120,398188379,0,0
408078902,947,8,9867948,407929103,408078902,149799,398210954,149799,398061155,0,0
408143267,951,8,9886114,408075833,408143267,67434,398257153,67434,398189719,0,0
408203298,940,8,9723284,407866604,408203298,336694,398480014,336694,398143320,0,0
408209935,954,8,9904351,408203298,408209935,6637,398305584,6637,398298947,0,0
408216165,949,8,9879329,408014159,408216165,202006,398336836,202006,398134830,0,0
408216981,956,8,10048690,408216165,408216981,816,398168291,816,398167475,0,0
408224376,957,8,10050687,408216981,408224376,7395,398173689,7395,398166294,0,0
408253371,946,8,9822965,407883316,408253371,370055,398430406,370055,398060351,0,0
408358304,959,8,10216368,408253371,408358304,104933,398141936,104933,398037003,0,0
408385841,961,1,10287315,408358304,408385841,27537,398098526,27537,398070989,0,0
408425681,962,2,10288864,408358304,408425681,67377,398136817,67377,398069440,0,0
408429590,958,8,10064333,408224376,408429590,205214,398365257,205214,398160043,0,0
408437409,966,8,10729202,408429590,408437409,7819,397708207,7819,397700388,0,0
408662347,964,1,10291099,408425681,408662347,236666,398371248,236666,398134582,0,0
408820538,965,1,10646927,408425681,408820538,394857,398173611,394857,397778754,0,0
408835124,953,8,9904293,408143267,408835124,691857,398930831,691857,398238974,0,0
408883835,969,1,10817213,408835124,408883835,48711,398066622,48711,398017911,0,0
408967267,963,2,10288886,408385841,408967267,581426,398678381,581426,398096955,0,0
409044546,955,8,9983541,408209935,409044546,834611,399061005,834611,398226394,0,0
409144353,970,8,10817519,409044546,409144353,99807,398326834,99807,398227027,0,0
409509379,967,8,10730007,408437409,409509379,1071970,398779372,1071970,397707402,0,0
409538170,960,8,10224956,408358304,409538170,1179866,399313214,1179866,398133348,0,0
410002105,326,8,4959086,243483136,410002105,166518969,405043019,166518969,238524050,0,0
410085368,939,8,9722372,406072056,410085368,4013312,400362996,4013312,396349684,0,0
410388707,952,8,9904218,408078902,410388707,2309805,400484489,2309805,398174684,0,0
410882951,968,8,10805328,408835124,410882951,2047827,400077623,2047827,398029796,0,0
411227209,971,1,10817570,409044546,411227209,2182663,400409639,2182663,398226976,0,0
415181510,867,1,9350020,395517458,415181510,19664052,405831490,19664052,386167438,0,0
415379954,833,16,9129154,389989981,415379954,25389973,406250800,25389973,380860827,0,0
421169199,869,8,9352358,396075923,421169199,25093276,411816841,25093276,386723565,0,0
423575760,873,8,9352975,396359187,423575760,27216573,414222785,27216573,387006212,0,0
424135029,877,1,9375612,396956876,424135029,27178153,414759417,27178153,387581264,0,0
428219608,865,8,9323577,395511885,428219608,32707723,418896031,32707723,386188308,0,0
446604889,61,1,2341194,2341194,446604889,444263695,444263695,444263695,0,0,0
450547606,392,8,5305807,272928876,450547606,177618730,445241799,177618730,267623069,0,0
451979646,391,8,5305187,272822846,451979646,179156800,446674459,179156800,267517659,0,0
459288312,6,1,1245337,1245337,459288312,458042975,458042975,458042975,0,0,0
577460753,573,8,6135599,322759011,577460753,254701742,571325154,254701742,316623412,0,0
