time,job_id,num_gpu,submit_time,start_time,end_time,executed_time,JCT,duration,pending_time,preempt,promote
931258,21,4,912416,912416,931258,18842,18842,18842,0,0,0
1039575,18,1,906242,906242,1039575,133333,133333,133333,0,0,0
1044514,24,16,926450,1039575,1044514,4939,118064,4939,113125,0,0
1057540,22,4,912464,912464,1057540,145076,145076,145076,0,0,0
1089714,25,16,926459,1044514,1089714,45200,163255,45200,118055,0,0
1116292,1,8,336541,336541,1116292,779751,779751,779751,0,0,0
1129450,17,1,906050,906050,1129450,223400,223400,223400,0,0,0
1252001,20,4,912363,912363,1252001,339638,339638,339638,0,0,0
1535086,15,4,884079,884079,1535086,651007,651007,651007,0,0,0
2586169,4,8,543390,543390,2586169,2042779,2042779,2042779,0,0,0
2682247,2,1,475911,475911,2682247,2206336,2206336,2206336,0,0,0
2743247,30,8,931720,2586169,2743247,157078,1811527,157078,1654449,0,0
3683369,19,4,906308,906308,3683369,2777061,2777061,2777061,0,0,0
3787828,32,8,946857,3683369,3787828,104459,2840971,104459,2736512,0,0
5476841,8,8,837589,837589,5476841,4639252,4639252,4639252,0,0,0
5865857,33,16,952206,5476841,5865857,389016,4913651,389016,4524635,0,0
5986525,11,1,880119,880119,5986525,5106406,5106406,5106406,0,0,0
6378102,9,8,837888,837888,6378102,5540214,5540214,5540214,0,0,0
6412666,16,8,896743,896743,6412666,5515923,5515923,5515923,0,0,0
6576018,13,1,880165,880165,6576018,5695853,5695853,5695853,0,0,0
6868215,28,8,930880,1116292,6868215,5751923,5937335,5751923,185412,0,0
7056072,23,16,926406,926406,7056072,6129666,6129666,6129666,0,0,0
7762025,7,8,671239,671239,7762025,7090786,7090786,7090786,0,0,0
7763869,38,8,961993,7056072,7763869,707797,6801876,707797,6094079,0,0
7765890,41,1,982125,7762025,7765890,3865,6783765,3865,6779900,0,0
7779991,42,4,989813,7762025,7779991,17966,6790178,17966,6772212,0,0
7788779,47,1,993353,7779991,7788779,8788,6795426,8788,6786638,0,0
7799101,39,4,963028,7762025,7799101,37076,6836073,37076,6798997,0,0
7822173,49,4,999486,7799101,7822173,23072,6822687,23072,6799615,0,0
7983333,43,4,990126,7763869,7983333,219464,6993207,219464,6773743,0,0
7984976,53,1,1003841,7983333,7984976,1643,6981135,1643,6979492,0,0
8129662,54,1,1004148,7983333,8129662,146329,7125514,146329,6979185,0,0
8297155,45,4,991447,7763869,8297155,533286,7305708,533286,6772422,0,0
8338259,27,8,930730,1089714,8338259,7248545,7407529,7248545,158984,0,0
8339863,48,1,996568,7779991,8339863,559872,7343295,559872,6783423,0,0
8344423,55,8,1004200,8338259,8344423,6164,7340223,6164,7334059,0,0
8345869,58,1,1007947,8344423,8345869,1446,7337922,1446,7336476,0,0
8350661,57,1,1006297,8344423,8350661,6238,7344364,6238,7338126,0,0
8387749,51,1,999843,7822173,8387749,565576,7387906,565576,6822330,0,0
8388240,52,4,1000852,7983333,8388240,404907,7387388,404907,6982481,0,0
8541226,40,1,981636,7762025,8541226,779201,7559590,779201,6780389,0,0
8624177,56,8,1005202,8344423,8624177,279754,7618975,279754,7339221,0,0
9189304,60,4,1020508,8624177,9189304,565127,8168796,565127,7603669,0,0
9660229,59,16,1013092,8624177,9660229,1036052,8647137,1036052,7611085,0,0
10251676,61,8,1022485,9660229,10251676,591447,9229191,591447,8637744,0,0
10253455,64,4,1023510,10251676,10253455,1779,9229945,1779,9228166,0,0
10273397,63,1,1022908,10251676,10273397,21721,9250489,21721,9228768,0,0
10354210,62,16,1022622,10251676,10354210,102534,9331588,102534,9229054,0,0
10654519,37,8,961716,7056072,10654519,3598447,9692803,3598447,6094356,0,0
10691504,65,16,1023955,10354210,10691504,337294,9667549,337294,9330255,0,0
10826886,66,8,1024189,10654519,10826886,172367,9802697,172367,9630330,0,0
11004170,70,4,1028741,10826886,11004170,177284,9975429,177284,9798145,0,0
11004252,71,4,1029550,10826886,11004252,177366,9974702,177366,9797336,0,0
11028272,73,8,1033426,11004252,11028272,24020,9994846,24020,9970826,0,0
11041819,68,8,1025799,10691504,11041819,350315,10016020,350315,9665705,0,0
11071335,72,1,1030698,10826886,11071335,244449,10040637,244449,9796188,0,0
11389556,74,16,1041491,11041819,11389556,347737,10348065,347737,10000328,0,0
11534646,76,1,1058834,11389556,11534646,145090,10475812,145090,10330722,0,0
12108013,36,8,956090,6868215,12108013,5239798,11151923,5239798,5912125,0,0
12235056,77,1,1061017,11389556,12235056,845500,11174039,845500,10328539,0,0
13129045,35,16,953317,6412666,13129045,6716379,12175728,6716379,5459349,0,0
13193555,83,4,1068634,13129045,13193555,64510,12124921,64510,12060411,0,0
13656017,82,1,1064215,13129045,13656017,526972,12591802,526972,12064830,0,0
14117573,50,1,999520,7799101,14117573,6318472,13118053,6318472,6799581,0,0
14924447,29,8,931137,1252001,14924447,13672446,13993310,13672446,320864,0,0
15316704,79,8,1062109,12108013,15316704,3208691,14254595,3208691,11045904,0,0
15325332,86,1,1078349,15316704,15325332,8628,14246983,8628,14238355,0,0
15410785,85,16,1078287,15316704,15410785,94081,14332498,94081,14238417,0,0
15441856,91,1,1083560,15410785,15441856,31071,14358296,31071,14327225,0,0
15486530,0,1,0,0,15486530,15486530,15486530,15486530,0,0,0
15500869,95,1,1093901,15410785,15500869,90084,14406968,90084,14316884,0,0
15505205,89,1,1078558,15316704,15505205,188501,14426647,188501,14238146,0,0
15536168,88,2,1078520,15316704,15536168,219464,14457648,219464,14238184,0,0
15765167,92,1,1087027,15410785,15765167,354382,14678140,354382,14323758,0,0
15775499,87,1,1078499,15316704,15775499,458795,14697000,458795,14238205,0,0
15969297,81,1,1064146,13129045,15969297,2840252,14905151,2840252,12064899,0,0
16009648,104,1,1095751,15500869,16009648,508779,14913897,508779,14405118,0,0
16096622,111,1,1099017,16009648,16096622,86974,14997605,86974,14910631,0,0
16457503,101,1,1095578,15410785,16457503,1046718,15361925,1046718,14315207,0,0
16506951,69,4,1028041,10691504,16506951,5815447,15478910,5815447,9663463,0,0
16617843,112,1,1099054,16096622,16617843,521221,15518789,521221,14997568,0,0
16999935,100,1,1095546,15410785,16999935,1589150,15904389,1589150,14315239,0,0
17339739,107,1,1095914,15536168,17339739,1803571,16243825,1803571,14440254,0,0
17637656,34,16,953266,5865857,17637656,11771799,16684390,11771799,4912591,0,0
17708586,114,8,1099265,17637656,17708586,70930,16609321,70930,16538391,0,0
17715487,102,1,1095698,15441856,17715487,2273631,16619789,2273631,14346158,0,0
17767647,116,8,1105595,17708586,17767647,59061,16662052,59061,16602991,0,0
17845223,117,8,1105635,17767647,17845223,77576,16739588,77576,16662012,0,0
17863319,105,1,1095787,15505205,17863319,2358114,16767532,2358114,14409418,0,0
17969018,97,1,1095394,15410785,17969018,2558233,16873624,2558233,14315391,0,0
18417040,80,4,1062187,13129045,18417040,5287995,17354853,5287995,12066858,0,0
18654210,106,1,1095885,15536168,18654210,3118042,17558325,3118042,14440283,0,0
18873514,46,4,991717,7779991,18873514,11093523,17881797,11093523,6788274,0,0
18947651,108,1,1098912,15765167,18947651,3182484,17848739,3182484,14666255,0,0
19557772,96,1,1095354,15410785,19557772,4146987,18462418,4146987,14315431,0,0
19991513,75,8,1042649,11389556,19991513,8601957,18948864,8601957,10346907,0,0
20355073,118,8,1105822,17845223,20355073,2509850,19249251,2509850,16739401,0,0
20498205,121,8,1114608,20355073,20498205,143132,19383597,143132,19240465,0,0
20521129,122,8,1115754,20498205,20521129,22924,19405375,22924,19382451,0,0
20542776,78,8,1062049,11389556,20542776,9153220,19480727,9153220,10327507,0,0
20549295,126,4,1149652,20542776,20549295,6519,19399643,6519,19393124,0,0
20552162,124,4,1119028,20498205,20552162,53957,19433134,53957,19379177,0,0
20565147,130,1,1158164,20549295,20565147,15852,19406983,15852,19391131,0,0
20565645,131,1,1158343,20549295,20565645,16350,19407302,16350,19390952,0,0
20654201,140,1,1161628,20565147,20654201,89054,19492573,89054,19403519,0,0
20698775,133,1,1161506,20549295,20698775,149480,19537269,149480,19387789,0,0
20717394,44,1,990526,7763869,20717394,12953525,19726868,12953525,6773343,0,0
20751948,128,8,1155403,20549295,20751948,202653,19596545,202653,19393892,0,0
20770678,141,4,1163262,20751948,20770678,18730,19607416,18730,19588686,0,0
20797869,26,8,930392,1089714,20797869,19708155,19867477,19708155,159322,0,0
20831494,151,1,1165398,20770678,20831494,60816,19666096,60816,19605280,0,0
20860944,142,1,1165251,20751948,20860944,108996,19695693,108996,19586697,0,0
20903047,159,1,1165542,20797869,20903047,105178,19737505,105178,19632327,0,0
20914681,156,1,1165490,20797869,20914681,116812,19749191,116812,19632379,0,0
20975660,119,8,1111825,18417040,20975660,2558620,19863835,2558620,17305215,0,0
21065611,137,1,1161592,20552162,21065611,513449,19904019,513449,19390570,0,0
21081978,135,1,1161554,20549295,21081978,532683,19920424,532683,19387741,0,0
21158016,160,1,1167323,20797869,21158016,360147,19990693,360147,19630546,0,0
21199510,127,1,1152816,20542776,21199510,656734,20046694,656734,19389960,0,0
21202302,129,1,1157802,20549295,21202302,653007,20044500,653007,19391493,0,0
21209693,138,1,1161607,20552162,21209693,657531,20048086,657531,19390555,0,0
21228648,165,1,1167735,20914681,21228648,313967,20060913,313967,19746946,0,0
21286307,168,1,1178118,20975660,21286307,310647,20108189,310647,19797542,0,0
21321475,157,1,1165508,20797869,21321475,523606,20155967,523606,19632361,0,0
21501236,125,8,1133603,20521129,21501236,980107,20367633,980107,19387526,0,0
21532234,170,4,1194187,21501236,21532234,30998,20338047,30998,20307049,0,0
21573029,171,4,1194668,21532234,21573029,40795,20378361,40795,20337566,0,0
21656847,143,1,1165268,20751948,21656847,904899,20491579,904899,19586680,0,0
21719513,162,1,1167697,20831494,21719513,888019,20551816,888019,19663797,0,0
21846797,154,1,1165455,20797869,21846797,1048928,20681342,1048928,19632414,0,0
22522099,144,1,1165288,20751948,22522099,1770151,21356811,1770151,19586660,0,0
22549732,98,1,1095479,15410785,22549732,7138947,21454253,7138947,14315306,0,0
22618981,153,1,1165433,20770678,22618981,1848303,21453548,1848303,19605245,0,0
22677114,161,1,1167678,20797869,22677114,1879245,21509436,1879245,19630191,0,0
23035260,146,1,1165316,20751948,23035260,2283312,21869944,2283312,19586632,0,0
23057047,152,1,1165414,20770678,23057047,2286369,21891633,2286369,19605264,0,0
23132880,172,4,1195817,21573029,23132880,1559851,21937063,1559851,20377212,0,0
23188753,90,4,1081252,15410785,23188753,7777968,22107501,7777968,14329533,0,0
23266850,164,1,1167724,20903047,23266850,2363803,22099126,2363803,19735323,0,0
23636560,132,1,1161486,20549295,23636560,3087265,22475074,3087265,19387809,0,0
24025082,110,1,1098983,15969297,24025082,8055785,22926099,8055785,14870314,0,0
24027026,163,1,1167711,20860944,24027026,3166082,22859315,3166082,19693233,0,0
26080503,93,1,1088222,15410785,26080503,10669718,24992281,10669718,14322563,0,0
26352445,158,1,1165528,20797869,26352445,5554576,25186917,5554576,19632341,0,0
26461060,167,1,1167770,20975660,26461060,5485400,25293290,5485400,19807890,0,0
26563453,148,1,1165345,20751948,26563453,5811505,25398108,5811505,19586603,0,0
27288119,169,8,1181272,21501236,27288119,5786883,26106847,5786883,20319964,0,0
27290191,177,1,1234963,27288119,27290191,2072,26055228,2072,26053156,0,0
27291213,174,16,1223535,27288119,27291213,3094,26067678,3094,26064584,0,0
27627382,115,8,1101445,17637656,27627382,9989726,26525937,9989726,16536211,0,0
27641917,181,4,1241695,27627382,27641917,14535,26400222,14535,26385687,0,0
27653243,109,1,1098951,15775499,27653243,11877744,26554292,11877744,14676548,0,0
27734583,182,1,1244100,27627382,27734583,107201,26490483,107201,26383282,0,0
28075991,183,4,1245265,27641917,28075991,434074,26830726,434074,26396652,0,0
28189943,176,1,1233879,27288119,28189943,901824,26956064,901824,26054240,0,0
28816470,147,1,1165329,20751948,28816470,8064522,27651141,8064522,19586619,0,0
28963090,67,8,1025721,10691504,28963090,18271586,27937369,18271586,9665783,0,0
29056949,99,1,1095513,15410785,29056949,13646164,27961436,13646164,14315272,0,0
29118208,186,1,1245315,28963090,29118208,155118,27872893,155118,27717775,0,0
29528423,175,1,1233608,27288119,29528423,2240304,28294815,2240304,26054511,0,0
29559719,184,1,1245289,27641917,29559719,1917802,28314430,1917802,26396628,0,0
29746507,187,1,1245511,28963090,29746507,783417,28500996,783417,27717579,0,0
29773583,185,8,1245296,28963090,29773583,810493,28528287,810493,27717794,0,0
29815048,180,4,1241289,27627382,29815048,2187666,28573759,2187666,26386093,0,0
29829842,188,16,1245523,29773583,29829842,56259,28584319,56259,28528060,0,0
29910957,191,1,1251322,29773583,29910957,137374,28659635,137374,28522261,0,0
30209752,31,8,938339,2743247,30209752,27466505,29271413,27466505,1804908,0,0
30226120,195,4,1251897,30209752,30226120,16368,28974223,16368,28957855,0,0
30244306,178,8,1238400,27291213,30244306,2953093,29005906,2953093,26052813,0,0
30251730,196,1,1252909,30209752,30251730,41978,28998821,41978,28956843,0,0
30262484,199,4,1255259,30244306,30262484,18178,29007225,18178,28989047,0,0
30386696,200,4,1255294,30244306,30386696,142390,29131402,142390,28989012,0,0
30400655,202,4,1255332,30386696,30400655,13959,29145323,13959,29131364,0,0
30583592,189,1,1245524,29773583,30583592,810009,29338068,810009,28528059,0,0
30857529,190,1,1245696,29773583,30857529,1083946,29611833,1083946,28527887,0,0
31229210,194,4,1251798,29829842,31229210,1399368,29977412,1399368,28578044,0,0
31538996,204,1,1261278,30400655,31538996,1138341,30277718,1138341,29139377,0,0
31901954,198,1,1254374,30226120,31901954,1675834,30647580,1675834,28971746,0,0
32083742,205,8,1262028,31901954,32083742,181788,30821714,181788,30639926,0,0
32178013,201,4,1255314,30262484,32178013,1915529,30922699,1915529,29007170,0,0
32258301,193,8,1251720,29829842,32258301,2428459,31006581,2428459,28578122,0,0
32647111,203,4,1255347,30400655,32647111,2246456,31391764,2246456,29145308,0,0
33006599,166,1,1167748,20975660,33006599,12030939,31838851,12030939,19807912,0,0
33162743,208,8,1272262,32647111,33162743,515632,31890481,515632,31374849,0,0
33434802,94,4,1092167,15410785,33434802,18024017,32342635,18024017,14318618,0,0
33753647,136,1,1161574,20552162,33753647,13201485,32592073,13201485,19390588,0,0
34012794,210,8,1273276,33434802,34012794,577992,32739518,577992,32161526,0,0
34176574,150,1,1165380,20770678,34176574,13405896,33011194,13405896,19605298,0,0
35164442,155,1,1165474,20797869,35164442,14366573,33998968,14366573,19632395,0,0
35412284,211,16,1275933,35164442,35412284,247842,34136351,247842,33888509,0,0
35463262,214,4,1279070,35412284,35463262,50978,34184192,50978,34133214,0,0
35471473,212,8,1277547,35412284,35471473,59189,34193926,59189,34134737,0,0
35481778,213,4,1278989,35412284,35481778,69494,34202789,69494,34133295,0,0
35535239,215,1,1280138,35412284,35535239,122955,34255101,122955,34132146,0,0
35564288,216,16,1283033,35481778,35564288,82510,34281255,82510,34198745,0,0
35913816,145,1,1165303,20751948,35913816,15161868,34748513,15161868,19586645,0,0
35947564,173,8,1207706,23188753,35947564,12758811,34739858,12758811,21981047,0,0
36266812,219,4,1284627,35564288,36266812,702524,34982185,702524,34279661,0,0
36369820,223,8,1293192,36266812,36369820,103008,35076628,103008,34973620,0,0
36738578,206,8,1262609,32083742,36738578,4654836,35475969,4654836,30821133,0,0
36922575,224,16,1297699,36738578,36922575,183997,35624876,183997,35440879,0,0
37421243,225,8,1300071,36922575,37421243,498668,36121172,498668,35622504,0,0
37441139,226,16,1312082,37421243,37441139,19896,36129057,19896,36109161,0,0
37441984,228,8,1326576,37441139,37441984,845,36115408,845,36114563,0,0
37575681,197,4,1253665,30226120,37575681,7349561,36322016,7349561,28972455,0,0
37634123,222,4,1284745,35947564,37634123,1686559,36349378,1686559,34662819,0,0
37735661,103,1,1095725,15486530,37735661,22249131,36639936,22249131,14390805,0,0
37754058,14,1,881304,881304,37754058,36872754,36872754,36872754,0,0,0
38031166,227,2,1322871,37421243,38031166,609923,36708295,609923,36098372,0,0
38449371,209,8,1273245,33162743,38449371,5286628,37176126,5286628,31889498,0,0
38563764,220,4,1284690,35564288,38563764,2999476,37279074,2999476,34279598,0,0
39642725,221,4,1284714,35913816,39642725,3728909,38358011,3728909,34629102,0,0
39647196,232,16,1355804,39642725,39647196,4471,38291392,4471,38286921,0,0
39649523,233,16,1357023,39647196,39649523,2327,38292500,2327,38290173,0,0
39658528,235,1,1365390,39647196,39658528,11332,38293138,11332,38281806,0,0
39921895,231,8,1350010,37634123,39921895,2287772,38571885,2287772,36284113,0,0
39935513,236,16,1368361,39649523,39935513,285990,38567152,285990,38281162,0,0
39939142,238,4,1369754,39935513,39939142,3629,38569388,3629,38565759,0,0
39950263,237,16,1368374,39935513,39950263,14750,38581889,14750,38567139,0,0
40014198,241,4,1371422,39950263,40014198,63935,38642776,63935,38578841,0,0
40030255,239,4,1370008,39935513,40030255,94742,38660247,94742,38565505,0,0
40039062,240,4,1371390,39939142,40039062,99920,38667672,99920,38567752,0,0
40275506,234,1,1359082,39647196,40275506,628310,38916424,628310,38288114,0,0
41035498,242,16,1372983,40014198,41035498,1021300,39662515,1021300,38641215,0,0
41052101,243,16,1372999,41035498,41052101,16603,39679102,16603,39662499,0,0
41071579,247,4,1378546,41052101,41071579,19478,39693033,19478,39673555,0,0
41140967,217,4,1284564,35564288,41140967,5576679,39856403,5576679,34279724,0,0
41293124,245,4,1373901,41035498,41293124,257626,39919223,257626,39661597,0,0
41415273,244,4,1373136,41035498,41415273,379775,40042137,379775,39662362,0,0
41474666,12,1,880145,880145,41474666,40594521,40594521,40594521,0,0,0
41485217,251,4,1431972,41474666,41485217,10551,40053245,10551,40042694,0,0
41521718,252,4,1432024,41485217,41521718,36501,40089694,36501,40053193,0,0
41594773,246,4,1378443,41052101,41594773,542672,40216330,542672,39673658,0,0
42032951,255,1,1450085,41594773,42032951,438178,40582866,438178,40144688,0,0
42172318,84,8,1071580,13193555,42172318,28978763,41100738,28978763,12121975,0,0
43022417,134,1,1161521,20549295,43022417,22473122,41860896,22473122,19387774,0,0
43065288,248,8,1384680,41052101,43065288,2013187,41680608,2013187,39667421,0,0
43077462,253,4,1432085,41521718,43077462,1555744,41645377,1555744,40089633,0,0
43081758,256,16,1450087,43065288,43081758,16470,41631671,16470,41615201,0,0
43082371,259,4,1466312,43081758,43082371,613,41616059,613,41615446,0,0
43089555,257,4,1462880,43077462,43089555,12093,41626675,12093,41614582,0,0
43144403,260,4,1495907,43081758,43144403,62645,41648496,62645,41585851,0,0
43148209,263,4,1500042,43144403,43148209,3806,41648167,3806,41644361,0,0
43162075,261,4,1497030,43082371,43162075,79704,41665045,79704,41585341,0,0
43458531,262,4,1498794,43089555,43458531,368976,41959737,368976,41590761,0,0
43472765,265,4,1501577,43458531,43472765,14234,41971188,14234,41956954,0,0
44226238,123,1,1118114,20498205,44226238,23728033,43108124,23728033,19380091,0,0
44804912,179,8,1240489,27291213,44804912,17513699,43564423,17513699,26050724,0,0
45210334,266,8,1523791,44804912,45210334,405422,43686543,405422,43281121,0,0
45232970,269,4,1542833,45210334,45232970,22636,43690137,22636,43667501,0,0
45846011,268,4,1542152,45210334,45846011,635677,44303859,635677,43668182,0,0
46787290,254,4,1432295,41594773,46787290,5192517,45354995,5192517,40162478,0,0
46953801,258,8,1463221,43081758,46953801,3872043,45490580,3872043,41618537,0,0
46984435,272,8,1546316,46953801,46984435,30634,45438119,30634,45407485,0,0
47008397,113,1,1099104,16457503,47008397,30550894,45909293,30550894,15358399,0,0
47046510,275,2,1560182,46984435,47046510,62075,45486328,62075,45424253,0,0
47220661,274,4,1550798,46984435,47220661,236226,45669863,236226,45433637,0,0
47358768,267,4,1541381,44804912,47358768,2553856,45817387,2553856,43263531,0,0
48237735,230,8,1339183,37441984,48237735,10795751,46898552,10795751,36102801,0,0
48323761,277,8,1580632,48237735,48323761,86026,46743129,86026,46657103,0,0
48426440,270,4,1544882,45232970,48426440,3193470,46881558,3193470,43688088,0,0
48769285,264,8,1501448,43162075,48769285,5607210,47267837,5607210,41660627,0,0
49108641,279,16,1583559,48769285,49108641,339356,47525082,339356,47185726,0,0
49109627,280,8,1584868,49108641,49109627,986,47524759,986,47523773,0,0
49110485,291,1,1593034,49108641,49110485,1844,47517451,1844,47515607,0,0
49112171,286,1,1592992,49108641,49112171,3530,47519179,3530,47515649,0,0
49112252,283,1,1590920,49108641,49112252,3611,47521332,3611,47517721,0,0
49117910,289,1,1593019,49108641,49117910,9269,47524891,9269,47515622,0,0
49118234,290,1,1593027,49108641,49118234,9593,47525207,9593,47515614,0,0
49143274,288,1,1593012,49108641,49143274,34633,47550262,34633,47515629,0,0
49164458,295,1,1593071,49109627,49164458,54831,47571387,54831,47516556,0,0
49178519,218,4,1284590,35564288,49178519,13614231,47893929,13614231,34279698,0,0
49178803,287,1,1593003,49108641,49178803,70162,47585800,70162,47515638,0,0
49201782,285,1,1592985,49108641,49201782,93141,47608797,93141,47515656,0,0
49228175,296,8,1599339,49178519,49228175,49656,47628836,49656,47579180,0,0
49350262,294,1,1593064,49109627,49350262,240635,47757198,240635,47516563,0,0
49364950,284,1,1592975,49108641,49364950,256309,47771975,256309,47515666,0,0
49380836,292,1,1593050,49109627,49380836,271209,47787786,271209,47516577,0,0
49526135,293,1,1593057,49109627,49526135,416508,47933078,416508,47516570,0,0
49549411,281,4,1587106,49108641,49549411,440770,47962305,440770,47521535,0,0
49556516,300,4,1601178,49549411,49556516,7105,47955338,7105,47948233,0,0
49569573,301,4,1601204,49556516,49569573,13057,47968369,13057,47955312,0,0
49577482,297,4,1601032,49228175,49577482,349307,47976450,349307,47627143,0,0
49584139,304,4,1602805,49577482,49584139,6657,47981334,6657,47974677,0,0
49589879,305,4,1602931,49584139,49589879,5740,47986948,5740,47981208,0,0
49785185,299,4,1601071,49526135,49785185,259050,48184114,259050,47925064,0,0
49812679,303,4,1602535,49569573,49812679,243106,48210144,243106,47967038,0,0
49814876,314,1,1608778,49812679,49814876,2197,48206098,2197,48203901,0,0
49815096,313,1,1608770,49812679,49815096,2417,48206326,2417,48203909,0,0
49816444,310,1,1608397,49812679,49816444,3765,48208047,3765,48204282,0,0
49816679,315,1,1608786,49814876,49816679,1803,48207893,1803,48206090,0,0
49820049,312,1,1608762,49812679,49820049,7370,48211287,7370,48203917,0,0
49848829,309,1,1608348,49812679,49848829,36150,48240481,36150,48204331,0,0
49866966,320,1,1608828,49848829,49866966,18137,48258138,18137,48240001,0,0
49867740,318,1,1608814,49816679,49867740,51061,48258926,51061,48207865,0,0
49870527,321,1,1608835,49866966,49870527,3561,48261692,3561,48258131,0,0
49891049,317,1,1608801,49816444,49891049,74605,48282248,74605,48207643,0,0
49921086,323,1,1608850,49870527,49921086,50559,48312236,50559,48261677,0,0
49971101,319,1,1608822,49820049,49971101,151052,48362279,151052,48211227,0,0
49973393,322,1,1608843,49867740,49973393,105653,48364550,105653,48258897,0,0
49982640,298,4,1601053,49228175,49982640,754465,48381587,754465,47627122,0,0
49984557,328,1,1608902,49982640,49984557,1917,48375655,1917,48373738,0,0
50024141,332,1,1608935,49984557,50024141,39584,48415206,39584,48375622,0,0
50048681,307,8,1604537,49812679,50048681,236002,48444144,236002,48208142,0,0
50049690,341,1,1609030,50048681,50049690,1009,48440660,1009,48439651,0,0
50054146,338,1,1609005,50048681,50054146,5465,48445141,5465,48439676,0,0
50055815,343,1,1609064,50054146,50055815,1669,48446751,1669,48445082,0,0
50063175,337,1,1608998,50048681,50063175,14494,48454177,14494,48439683,0,0
50064489,333,1,1608942,50024141,50064489,40348,48455547,40348,48415199,0,0
50075018,334,1,1608974,50048681,50075018,26337,48466044,26337,48439707,0,0
50076408,347,1,1609092,50075018,50076408,1390,48467316,1390,48465926,0,0
50077729,336,1,1608991,50048681,50077729,29048,48468738,29048,48439690,0,0
50079603,339,1,1609014,50048681,50079603,30922,48470589,30922,48439667,0,0
50081399,348,1,1609100,50076408,50081399,4991,48472299,4991,48467308,0,0
50086517,311,1,1608755,49812679,50086517,273838,48477762,273838,48203924,0,0
50093913,316,1,1608793,49815096,50093913,278817,48485120,278817,48206303,0,0
50098850,346,1,1609085,50064489,50098850,34361,48489765,34361,48455404,0,0
50107123,327,1,1608894,49973393,50107123,133730,48498229,133730,48364499,0,0
50107242,351,1,1609140,50081399,50107242,25843,48498102,25843,48472259,0,0
50115404,349,1,1609126,50077729,50115404,37675,48506278,37675,48468603,0,0
50157807,344,1,1609071,50055815,50157807,101992,48548736,101992,48446744,0,0
50162425,278,4,1581732,48237735,50162425,1924690,48580693,1924690,46656003,0,0
50181635,330,1,1608921,49982640,50181635,198995,48572714,198995,48373719,0,0
50230364,329,1,1608914,49982640,50230364,247724,48621450,247724,48373726,0,0
50243662,335,1,1608983,50048681,50243662,194981,48634679,194981,48439698,0,0
50293967,345,1,1609078,50063175,50293967,230792,48684889,230792,48454097,0,0
50308185,352,1,1609148,50086517,50308185,221668,48699037,221668,48477369,0,0
50310606,326,1,1608886,49971101,50310606,339505,48701720,339505,48362215,0,0
50338399,342,1,1609055,50049690,50338399,288709,48729344,288709,48440635,0,0
50363135,324,1,1608857,49891049,50363135,472086,48754278,472086,48282192,0,0
50369436,306,4,1603522,49589879,50369436,779557,48765914,779557,47986357,0,0
50409408,302,2,1601625,49556516,50409408,852892,48807783,852892,47954891,0,0
50510915,331,1,1608929,49982640,50510915,528275,48901986,528275,48373711,0,0
50514786,354,1,1612763,50510915,50514786,3871,48902023,3871,48898152,0,0
50536468,353,16,1610336,50510915,50536468,25553,48926132,25553,48900579,0,0
50537074,363,1,1664264,50536468,50537074,606,48872810,606,48872204,0,0
50539844,356,8,1629463,50536468,50539844,3376,48910381,3376,48907005,0,0
50545749,350,1,1609133,50079603,50545749,466146,48936616,466146,48470470,0,0
50672529,340,1,1609023,50048681,50672529,623848,49063506,623848,48439658,0,0
50718535,357,1,1634921,50536468,50718535,182067,49083614,182067,48901547,0,0
50911456,325,1,1608864,49921086,50911456,990370,49302592,990370,48312222,0,0
51034453,271,4,1544974,45846011,51034453,5188442,49489479,5188442,44301037,0,0
51416318,149,1,1165363,20751948,51416318,30664370,50250955,30664370,19586585,0,0
51603254,139,1,1161611,20552162,51603254,31051092,50441643,31051092,19390551,0,0
51674887,364,8,1669444,50539844,51674887,1135043,50005443,1135043,48870400,0,0
51699738,366,1,1678208,51674887,51699738,24851,50021530,24851,49996679,0,0
51822622,367,1,1685457,51674887,51822622,147735,50137165,147735,49989430,0,0
51924843,372,1,1690262,51822622,51924843,102221,50234581,102221,50132360,0,0
52798756,3,8,476285,476285,52798756,52322471,52322471,52322471,0,0,0
52813142,360,1,1639334,50536468,52813142,2276674,51173808,2276674,48897134,0,0
52915440,382,1,1690688,52813142,52915440,102298,51224752,102298,51122454,0,0
53458041,371,1,1690255,51699738,53458041,1758303,51767786,1758303,50009483,0,0
53541080,276,4,1579787,47220661,53541080,6320419,51961293,6320419,45640874,0,0
53560238,384,1,1690704,53458041,53560238,102197,51869534,102197,51767337,0,0
53640481,385,1,1690711,53541080,53640481,99401,51949770,99401,51850369,0,0
53667656,375,1,1690292,52798756,53667656,868900,51977364,868900,51108464,0,0
53674216,380,1,1690344,52798756,53674216,875460,51983872,875460,51108412,0,0
53829899,365,16,1669786,51674887,53829899,2155012,52160113,2155012,50005101,0,0
53889186,404,1,1690844,53829899,53889186,59287,52198342,59287,52139055,0,0
53915629,394,1,1690772,53829899,53915629,85730,52224857,85730,52139127,0,0
53931621,406,1,1690857,53829899,53931621,101722,52240764,101722,52139042,0,0
53931769,402,1,1690828,53829899,53931769,101870,52240941,101870,52139071,0,0
53942652,401,1,1690821,53829899,53942652,112753,52251831,112753,52139078,0,0
54076617,407,1,1690862,53829899,54076617,246718,52385755,246718,52139037,0,0
54080608,389,1,1690738,53560238,54080608,520370,52389870,520370,51869500,0,0
54157595,409,1,1690866,53889186,54157595,268409,52466729,268409,52198320,0,0
54304912,377,1,1690306,52798756,54304912,1506156,52614606,1506156,51108450,0,0
54350283,395,1,1690780,53829899,54350283,520384,52659503,520384,52139119,0,0
54371980,378,1,1690321,52798756,54371980,1573224,52681659,1573224,51108435,0,0
55306806,408,1,1690865,53829899,55306806,1476907,53615941,1476907,52139034,0,0
55337030,410,1,1690870,53915629,55337030,1421401,53646160,1421401,52224759,0,0
55339313,376,1,1690299,52798756,55339313,2540557,53649014,2540557,51108457,0,0
55659252,411,1,1690872,53931621,55659252,1727631,53968380,1727631,52240749,0,0
55691546,393,1,1690765,53829899,55691546,1861647,54000781,1861647,52139134,0,0
55984802,273,8,1550718,46984435,55984802,9000367,54434084,9000367,45433717,0,0
56063984,397,1,1690793,53829899,56063984,2234085,54373191,2234085,52139106,0,0
56091595,249,8,1409023,41140967,56091595,14950628,54682572,14950628,39731944,0,0
56093795,429,1,1691284,55984802,56093795,108993,54402511,108993,54293518,0,0
56379822,426,1,1690924,55984802,56379822,395020,54688898,395020,54293878,0,0
56479514,398,1,1690800,53829899,56479514,2649615,54788714,2649615,52139099,0,0
56497207,386,1,1690717,53541080,56497207,2956127,54806490,2956127,51850363,0,0
56595377,433,1,1691387,56063984,56595377,531393,54903990,531393,54372597,0,0
56612770,445,1,1691652,56497207,56612770,115563,54921118,115563,54805555,0,0
56826131,207,8,1271714,32258301,56826131,24567830,55554417,24567830,30986587,0,0
56934864,308,1,1606851,49812679,56934864,7122185,55328013,7122185,48205828,0,0
56938850,451,1,1691800,56826131,56938850,112719,55247050,112719,55134331,0,0
57072405,413,1,1690879,53942652,57072405,3129753,55381526,3129753,52251773,0,0
57165242,439,1,1691534,56091595,57165242,1073647,55473708,1073647,54400061,0,0
57243076,457,1,1691957,56938850,57243076,304226,55551119,304226,55246893,0,0
57695359,415,1,1690884,54080608,57695359,3614751,56004475,3614751,52389724,0,0
57717960,368,1,1685688,51674887,57717960,6043073,56032272,6043073,49989199,0,0
57752015,421,1,1690902,55337030,57752015,2414985,56061113,2414985,53646128,0,0
57803563,438,1,1691512,56091595,57803563,1711968,56112051,1711968,54400083,0,0
57859604,454,1,1691903,56826131,57859604,1033473,56167701,1033473,55134228,0,0
58208299,381,1,1690680,52798756,58208299,5409543,56517619,5409543,51108076,0,0
58208744,428,1,1691253,55984802,58208744,2223942,56517491,2223942,54293549,0,0
58280667,446,1,1691672,56595377,58280667,1685290,56588995,1685290,54903705,0,0
58394137,359,1,1639287,50536468,58394137,7857669,56754850,7857669,48897181,0,0
58394794,437,1,1691493,56091595,58394794,2303199,56703301,2303199,54400102,0,0
58422737,442,1,1691594,56093795,58422737,2328942,56731143,2328942,54402201,0,0
58492420,361,1,1639369,50536468,58492420,7955952,56853051,7955952,48897099,0,0
58670944,464,1,1692174,57803563,58670944,867381,56978770,867381,56111389,0,0
58858093,388,1,1690731,53541080,58858093,5317013,57167362,5317013,51850349,0,0
59018489,424,1,1690915,55691546,59018489,3326943,57327574,3326943,54000631,0,0
59063828,229,8,1336414,37441139,59063828,21622689,57727414,21622689,36104725,0,0
59066154,455,1,1691921,56826131,59066154,2240023,57374233,2240023,55134210,0,0
59127185,448,1,1691744,56826131,59127185,2301054,57435441,2301054,55134387,0,0
59127699,453,1,1691844,56826131,59127699,2301568,57435855,2301568,55134287,0,0
59154010,435,1,1691432,56091595,59154010,3062415,57462578,3062415,54400163,0,0
59171082,441,1,1691572,56091595,59171082,3079487,57479510,3079487,54400023,0,0
59201767,434,1,1691413,56091595,59201767,3110172,57510354,3110172,54400182,0,0
59237890,467,8,1702189,59063828,59237890,174062,57535701,174062,57361639,0,0
59243548,456,1,1691940,56934864,59243548,2308684,57551608,2308684,55242924,0,0
59247369,470,4,1712214,59237890,59247369,9479,57535155,9479,57525676,0,0
59500512,469,4,1712122,59237890,59500512,262622,57788390,262622,57525768,0,0
59513883,472,4,1713270,59500512,59513883,13371,57800613,13371,57787242,0,0
59519111,476,4,1714667,59513883,59519111,5228,57804444,5228,57799216,0,0
59936111,449,1,1691765,56826131,59936111,3109980,58244346,3109980,55134366,0,0
59956137,471,4,1712391,59247369,59956137,708768,58243746,708768,57534978,0,0
59984958,477,8,1724431,59956137,59984958,28821,58260527,28821,58231706,0,0
60002879,463,1,1692088,57752015,60002879,2250864,58310791,2250864,56059927,0,0
60474897,414,1,1690880,54076617,60474897,6398280,58784017,6398280,52385737,0,0
60480065,362,1,1639430,50536468,60480065,9943597,58840635,9943597,48897038,0,0
61514721,369,1,1685757,51674887,61514721,9839834,59828964,9839834,49989130,0,0
61703528,403,1,1690836,53829899,61703528,7873629,60012692,7873629,52139063,0,0
61815944,443,1,1691611,56379822,61815944,5436122,60124333,5436122,54688211,0,0
61970526,465,1,1692806,57859604,61970526,4110922,60277720,4110922,56166798,0,0
62225802,379,1,1690337,52798756,62225802,9427046,60535465,9427046,51108419,0,0
62437814,358,1,1639246,50536468,62437814,11901346,60798568,11901346,48897222,0,0
62476786,458,1,1692001,57072405,62476786,5404381,60784785,5404381,55380404,0,0
62543303,459,1,1692014,57165242,62543303,5378061,60851289,5378061,55473228,0,0
62755059,425,1,1690919,55984802,62755059,6770257,61064140,6770257,54293883,0,0
63356806,387,1,1690724,53541080,63356806,9815726,61666082,9815726,51850356,0,0
63504829,423,1,1690911,55659252,63504829,7845577,61813918,7845577,53968341,0,0
63880471,430,1,1691309,55984802,63880471,7895669,62189162,7895669,54293493,0,0
63979878,478,8,1730719,59984958,63979878,3994920,62249159,3994920,58254239,0,0
63992781,417,1,1690887,54304912,63992781,9687869,62301894,9687869,52614025,0,0
64745313,355,8,1619883,50536468,64745313,14208845,63125430,14208845,48916585,0,0
64750711,480,4,1754118,64745313,64750711,5398,62996593,5398,62991195,0,0
64955533,481,4,1766927,64745313,64955533,210220,63188606,210220,62978386,0,0
64964070,482,1,1773103,64745313,64964070,218757,63190967,218757,62972210,0,0
65088356,427,1,1691226,55984802,65088356,9103554,63397130,9103554,54293576,0,0
65404424,392,1,1690759,53674216,65404424,11730208,63713665,11730208,51983457,0,0
65458603,391,1,1690752,53667656,65458603,11790947,63767851,11790947,51976904,0,0
65487655,400,1,1690813,53829899,65487655,11657756,63796842,11657756,52139086,0,0
65666297,452,1,1691827,56826131,65666297,8840166,63974470,8840166,55134304,0,0
65666708,484,4,1775797,65666297,65666708,411,63890911,411,63890500,0,0
65808513,483,8,1774938,64955533,65808513,852980,64033575,852980,63180595,0,0
65976520,422,1,1690906,55339313,65976520,10637207,64285614,10637207,53648407,0,0
66141252,479,8,1740302,63979878,66141252,2161374,64400950,2161374,62239576,0,0
66985667,373,1,1690269,51924843,66985667,15060824,65295398,15060824,50234574,0,0
67081440,416,1,1690886,54157595,67081440,12923845,65390554,12923845,52466709,0,0
67403799,485,8,1806785,65808513,67403799,1595286,65597014,1595286,64001728,0,0
67727118,431,1,1691328,55984802,67727118,11742316,66035790,11742316,54293474,0,0
67735607,432,1,1691363,55984802,67735607,11750805,66044244,11750805,54293439,0,0
67907557,487,8,1821990,67735607,67907557,171950,66085567,171950,65913617,0,0
67909228,490,4,1842655,67907557,67909228,1671,66066573,1671,66064902,0,0
67995762,492,4,1844396,67909228,67995762,86534,66151366,86534,66064832,0,0
68015444,488,4,1840397,67907557,68015444,107887,66175047,107887,66067160,0,0
68187399,468,1,1703761,59063828,68187399,9123571,66483638,9123571,57360067,0,0
68232622,447,1,1691721,56612770,68232622,11619852,66540901,11619852,54921049,0,0
68328441,420,1,1690898,55306806,68328441,13021635,66637543,13021635,53615908,0,0
68392361,491,1,1842658,67907557,68392361,484804,66549703,484804,66064899,0,0
68585509,466,1,1692810,58208299,68585509,10377210,66892699,10377210,56515489,0,0
68622067,489,1,1842565,67907557,68622067,714510,66779502,714510,66064992,0,0
68850497,493,8,1845539,68015444,68850497,835053,67004958,835053,66169905,0,0
68927364,436,1,1691458,56091595,68927364,12835769,67235906,12835769,54400137,0,0
68969999,494,4,1845683,68392361,68969999,577638,67124316,577638,66546678,0,0
69385728,496,4,1846107,68969999,69385728,415729,67539621,415729,67123892,0,0
70547830,419,1,1690894,54371980,70547830,16175850,68856936,16175850,52681086,0,0
72814153,486,16,1811759,67403799,72814153,5410354,71002394,5410354,65592040,0,0
72834892,500,8,1862599,72814153,72834892,20739,70972293,20739,70951554,0,0
72836914,505,8,1867662,72834892,72836914,2022,70969252,2022,70967230,0,0
72851517,507,1,1873295,72836914,72851517,14603,70978222,14603,70963619,0,0
72888830,509,1,1874029,72836914,72888830,51916,71014801,51916,70962885,0,0
73089404,501,1,1862795,72814153,73089404,275251,71226609,275251,70951358,0,0
73098515,502,4,1863192,72814153,73098515,284362,71235323,284362,70950961,0,0
73124588,504,1,1864812,72814153,73124588,310435,71259776,310435,70949341,0,0
73139491,506,8,1872651,72836914,73139491,302577,71266840,302577,70964263,0,0
73216159,511,1,1876368,73098515,73216159,117644,71339791,117644,71222147,0,0
73300457,396,1,1690786,53829899,73300457,19470558,71609671,19470558,52139113,0,0
73308211,495,8,1845693,68850497,73308211,4457714,71462518,4457714,67004804,0,0
73342132,508,1,1874026,72836914,73342132,505218,71468106,505218,70962888,0,0
74021613,510,8,1875106,73098515,74021613,923098,72146507,923098,71223409,0,0
75635782,399,1,1690807,53829899,75635782,21805883,73944975,21805883,52139092,0,0
75642037,440,1,1691558,56091595,75642037,19550442,73950479,19550442,54400037,0,0
76482459,374,1,1690276,52798756,76482459,23683703,74792183,23683703,51108480,0,0
76499833,513,16,1884835,76482459,76499833,17374,74614998,17374,74597624,0,0
76522089,514,8,1886160,76499833,76522089,22256,74635929,22256,74613673,0,0
76646921,460,1,1692034,57243076,76646921,19403845,74954887,19403845,55551042,0,0
76769459,497,4,1853263,69385728,76769459,7383731,74916196,7383731,67532465,0,0
77300753,517,8,1895072,76499833,77300753,800920,75405681,800920,74604761,0,0
77816483,192,8,1251444,29829842,77816483,47986641,76565039,47986641,28578398,0,0
77819028,520,4,1925297,77816483,77819028,2545,75893731,2545,75891186,0,0
77872132,390,1,1690745,53640481,77872132,24231651,76181387,24231651,51949736,0,0
77875052,515,1,1889386,76499833,77875052,1375219,75985666,1375219,74610447,0,0
77979932,503,4,1863316,72814153,77979932,5165779,76116616,5165779,70950837,0,0
78377970,525,1,1934900,77872132,78377970,505838,76443070,505838,75937232,0,0
78464992,523,4,1931786,77872132,78464992,592860,76533206,592860,75940346,0,0
78719548,524,1,1934815,77872132,78719548,847416,76784733,847416,75937317,0,0
78880715,529,4,1943224,78464992,78880715,415723,76937491,415723,76521768,0,0
78883777,532,1,1944973,78880715,78883777,3062,76938804,3062,76935742,0,0
78920427,531,4,1944769,78880715,78920427,39712,76975658,39712,76935946,0,0
79888433,521,1,1925580,77816483,79888433,2071950,77962853,2071950,75890903,0,0
80110974,499,1,1860327,69385728,80110974,10725246,78250647,10725246,67525401,0,0
80461723,512,16,1879956,73308211,80461723,7153512,78581767,7153512,71428255,0,0
80475863,534,4,1949120,80461723,80475863,14140,78526743,14140,78512603,0,0
80603399,530,1,1944018,78464992,80603399,2138407,78659381,2138407,76520974,0,0
80626163,474,1,1713634,59500512,80626163,21125651,78912529,21125651,57786878,0,0
80889350,120,8,1114093,19991513,80889350,60897837,79775257,60897837,18877420,0,0
81263060,475,1,1713637,59500512,81263060,21762548,79549423,21762548,57786875,0,0
82102815,535,8,1951848,80461723,82102815,1641092,80150967,1641092,78509875,0,0
82806562,539,8,1957199,80889350,82806562,1917212,80849363,1917212,78932151,0,0
82807398,552,1,1966322,82806562,82807398,836,80841076,836,80840240,0,0
82807694,556,1,1974128,82806562,82807694,1132,80833566,1132,80832434,0,0
82808113,551,1,1966298,82806562,82808113,1551,80841815,1551,80840264,0,0
82835066,550,1,1966274,82806562,82835066,28504,80868792,28504,80840288,0,0
82890972,548,1,1966198,82806562,82890972,84410,80924774,84410,80840364,0,0
82892738,544,1,1965715,82806562,82892738,86176,80927023,86176,80840847,0,0
82943132,541,8,1959609,82102815,82943132,840317,80983523,840317,80143206,0,0
82959748,560,2,1978854,82943132,82959748,16616,80980894,16616,80964278,0,0
82970689,545,1,1965766,82806562,82970689,164127,81004923,164127,80840796,0,0
83029636,546,1,1966138,82806562,83029636,223074,81063498,223074,80840424,0,0
83032177,555,1,1972359,82806562,83032177,225615,81059818,225615,80834203,0,0
83161232,549,1,1966249,82806562,83161232,354670,81194983,354670,80840313,0,0
83215856,554,1,1969507,82806562,83215856,409294,81246349,409294,80837055,0,0
83377433,553,1,1968041,82806562,83377433,570871,81409392,570871,80838521,0,0
83389687,450,1,1691783,56826131,83389687,26563556,81697904,26563556,55134348,0,0
83413785,543,1,1964282,82806562,83413785,607223,81449503,607223,80842280,0,0
83608515,542,8,1961540,82806562,83608515,801953,81646975,801953,80845022,0,0
83651368,547,1,1966174,82806562,83651368,844806,81685194,844806,80840388,0,0
83659074,533,4,1946210,78920427,83659074,4738647,81712864,4738647,76974217,0,0
83815986,561,8,1978879,83608515,83815986,207471,81837107,207471,81629636,0,0
84070070,562,2,1979101,83608515,84070070,461555,82090969,461555,81629414,0,0
84276373,537,1,1952436,80461723,84276373,3814650,82323937,3814650,78509287,0,0
84404310,526,1,1935047,77872132,84404310,6532178,82469263,6532178,75937085,0,0
84561859,565,8,1980098,83815986,84561859,745873,82581761,745873,81835888,0,0
84589841,567,2,1981247,84561859,84589841,27982,82608594,27982,82580612,0,0
84639439,569,1,1982000,84561859,84639439,77580,82657439,77580,82579859,0,0
84656204,568,1,1981979,84561859,84656204,94345,82674225,94345,82579880,0,0
84693262,576,2,1996785,84561859,84693262,131403,82696477,131403,82565074,0,0
84709189,405,1,1690850,53829899,84709189,30879290,83018339,30879290,52139049,0,0
84998568,577,4,1999867,84709189,84998568,289379,82998701,289379,82709322,0,0
85477184,564,2,1979172,83608515,85477184,1868669,83498012,1868669,81629343,0,0
86017025,571,1,1982224,84561859,86017025,1455166,84034801,1455166,82579635,0,0
86127735,578,4,1999889,84998568,86127735,1129167,84127846,1129167,82998679,0,0
86374617,444,1,1691634,56479514,86374617,29895103,84682983,29895103,54787880,0,0
86466799,579,4,1999909,86127735,86466799,339064,84466890,339064,84127826,0,0
86573916,575,1,1988402,84561859,86573916,2012057,84585514,2012057,82573457,0,0
86592285,570,1,1982201,84561859,86592285,2030426,84610084,2030426,82579658,0,0
87386274,516,1,1889570,76499833,87386274,10886441,85496704,10886441,74610263,0,0
87432197,461,1,1692048,57695359,87432197,29736838,85740149,29736838,56003311,0,0
87712502,462,1,1692068,57717960,87712502,29994542,86020434,29994542,56025892,0,0
88142561,522,4,1930098,77819028,88142561,10323533,86212463,10323533,75888930,0,0
88452453,10,1,880076,880076,88452453,87572377,87572377,87572377,0,0,0
88767412,581,8,2001905,88142561,88767412,624851,86765507,624851,86140656,0,0
88813922,582,4,2001933,88767412,88813922,46510,86811989,46510,86765479,0,0
88924376,583,1,2006324,88767412,88924376,156964,86918052,156964,86761088,0,0
89220960,538,4,1952823,80461723,89220960,8759237,87268137,8759237,78508900,0,0
89806080,585,1,2006559,88767412,89806080,1038668,87799521,1038668,86760853,0,0
90125949,584,1,2006497,88767412,90125949,1358537,88119452,1358537,86760915,0,0
90320630,536,1,1952420,80461723,90320630,9858907,88368210,9858907,78509303,0,0
90720832,558,2,1978456,82806562,90720832,7914270,88742376,7914270,80828106,0,0
91216155,580,4,1999956,86466799,91216155,4749356,89216199,4749356,84466843,0,0
91219891,597,1,2007995,91216155,91219891,3736,89211896,3736,89208160,0,0
91244677,601,1,2008130,91216155,91244677,28522,89236547,28522,89208025,0,0
91249380,592,1,2007925,91216155,91249380,33225,89241455,33225,89208230,0,0
91263215,598,1,2008086,91216155,91263215,47060,89255129,47060,89208069,0,0
91290320,599,1,2008098,91216155,91290320,74165,89282222,74165,89208057,0,0
91294243,595,1,2007965,91216155,91294243,78088,89286278,78088,89208190,0,0
91321782,593,1,2007937,91216155,91321782,105627,89313845,105627,89208218,0,0
91323841,600,1,2008116,91216155,91323841,107686,89315725,107686,89208039,0,0
91518161,588,1,2007737,91216155,91518161,302006,89510424,302006,89208418,0,0
91525787,591,1,2007912,91216155,91525787,309632,89517875,309632,89208243,0,0
91605459,590,1,2007847,91216155,91605459,389304,89597612,389304,89208308,0,0
91606973,594,1,2007948,91216155,91606973,390818,89599025,390818,89208207,0,0
91700780,596,1,2007980,91216155,91700780,484625,89692800,484625,89208175,0,0
91796072,557,1,1974659,82806562,91796072,8989510,89821413,8989510,80831903,0,0
91929877,587,8,2007731,91216155,91929877,713722,89922146,713722,89208424,0,0
91931826,603,1,2008146,91929877,91931826,1949,89923680,1949,89921731,0,0
91982626,604,1,2008157,91929877,91982626,52749,89974469,52749,89921720,0,0
91985821,605,1,2008170,91929877,91985821,55944,89977651,55944,89921707,0,0
92082339,589,1,2007756,91216155,92082339,866184,90074583,866184,89208399,0,0
92152440,518,8,1895143,76522089,92152440,15630351,90257297,15630351,74626946,0,0
92155126,613,1,2008386,92152440,92155126,2686,90146740,2686,90144054,0,0
92181247,614,1,2008408,92152440,92181247,28807,90172839,28807,90144032,0,0
92185255,607,1,2008290,92152440,92185255,32815,90176965,32815,90144150,0,0
92284361,540,1,1957901,80889350,92284361,11395011,90326460,11395011,78931449,0,0
92435577,612,1,2008376,92152440,92435577,283137,90427201,283137,90144064,0,0
92539309,610,1,2008353,92152440,92539309,386869,90530956,386869,90144087,0,0
92589089,611,1,2008366,92152440,92589089,436649,90580723,436649,90144074,0,0
92775163,563,2,1979127,83608515,92775163,9166648,90796036,9166648,81629388,0,0
92953681,609,1,2008335,92152440,92953681,801241,90945346,801241,90144105,0,0
92986798,608,1,2008311,92152440,92986798,834358,90978487,834358,90144129,0,0
93007067,617,8,2013159,92953681,93007067,53386,90993908,53386,90940522,0,0
93045908,620,1,2058069,93007067,93045908,38841,90987839,38841,90948998,0,0
93400626,615,4,2008419,92152440,93400626,1248186,91392207,1248186,90144021,0,0
94090529,566,8,1980210,84561859,94090529,9528670,92110319,9528670,82581649,0,0
94363177,621,8,2126772,94090529,94363177,272648,92236405,272648,91963757,0,0
94369393,622,8,2133105,94363177,94369393,6216,92236288,6216,92230072,0,0
94559250,602,8,2008139,91929877,94559250,2629373,92551111,2629373,89921738,0,0
94704570,626,8,2149297,94559250,94704570,145320,92555273,145320,92409953,0,0
94715215,627,8,2150018,94704570,94715215,10645,92565197,10645,92554552,0,0
94768379,625,1,2149233,94369393,94768379,398986,92619146,398986,92220160,0,0
94945391,623,8,2136763,94369393,94945391,575998,92808628,575998,92232630,0,0
94964045,636,2,2153195,94945391,94964045,18654,92810850,18654,92792196,0,0
95123209,634,2,2153142,94945391,95123209,177818,92970067,177818,92792249,0,0
95280389,630,1,2152257,94715215,95280389,565174,93128132,565174,92562958,0,0
95308220,519,16,1918310,77816483,95308220,17491737,93389910,17491737,75898173,0,0
95387242,638,1,2153529,95308220,95387242,79022,93233713,79022,93154691,0,0
95456171,629,1,2152220,94715215,95456171,740956,93303951,740956,92562995,0,0
95669385,633,1,2152871,94945391,95669385,723994,93516514,723994,92792520,0,0
95905110,586,8,2007701,88813922,95905110,7091188,93897409,7091188,86806221,0,0
96487208,631,4,2152324,94715215,96487208,1771993,94334884,1771993,92562891,0,0
96502387,624,1,2137254,94369393,96502387,2132994,94365133,2132994,92232139,0,0
96569705,574,1,1988375,84561859,96569705,12007846,94581330,12007846,82573484,0,0
96902657,640,8,2154476,95669385,96902657,1233272,94748181,1233272,93514909,0,0
97773374,618,8,2013228,93007067,97773374,4766307,95760146,4766307,90993839,0,0
97933364,383,1,1690695,52915440,97933364,45017924,96242669,45017924,51224745,0,0
97949574,572,1,1982246,84561859,97949574,13387715,95967328,13387715,82579613,0,0
99161352,635,2,2153175,94945391,99161352,4215961,97008177,4215961,92792216,0,0
99184740,370,1,1685912,51674887,99184740,47509853,97498828,47509853,49988975,0,0
99241730,643,16,2158700,99184740,99241730,56990,97083030,56990,97026040,0,0
99245115,632,4,2152367,94945391,99245115,4299724,97092748,4299724,92793024,0,0
99247392,649,4,2186327,99245115,99247392,2277,97061065,2277,97058788,0,0
99264248,648,1,2183536,99241730,99264248,22518,97080712,22518,97058194,0,0
99318332,647,1,2182300,99241730,99318332,76602,97136032,76602,97059430,0,0
99526346,637,4,2153445,95308220,99526346,4218126,97372901,4218126,93154775,0,0
100078687,650,8,2189591,99526346,100078687,552341,97889096,552341,97336755,0,0
100086766,651,4,2190311,100078687,100086766,8079,97896455,8079,97888376,0,0
100513563,652,8,2190994,100086766,100513563,426797,98322569,426797,97895772,0,0
100557545,645,1,2162064,99241730,100557545,1315815,98395481,1315815,97079666,0,0
101630932,653,8,2191069,100513563,101630932,1117369,99439863,1117369,98322494,0,0
102347013,644,8,2161910,99241730,102347013,3105283,100185103,3105283,97079820,0,0
102347647,656,4,2197006,102347013,102347647,634,100150641,634,100150007,0,0
102366027,639,8,2153614,95308220,102366027,7057807,100212413,7057807,93154606,0,0
102403111,658,4,2200224,102366027,102403111,37084,100202887,37084,100165803,0,0
102422939,655,4,2192489,102347013,102422939,75926,100230450,75926,100154524,0,0
102439211,660,4,2206543,102403111,102439211,36100,100232668,36100,100196568,0,0
102612265,659,4,2204380,102366027,102612265,246238,100407885,246238,100161647,0,0
102640595,661,4,2206543,102422939,102640595,217656,100434052,217656,100216396,0,0
102753815,657,4,2199808,102347647,102753815,406168,100554007,406168,100147839,0,0
102968734,664,8,2207663,102753815,102968734,214919,100761071,214919,100546152,0,0
103147145,665,8,2209978,102968734,103147145,178411,100937167,178411,100758756,0,0
103684608,666,8,2215343,103147145,103684608,537463,101469265,537463,100931802,0,0
105906435,418,1,1690891,54350283,105906435,51556152,104215544,51556152,52659392,0,0
106419305,663,4,2206945,102612265,106419305,3807040,104212360,3807040,100405320,0,0
107177331,662,4,2206919,102439211,107177331,4738120,104970412,4738120,100232292,0,0
108128893,6,8,627951,627951,108128893,107500942,107500942,107500942,0,0,0
108596392,573,1,1982272,84561859,108596392,24034533,106614120,24034533,82579587,0,0
108840438,668,8,2220318,108128893,108840438,711545,106620120,711545,105908575,0,0
108875005,671,1,2223276,108840438,108875005,34567,106651729,34567,106617162,0,0
108885371,672,4,2223453,108840438,108885371,44933,106661918,44933,106616985,0,0
108939854,669,8,2220859,108840438,108939854,99416,106718995,99416,106619579,0,0
110171591,673,8,2223540,108939854,110171591,1231737,107948051,1231737,106716314,0,0
110279591,674,8,2224179,110171591,110279591,108000,108055412,108000,107947412,0,0
110381146,675,8,2225095,110279591,110381146,101555,108156051,101555,108054496,0,0
110402536,676,1,2225454,110279591,110402536,122945,108177082,122945,108054137,0,0
110518451,667,16,2218836,107177331,110518451,3341120,108299615,3341120,104958495,0,0
110589691,681,1,2237299,110518451,110589691,71240,108352392,71240,108281152,0,0
110600967,680,16,2234146,110518451,110600967,82516,108366821,82516,108284305,0,0
110611000,685,1,2249168,110600967,110611000,10033,108361832,10033,108351799,0,0
110620373,679,8,2234074,110381146,110620373,239227,108386299,239227,108147072,0,0
111090443,683,8,2239109,110600967,111090443,489476,108851334,489476,108361858,0,0
111177453,5,8,600049,600049,111177453,110577404,110577404,110577404,0,0,0
112360881,670,1,2223204,108840438,112360881,3520443,110137677,3520443,106617234,0,0
112363821,688,1,2255571,110620373,112363821,1743448,110108250,1743448,108364802,0,0
113007519,691,8,2279591,111177453,113007519,1830066,110727928,1830066,108897862,0,0
113022851,692,8,2281652,113007519,113022851,15332,110741199,15332,110725867,0,0
113043472,693,4,2285347,113022851,113043472,20621,110758125,20621,110737504,0,0
113062187,695,1,2295536,113022851,113062187,39336,110766651,39336,110727315,0,0
113144166,677,1,2227724,110279591,113144166,2864575,110916442,2864575,108051867,0,0
113239012,694,1,2288358,113022851,113239012,216161,110950654,216161,110734493,0,0
113275882,689,1,2261952,110620373,113275882,2655509,111013930,2655509,108358421,0,0
113443416,678,4,2227731,110279591,113443416,3163825,111215685,3163825,108051860,0,0
113574416,684,1,2243824,110600967,113574416,2973449,111330592,2973449,108357143,0,0
114621548,686,8,2252441,110611000,114621548,4010548,112369107,4010548,108358559,0,0
114729299,697,8,2304602,114621548,114729299,107751,112424697,107751,112316946,0,0
114907624,606,8,2008272,92152440,114907624,22755184,112899352,22755184,90144168,0,0
114997088,698,8,2305032,114729299,114997088,267789,112692056,267789,112424267,0,0
115203209,473,1,1713480,59500512,115203209,55702697,113489729,55702697,57787032,0,0
115497267,690,8,2279108,111090443,115497267,4406824,113218159,4406824,108811335,0,0
115597917,700,8,2305409,114997088,115597917,600829,113292508,600829,112691679,0,0
116402577,701,16,2305606,115597917,116402577,804660,114096971,804660,113292311,0,0
116404829,703,1,2308721,116402577,116404829,2252,114096108,2252,114093856,0,0
116437531,702,16,2308613,116402577,116437531,34954,114128918,34954,114093964,0,0
116858933,699,8,2305071,114907624,116858933,1951309,114553862,1951309,112602553,0,0
117179865,704,1,2308795,116402577,117179865,777288,114871070,777288,114093782,0,0
118733838,705,8,2309008,116437531,118733838,2296307,116424830,2296307,114128523,0,0
118739943,654,8,2191212,101630932,118739943,17109011,116548731,17109011,99439720,0,0
119920467,707,16,2310637,118739943,119920467,1180524,117609830,1180524,116429306,0,0
119925388,708,8,2310700,119920467,119925388,4921,117614688,4921,117609767,0,0
119925743,713,1,2318623,119920467,119925743,5276,117607120,5276,117601844,0,0
119935976,711,4,2314770,119920467,119935976,15509,117621206,15509,117605697,0,0
120028591,709,8,2312146,119920467,120028591,108124,117716445,108124,117608321,0,0
120140081,712,1,2317985,119920467,120140081,219614,117822096,219614,117602482,0,0
120181176,715,8,2319624,120028591,120181176,152585,117861552,152585,117708967,0,0
120548353,716,8,2322470,120181176,120548353,367177,118225883,367177,117858706,0,0
120575556,706,16,2310327,116858933,120575556,3716623,118265229,3716623,114548606,0,0
120909930,719,8,2325593,120575556,120909930,334374,118584337,334374,118249963,0,0
120931847,527,1,1936564,77872132,120931847,43059715,118995283,43059715,75935568,0,0
121120585,642,8,2157440,96902657,121120585,24217928,118963145,24217928,94745217,0,0
121259717,721,7,2329770,120909930,121259717,349787,118929947,349787,118580160,0,0
121825258,718,8,2323037,120575556,121825258,1249702,119502221,1249702,118252519,0,0
121843844,722,8,2329815,121120585,121843844,723259,119514029,723259,118790770,0,0
121863833,724,1,2330881,121825258,121863833,38575,119532952,38575,119494377,0,0
121876446,725,8,2335207,121843844,121876446,32602,119541239,32602,119508637,0,0
122175533,723,8,2330062,121825258,122175533,350275,119845471,350275,119495196,0,0
122214457,729,1,2356683,122175533,122214457,38924,119857774,38924,119818850,0,0
122250519,710,1,2313989,119920467,122250519,2330052,119936530,2330052,117606478,0,0
122497902,726,8,2336802,121876446,122497902,621456,120161100,621456,119539644,0,0
122749029,727,1,2342253,121876446,122749029,872583,120406776,872583,119534193,0,0
122947021,720,8,2326979,120909930,122947021,2037091,120620042,2037091,118582951,0,0
123121474,731,1,2365059,122497902,123121474,623572,120756415,623572,120132843,0,0
123170706,696,8,2297936,113062187,123170706,10108519,120872770,10108519,110764251,0,0
123567872,732,8,2365646,122947021,123567872,620851,121202226,620851,120581375,0,0
123918418,734,8,2372549,123567872,123918418,350546,121545869,350546,121195323,0,0
123953099,616,2,2008509,92152440,123953099,31800659,121944590,31800659,90143931,0,0
123960850,730,8,2362242,122497902,123960850,1462948,121598608,1462948,120135660,0,0
123961793,736,4,2373939,123918418,123961793,43375,121587854,43375,121544479,0,0
123968103,740,4,2379419,123961793,123968103,6310,121588684,6310,121582374,0,0
123994009,733,8,2366023,123170706,123994009,823303,121627986,823303,120804683,0,0
124069146,741,8,2379991,123994009,124069146,75137,121689155,75137,121614018,0,0
124164435,628,8,2150028,94715215,124164435,29449220,122014407,29449220,92565187,0,0
124165941,619,1,2057998,93007067,124165941,31158874,122107943,31158874,90949069,0,0
124256903,735,4,2373644,123567872,124256903,689031,121883259,689031,121194228,0,0
124513795,739,1,2377051,123960850,124513795,552945,122136744,552945,121583799,0,0
126087872,744,8,2385513,124256903,126087872,1830969,123702359,1830969,121871390,0,0
126471933,738,8,2375225,123960850,126471933,2511083,124096708,2511083,121585625,0,0
126849412,746,8,2388184,126471933,126849412,377479,124461228,377479,124083749,0,0
127453812,528,4,1941972,77979932,127453812,49473880,125511840,49473880,76037960,0,0
127858354,742,8,2381329,124069146,127858354,3789208,125477025,3789208,121687817,0,0
128817666,743,8,2384534,124164435,128817666,4653231,126433132,4653231,121779901,0,0
128927598,749,8,2404498,128817666,128927598,109932,126523100,109932,126413168,0,0
129077817,714,8,2319610,119925388,129077817,9152429,126758207,9152429,117605778,0,0
129079181,755,1,2406881,129077817,129079181,1364,126672300,1364,126670936,0,0
129697969,753,4,2406387,129077817,129697969,620152,127291582,620152,126671430,0,0
129934190,751,8,2405183,129077817,129934190,856373,127529007,856373,126672634,0,0
130045182,756,8,2407234,129934190,130045182,110992,127637948,110992,127526956,0,0
131353499,752,1,2406374,129077817,131353499,2275682,128947125,2275682,126671443,0,0
131791758,737,8,2374026,123953099,131791758,7838659,129417732,7838659,121579073,0,0
131794325,761,1,2410799,131791758,131794325,2567,129383526,2567,129380959,0,0
131809076,757,16,2407489,131791758,131809076,17318,129401587,17318,129384269,0,0
131823397,759,1,2409923,131791758,131823397,31639,129413474,31639,129381835,0,0
132033012,748,8,2403395,127858354,132033012,4174658,129629617,4174658,125454959,0,0
132476803,763,16,2413166,132033012,132476803,443791,130063637,443791,129619846,0,0
132615125,754,2,2406416,129077817,132615125,3537308,130208709,3537308,126671401,0,0
132906923,765,8,2419952,132476803,132906923,430120,130486971,430120,130056851,0,0
132977604,728,8,2344821,122175533,132977604,10802071,130632783,10802071,119830712,0,0
132999672,766,16,2419971,132977604,132999672,22068,130579701,22068,130557633,0,0
133230234,764,8,2419614,132476803,133230234,753431,130810620,753431,130057189,0,0
133270234,760,1,2410770,131791758,133270234,1478476,130859464,1478476,129380988,0,0
135040622,767,16,2420053,132999672,135040622,2040950,132620569,2040950,130579619,0,0
135130323,768,16,2420131,135040622,135130323,89701,132710192,89701,132620491,0,0
135164298,769,1,2420202,135040622,135164298,123676,132744096,123676,132620420,0,0
135196955,773,8,2446077,135130323,135196955,66632,132750878,66632,132684246,0,0
135225985,775,1,2450238,135196955,135225985,29030,132775747,29030,132746717,0,0
135330306,771,8,2435862,135040622,135330306,289684,132894444,289684,132604760,0,0
135481963,777,8,2452014,135330306,135481963,151657,133029949,151657,132878292,0,0
135538261,772,8,2446000,135130323,135538261,407938,133092261,407938,132684323,0,0
135593431,779,8,2454686,135538261,135593431,55170,133138745,55170,133083575,0,0
135672567,776,2,2450480,135196955,135672567,475612,133222087,475612,132746475,0,0
136009252,762,8,2411456,131809076,136009252,4200176,133597796,4200176,129397620,0,0
136021192,781,8,2462128,136009252,136021192,11940,133559064,11940,133547124,0,0
136023339,782,1,2464078,136009252,136023339,14087,133559261,14087,133545174,0,0
136029274,783,8,2466707,136021192,136029274,8082,133562567,8082,133554485,0,0
136477855,774,8,2446230,135196955,136477855,1280900,134031625,1280900,132750725,0,0
136821461,786,8,2479196,136477855,136821461,343606,134342265,343606,133998659,0,0
136852723,770,2,2427939,135040622,136852723,1812101,134424784,1812101,132612683,0,0
136903751,787,8,2479353,136821461,136903751,82290,134424398,82290,134342108,0,0
137566905,780,8,2454711,135593431,137566905,1973474,135112194,1973474,133138720,0,0
137647474,788,16,2480259,137566905,137647474,80569,135167215,80569,135086646,0,0
137706917,791,1,2482274,137647474,137706917,59443,135224643,59443,135165200,0,0
138086337,794,1,2483310,137647474,138086337,438863,135603027,438863,135164164,0,0
138336617,282,8,1587573,49108641,138336617,89227976,136749044,89227976,47521068,0,0
138752998,796,1,2484191,138336617,138752998,416381,136268807,416381,135852426,0,0
138755926,797,1,2484263,138336617,138755926,419309,136271663,419309,135852354,0,0
138965979,792,1,2482324,137647474,138965979,1318505,136483655,1318505,135165150,0,0
139363843,798,1,2485732,138336617,139363843,1027226,136878111,1027226,135850885,0,0
139394088,790,8,2480916,137647474,139394088,1746614,136913172,1746614,135166558,0,0
140531249,800,8,2486332,139394088,140531249,1137161,138044917,1137161,136907756,0,0
140555799,717,8,2322912,120548353,140555799,20007446,138232887,20007446,118225441,0,0
140596702,793,1,2483261,137647474,140596702,2949228,138113441,2949228,135164213,0,0
140816183,784,2,2470343,136021192,140816183,4794991,138345840,4794991,133550849,0,0
140835318,802,8,2492333,140555799,140835318,279519,138342985,279519,138063466,0,0
141261958,801,8,2487790,140531249,141261958,730709,138774168,730709,138043459,0,0
141332014,803,1,2495753,140555799,141332014,776215,138836261,776215,138060046,0,0
141561043,805,1,2497520,141261958,141561043,299085,139063523,299085,138764438,0,0
141581643,804,16,2495758,141261958,141581643,319685,139085885,319685,138766200,0,0
141692001,808,8,2502249,141581643,141692001,110358,139189752,110358,139079394,0,0
141724959,809,8,2507193,141692001,141724959,32958,139217766,32958,139184808,0,0
143361074,682,1,2237532,110518451,143361074,32842623,141123542,32842623,108280919,0,0
143502168,807,8,2501458,141581643,143502168,1920525,141000710,1920525,139080185,0,0
143595342,810,16,2509422,143502168,143595342,93174,141085920,93174,140992746,0,0
143704922,812,8,2519332,143595342,143704922,109580,141185590,109580,141076010,0,0
143713035,799,1,2485905,138336617,143713035,5376418,141227130,5376418,135850712,0,0
143731974,814,4,2528328,143704922,143731974,27052,141203646,27052,141176594,0,0
143733838,816,4,2530447,143731974,143733838,1864,141203391,1864,141201527,0,0
143735759,815,4,2530428,143704922,143735759,30837,141205331,30837,141174494,0,0
143742299,806,1,2497555,141261958,143742299,2480341,141244744,2480341,138764403,0,0
143756471,813,4,2528322,143595342,143756471,161129,141228149,161129,141067020,0,0
143840883,819,4,2533783,143735759,143840883,105124,141307100,105124,141201976,0,0
143878328,822,1,2540419,143756471,143878328,121857,141337909,121857,141216052,0,0
144018791,811,8,2512642,143595342,144018791,423449,141506149,423449,141082700,0,0
144051622,826,4,2550621,144018791,144051622,32831,141501001,32831,141468170,0,0
144203884,825,2,2548896,144018791,144203884,185093,141654988,185093,141469895,0,0
144216281,827,4,2550634,144051622,144216281,164659,141665647,164659,141500988,0,0
144377408,789,8,2480826,137647474,144377408,6729934,141896582,6729934,135166648,0,0
144382086,687,8,2252454,110620373,144382086,33761713,142129632,33761713,108367919,0,0
144463485,828,4,2553029,144203884,144463485,259601,141910456,259601,141650855,0,0
144474405,837,2,2662093,144463485,144474405,10920,141812312,10920,141801392,0,0
144532505,831,1,2605962,144377408,144532505,155097,141926543,155097,141771446,0,0
144580958,818,4,2533763,143733838,144580958,847120,142047195,847120,141200075,0,0
144646434,830,8,2560075,144377408,144646434,269026,142086359,269026,141817333,0,0
144758594,823,4,2541525,143840883,144758594,917711,142217069,917711,141299358,0,0
144805119,835,2,2662056,144382086,144805119,423033,142143063,423033,141720030,0,0
144805697,834,2,2662033,144382086,144805697,423611,142143664,423611,141720053,0,0
144874358,838,2,2662112,144463485,144874358,410873,142212246,410873,141801373,0,0
144958832,820,1,2536859,143735759,144958832,1223073,142421973,1223073,141198900,0,0
145045813,839,1,2662181,144474405,145045813,571408,142383632,571408,141812224,0,0
145159632,832,1,2632713,144382086,145159632,777546,142526919,777546,141749373,0,0
145178595,845,4,2662324,144758594,145178595,420001,142516271,420001,142096270,0,0
145367492,847,1,2662359,145178595,145367492,188897,142705133,188897,142516236,0,0
145640409,842,1,2662251,144646434,145640409,993975,142978158,993975,141984183,0,0
145732706,848,1,2662435,145178595,145732706,554111,143070271,554111,142516160,0,0
145743002,846,4,2662348,145178595,145743002,564407,143080654,564407,142516247,0,0
145864159,850,4,2668600,145743002,145864159,121157,143195559,121157,143074402,0,0
145927101,851,4,2668703,145864159,145927101,62942,143258398,62942,143195456,0,0
146001072,849,4,2666580,145732706,146001072,268366,143334492,268366,143066126,0,0
146113596,854,4,2703145,146001072,146113596,112524,143410451,112524,143297927,0,0
146122359,856,1,2705681,146113596,146122359,8763,143416678,8763,143407915,0,0
146157835,841,4,2662218,144646434,146157835,1511401,143495617,1511401,141984216,0,0
146175209,852,4,2671185,145927101,146175209,248108,143504024,248108,143255916,0,0
146186440,853,1,2671801,145927101,146186440,259339,143514639,259339,143255300,0,0
146479055,821,8,2538363,143756471,146479055,2722584,143940692,2722584,141218108,0,0
146572760,855,4,2703279,146113596,146572760,459164,143869481,459164,143410317,0,0
146800714,840,4,2662195,144580958,146800714,2219756,144138519,2219756,141918763,0,0
146949308,858,8,2705757,146479055,146949308,470253,144243551,470253,143773298,0,0
146978864,861,2,2736332,146949308,146978864,29556,144242532,29556,144212976,0,0
146989769,844,1,2662314,144646434,146989769,2343335,144327455,2343335,141984120,0,0
147260863,860,8,2725043,146949308,147260863,311555,144535820,311555,144224265,0,0
147346938,868,1,2736548,147260863,147346938,86075,144610390,86075,144524315,0,0
147467616,824,2,2541943,143840883,147467616,3626733,144925673,3626733,141298940,0,0
147555851,859,8,2712874,146800714,147555851,755137,144842977,755137,144087840,0,0
147700216,871,4,2736613,147555851,147700216,144365,144963603,144365,144819238,0,0
147937124,836,2,2662074,144382086,147937124,3555038,145275050,3555038,141720012,0,0
148004580,863,2,2736378,146949308,148004580,1055272,145268202,1055272,144212930,0,0
148185063,843,1,2662291,144646434,148185063,3538629,145522772,3538629,141984143,0,0
148439552,866,1,2736499,147260863,148439552,1178689,145703053,1178689,144524364,0,0
148470045,750,8,2404645,128927598,148470045,19542447,146065400,19542447,126522953,0,0
148513408,874,16,2737382,148470045,148513408,43363,145776026,43363,145732663,0,0
148533823,875,16,2737400,148513408,148533823,20415,145796423,20415,145776008,0,0
148592739,876,1,2738244,148513408,148592739,79331,145854495,79331,145775164,0,0
148690142,878,8,2738352,148533823,148690142,156319,145951790,156319,145795471,0,0
148696598,880,8,2738970,148690142,148696598,6456,145957628,6456,145951172,0,0
148772775,870,4,2736582,147555851,148772775,1216924,146036193,1216924,144819269,0,0
148847278,877,1,2738257,148513408,148847278,333870,146109021,333870,145775151,0,0
149302304,817,1,2532070,143731974,149302304,5570330,146770234,5570330,141199904,0,0
149350623,747,8,2403373,126849412,149350623,22501211,146947250,22501211,124446039,0,0
149444157,881,8,2739645,148696598,149444157,747559,146704512,747559,145956953,0,0
149784368,829,4,2553043,144216281,149784368,5568087,147231325,5568087,141663238,0,0
149835172,883,8,2742538,149444157,149835172,391015,147092634,391015,146701619,0,0
149921023,885,8,2742912,149835172,149921023,85851,147178111,85851,147092260,0,0
149945777,867,4,2736539,147260863,149945777,2684914,147209238,2684914,144524324,0,0
149978219,872,1,2736623,147555851,149978219,2422368,147241596,2422368,144819228,0,0
150642833,862,2,2736359,146949308,150642833,3693525,147906474,3693525,144212949,0,0
150717490,865,2,2736420,147260863,150717490,3456627,147981070,3456627,144524443,0,0
151245897,886,8,2743072,149921023,151245897,1324874,148502825,1324874,147177951,0,0
151255921,890,1,2750632,151245897,151255921,10024,148505289,10024,148495265,0,0
151264514,864,2,2736397,146978864,151264514,4285650,148528117,4285650,144242467,0,0
151307039,887,8,2743102,151245897,151307039,61142,148563937,61142,148502795,0,0
151328505,857,8,2705699,146175209,151328505,5153296,148622806,5153296,143469510,0,0
151354229,894,4,2754107,151328505,151354229,25724,148600122,25724,148574398,0,0
151437060,891,8,2753751,151264514,151437060,172546,148683309,172546,148510763,0,0
151441524,893,4,2753761,151328505,151441524,113019,148687763,113019,148574744,0,0
151805865,884,8,2742846,149784368,151805865,2021497,149063019,2021497,147041522,0,0
151826445,898,1,2755645,151805865,151826445,20580,149070800,20580,149050220,0,0
152367747,897,8,2755596,151805865,152367747,561882,149612151,561882,149050269,0,0
152556136,896,8,2755390,151441524,152556136,1114612,149800746,1114612,148686134,0,0
152698748,889,1,2745477,151245897,152698748,1452851,149953271,1452851,148500420,0,0
152923503,879,8,2738353,148533823,152923503,4389680,150185150,4389680,145795470,0,0
153191820,895,8,2755202,151437060,153191820,1754760,150436618,1754760,148681858,0,0
153239056,869,1,2736572,147260863,153239056,5978193,150502484,5978193,144524291,0,0
153314133,903,4,2762657,153191820,153314133,122313,150551476,122313,150429163,0,0
153505689,904,1,2762982,153191820,153505689,313869,150742707,313869,150428838,0,0
153926079,902,4,2759413,153191820,153926079,734259,151166666,734259,150432407,0,0
153934844,905,8,2767308,153926079,153934844,8765,151167536,8765,151158771,0,0
153964679,909,1,2769560,153934844,153964679,29835,151195119,29835,151165284,0,0
154372523,833,1,2632777,144382086,154372523,9990437,151739746,9990437,141749309,0,0
154549219,795,8,2483315,138336617,154549219,16212602,152065904,16212602,135853302,0,0
154593744,899,8,2756946,152367747,154593744,2225997,151836798,2225997,149610801,0,0
154715581,908,8,2769355,153934844,154715581,780737,151946226,780737,151165489,0,0
154717885,912,4,2771579,154715581,154717885,2304,151946306,2304,151944002,0,0
154760613,916,2,2783923,154715581,154760613,45032,151976690,45032,151931658,0,0
154769586,906,1,2768096,153926079,154769586,843507,152001490,843507,151157983,0,0
154770720,918,4,2786487,154717885,154770720,52835,151984233,52835,151931398,0,0
154852728,914,2,2782504,154715581,154852728,137147,152070224,137147,151933077,0,0
154886550,917,2,2784159,154715581,154886550,170969,152102391,170969,151931422,0,0
154910217,758,1,2409759,131791758,154910217,23118459,152500458,23118459,129381999,0,0
154923111,910,8,2769942,154549219,154923111,373892,152153169,373892,151779277,0,0
154953787,913,1,2777405,154715581,154953787,238206,152176382,238206,151938176,0,0
155127395,923,1,2790636,154886550,155127395,240845,152336759,240845,152095914,0,0
155209865,892,8,2753753,151307039,155209865,3902826,152456112,3902826,148553286,0,0
155210649,928,1,2798007,155209865,155210649,784,152412642,784,152411858,0,0
155212904,559,8,1978795,82943132,155212904,72269772,153234109,72269772,80964337,0,0
155214307,927,1,2797842,155209865,155214307,4442,152416465,4442,152412023,0,0
155223977,925,4,2796000,155209865,155223977,14112,152427977,14112,152413865,0,0
155259224,920,1,2787947,154770720,155259224,488504,152471277,488504,151982773,0,0
155288617,929,1,2799257,155209865,155288617,78752,152489360,78752,152410608,0,0
155289597,931,1,2801211,155288617,155289597,980,152488386,980,152487406,0,0
155310673,935,1,2804436,155288617,155310673,22056,152506237,22056,152484181,0,0
155314667,933,1,2801505,155288617,155314667,26050,152513162,26050,152487112,0,0
155340443,936,1,2804850,155288617,155340443,51826,152535593,51826,152483767,0,0
155349331,901,8,2758563,152923503,155349331,2425828,152590768,2425828,150164940,0,0
155357183,921,4,2788649,154886550,155357183,470633,152568534,470633,152097901,0,0
155369535,915,2,2782611,154715581,155369535,653954,152586924,653954,151932970,0,0
155409544,938,1,2806604,155289597,155409544,119947,152602940,119947,152482993,0,0
155618700,926,1,2796380,155209865,155618700,408835,152822320,408835,152413485,0,0
155666738,911,8,2770483,154593744,155666738,1072994,152896255,1072994,151823261,0,0
155693168,932,1,2801445,155288617,155693168,404551,152891723,404551,152487172,0,0
155783699,919,4,2786492,154770720,155783699,1012979,152997207,1012979,151984228,0,0
155786195,943,1,2809529,155783699,155786195,2496,152976666,2496,152974170,0,0
155937722,930,16,2800248,155288617,155937722,649105,153137474,649105,152488369,0,0
155960826,950,1,2811290,155937722,155960826,23104,153149536,23104,153126432,0,0
155989839,948,1,2811215,155937722,155989839,52117,153178624,52117,153126507,0,0
155998172,922,1,2788786,154886550,155998172,1111622,153209386,1111622,152097764,0,0
156007457,944,8,2810181,155937722,156007457,69735,153197276,69735,153127541,0,0
156010824,951,4,2811545,156007457,156010824,3367,153199279,3367,153195912,0,0
156116557,940,8,2807448,155666738,156116557,449819,153309109,449819,152859290,0,0
156266054,953,4,2811641,156007457,156266054,258597,153454413,258597,153195816,0,0
156273060,954,16,2812234,156266054,156273060,7006,153460826,7006,153453820,0,0
156296542,956,1,2816767,156273060,156296542,23482,153479775,23482,153456293,0,0
156389743,957,1,2821978,156273060,156389743,116683,153567765,116683,153451082,0,0
156446359,942,1,2808913,155783699,156446359,662660,153637446,662660,152974786,0,0
156740595,958,8,2822534,156273060,156740595,467535,153918061,467535,153450526,0,0
156790356,959,8,2824767,156740595,156790356,49761,153965589,49761,153915828,0,0
156843774,949,1,2811277,155937722,156843774,906052,154032497,906052,153126445,0,0
156860135,960,8,2825556,156790356,156860135,69779,154034579,69779,153964800,0,0
156866224,962,1,2826624,156860135,156866224,6089,154039600,6089,154033511,0,0
157041253,945,8,2810304,155937722,157041253,1103531,154230949,1103531,153127418,0,0
157044312,961,8,2826337,156860135,157044312,184177,154217975,184177,154033798,0,0
157425692,964,4,2828503,157044312,157425692,381380,154597189,381380,154215809,0,0
157447830,947,1,2810948,155937722,157447830,1510108,154636882,1510108,153126774,0,0
157451923,937,1,2805539,155288617,157451923,2163306,154646384,2163306,152483078,0,0
158118095,963,16,2828497,157044312,158118095,1073783,155289598,1073783,154215815,0,0
158215931,965,16,2828509,158118095,158215931,97836,155387422,97836,155289586,0,0
158232672,966,8,2829120,158215931,158232672,16741,155403552,16741,155386811,0,0
158287599,941,8,2807547,155783699,158287599,2503900,155480052,2503900,152976152,0,0
158323085,969,8,2831821,158232672,158323085,90413,155491264,90413,155400851,0,0
158433045,970,8,2832444,158287599,158433045,145446,155600601,145446,155455155,0,0
158747042,882,8,2739712,149350623,158747042,9396419,156007330,9396419,146610911,0,0
159020007,967,4,2830160,158215931,159020007,804076,156189847,804076,155385771,0,0
159044125,973,16,2836301,159020007,159044125,24118,156207824,24118,156183706,0,0
159241946,412,1,1690875,53931769,159241946,105310177,157551071,105310177,52240894,0,0
159250313,975,8,2838323,159044125,159250313,206188,156411990,206188,156205802,0,0
159317488,977,4,2839259,159250313,159317488,67175,156478229,67175,156411054,0,0
159323965,934,1,2803110,155288617,159323965,4035348,156520855,4035348,152485507,0,0
159324395,978,8,2839393,159317488,159324395,6907,156485002,6907,156478095,0,0
159356361,979,4,2839402,159324395,159356361,31966,156516959,31966,156484993,0,0
159502173,907,1,2768658,153926079,159502173,5576094,156733515,5576094,151157421,0,0
159558856,968,4,2830704,158215931,159558856,1342925,156728152,1342925,155385227,0,0
159875923,974,4,2837460,159044125,159875923,831798,157038463,831798,156206665,0,0
159973051,981,8,2839809,159875923,159973051,97128,157133242,97128,157036114,0,0
160058321,982,4,2841605,159973051,160058321,85270,157216716,85270,157131446,0,0
160086755,976,8,2838710,159241946,160086755,844809,157248045,844809,156403236,0,0
160308835,987,4,2850083,160086755,160308835,222080,157458752,222080,157236672,0,0
160749714,873,1,2736644,147555851,160749714,13193863,158013070,13193863,144819207,0,0
160861974,900,8,2758515,152556136,160861974,8305838,158103459,8305838,149797621,0,0
160963373,988,8,2855060,160308835,160963373,654538,158108313,654538,157453775,0,0
161092395,646,8,2170440,99241730,161092395,61850665,158921955,61850665,97071290,0,0
161104456,995,1,2877619,161092395,161104456,12061,158226837,12061,158214776,0,0
161128061,989,4,2855387,160749714,161128061,378347,158272674,378347,157894327,0,0
161156951,992,1,2877471,160963373,161156951,193578,158279480,193578,158085902,0,0
161159057,993,1,2877529,161092395,161159057,66662,158281528,66662,158214866,0,0
161178893,985,1,2844243,160058321,161178893,1120572,158334650,1120572,157214078,0,0
161315947,952,1,2811581,156007457,161315947,5308490,158504366,5308490,153195876,0,0
161362772,994,1,2877562,161092395,161362772,270377,158485210,270377,158214833,0,0
161409898,986,1,2845707,160058321,161409898,1351577,158564191,1351577,157212614,0,0
161418808,996,16,2880718,161409898,161418808,8910,158538090,8910,158529180,0,0
161420017,983,4,2842212,159973051,161420017,1446966,158577805,1446966,157130839,0,0
161431677,999,1,2882057,161418808,161431677,12869,158549620,12869,158536751,0,0
161437806,980,8,2839765,159356361,161437806,2081445,158598041,2081445,156516596,0,0
161478421,1009,4,2890440,161437806,161478421,40615,158587981,40615,158547366,0,0
161507381,972,16,2836299,158433045,161507381,3074336,158671082,3074336,155596746,0,0
161510437,1015,1,2893482,161507381,161510437,3056,158616955,3056,158613899,0,0
161510513,1014,1,2893452,161507381,161510513,3132,158617061,3132,158613929,0,0
161512696,1001,4,2882440,161418808,161512696,93888,158630256,93888,158536368,0,0
161515228,1022,1,2896131,161512696,161515228,2532,158619097,2532,158616565,0,0
161522515,1003,1,2882730,161418808,161522515,103707,158639785,103707,158536078,0,0
161539236,1011,8,2891633,161507381,161539236,31855,158647603,31855,158615748,0,0
161553715,1017,1,2893731,161510437,161553715,43278,158659984,43278,158616706,0,0
161564353,997,1,2880886,161418808,161564353,145545,158683467,145545,158537922,0,0
161566049,1006,4,2888982,161418808,161566049,147241,158677067,147241,158529826,0,0
161580110,1000,1,2882080,161418808,161580110,161302,158698030,161302,158536728,0,0
161680800,778,8,2454643,135481963,161680800,26198837,159226157,26198837,133027320,0,0
161684002,1026,1,2904303,161680800,161684002,3202,158779699,3202,158776497,0,0
161696262,1010,8,2891585,161507381,161696262,188881,158804677,188881,158615796,0,0
161698229,1013,1,2891773,161507381,161698229,190848,158806456,190848,158615608,0,0
161769181,1005,1,2886973,161418808,161769181,350373,158882208,350373,158531835,0,0
161785659,1007,1,2889623,161420017,161785659,365642,158896036,365642,158530394,0,0
161851252,1016,1,2893671,161507381,161851252,343871,158957581,343871,158613710,0,0
161928464,1020,1,2894811,161512696,161928464,415768,159033653,415768,158617885,0,0
162034210,998,1,2882011,161418808,162034210,615402,159152199,615402,158536797,0,0
162058061,1025,8,2899350,161680800,162058061,377261,159158711,377261,158781450,0,0
162173388,924,8,2795275,154923111,162173388,7250277,159378113,7250277,152127836,0,0
162231573,1004,1,2883291,161418808,162231573,812765,159348282,812765,158535517,0,0
162246287,1028,8,2907066,161696262,162246287,550025,159339221,550025,158789196,0,0
162293152,1027,1,2905196,161680800,162293152,612352,159387956,612352,158775604,0,0
162327173,1023,1,2898363,161515228,162327173,811945,159428810,811945,158616865,0,0
162441250,1019,1,2893851,161512696,162441250,928554,159547399,928554,158618845,0,0
162522660,1029,8,2907856,162058061,162522660,464599,159614804,464599,159150205,0,0
162540965,990,8,2857028,160861974,162540965,1678991,159683937,1678991,158004946,0,0
162562769,1031,1,2910102,162173388,162562769,389381,159652667,389381,159263286,0,0
162593030,1034,1,2924989,162562769,162593030,30261,159668041,30261,159637780,0,0
162870908,1012,4,2891765,161507381,162870908,1363527,159979143,1363527,158615616,0,0
162943971,888,1,2743130,151245897,162943971,11698074,160200841,11698074,148502767,0,0
163071883,1024,8,2899015,161539236,163071883,1532647,160172868,1532647,158640221,0,0
163288042,1032,16,2917513,162522660,163288042,765382,160370529,765382,159605147,0,0
163296568,1039,1,2968473,163288042,163296568,8526,160328095,8526,160319569,0,0
163297004,1037,1,2961144,163288042,163297004,8962,160335860,8962,160326898,0,0
163299756,1048,1,2978540,163296568,163299756,3188,160321216,3188,160318028,0,0
163315558,1044,1,2972870,163288042,163315558,27516,160342688,27516,160315172,0,0
163319185,1040,4,2969900,163288042,163319185,31143,160349285,31143,160318142,0,0
163322308,1053,1,2982970,163319185,163322308,3123,160339338,3123,160336215,0,0
163327188,1041,1,2971369,163288042,163327188,39146,160355819,39146,160316673,0,0
163360548,1050,1,2980938,163299756,163360548,60792,160379610,60792,160318818,0,0
163390358,1051,1,2982335,163315558,163390358,74800,160408023,74800,160333223,0,0
163411987,1052,1,2982676,163319185,163411987,92802,160429311,92802,160336509,0,0
163421889,1046,1,2977576,163288042,163421889,133847,160444313,133847,160310466,0,0
163438034,1033,16,2924100,162562769,163438034,875265,160513934,875265,159638669,0,0
163612581,971,1,2836246,158287599,163612581,5324982,160776335,5324982,155451353,0,0
163785609,1049,1,2980720,163297004,163785609,488605,160804889,488605,160316284,0,0
163803864,1035,1,2925137,162562769,163803864,1241095,160878727,1241095,159637632,0,0
163905100,745,8,2388060,126087872,163905100,37817228,161517040,37817228,123699812,0,0
163920544,1061,1,2991731,163421889,163920544,498655,160928813,498655,160430158,0,0
163994470,1042,1,2972754,163288042,163994470,706428,161021716,706428,160315288,0,0
164098096,1021,1,2894838,161512696,164098096,2585400,161203258,2585400,158617858,0,0
164152498,1059,1,2991710,163390358,164152498,762140,161160788,762140,160398648,0,0
164234989,1036,16,2941883,163288042,164234989,946947,161293106,946947,160346159,0,0
164241287,1065,8,2997034,164234989,164241287,6298,161244253,6298,161237955,0,0
164394441,1066,8,3001711,164241287,164394441,153154,161392730,153154,161239576,0,0
164563312,1067,8,3001927,164394441,164563312,168871,161561385,168871,161392514,0,0
164575723,1068,8,3002159,164563312,164575723,12411,161573564,12411,161561153,0,0
164576697,1069,8,3003144,164575723,164576697,974,161573553,974,161572579,0,0
164582707,1057,1,2991688,163327188,164582707,1255519,161591019,1255519,160335500,0,0
164603090,1018,1,2893819,161510513,164603090,3092577,161709271,3092577,158616694,0,0
164847922,1070,1,3004977,164575723,164847922,272199,161842945,272199,161570746,0,0
164908799,1047,1,2978463,163288042,164908799,1620757,161930336,1620757,160309579,0,0
164925709,1072,1,3005325,164576697,164925709,349012,161920384,349012,161571372,0,0
165141892,1074,1,3005404,164576697,165141892,565195,162136488,565195,161571293,0,0
165285309,939,8,2807374,155349331,165285309,9935978,162477935,9935978,152541957,0,0
165726361,1002,1,2882601,161418808,165726361,4307553,162843760,4307553,158536207,0,0
165741177,1056,1,2991676,163322308,165741177,2418869,162749501,2418869,160330632,0,0
165834039,1064,16,2996428,164234989,165834039,1599050,162837611,1599050,161238561,0,0
165883764,1063,8,2996127,163438034,165883764,2445730,162887637,2445730,160441907,0,0
165921133,1078,8,3013782,165883764,165921133,37369,162907351,37369,162869982,0,0
165950999,1080,1,3015678,165921133,165950999,29866,162935321,29866,162905455,0,0
166002478,1077,4,3013382,165834039,166002478,168439,162989096,168439,162820657,0,0
166002630,1081,1,3018107,165921133,166002630,81497,162984523,81497,162903026,0,0
166032648,1084,1,3018622,166002478,166032648,30170,163014026,30170,162983856,0,0
166059521,1079,8,3015240,165921133,166059521,138388,163044281,138388,162905893,0,0
166149278,1055,1,2991565,163319185,166149278,2830093,163157713,2830093,160327620,0,0
166401747,1030,8,2908848,162173388,166401747,4228359,163492899,4228359,159264540,0,0
166417585,1086,4,3020342,166401747,166417585,15838,163397243,15838,163381405,0,0
166866198,1073,1,3005327,164576697,166866198,2289501,163860871,2289501,161571370,0,0
167203066,1058,1,2991699,163360548,167203066,3842518,164211367,3842518,160368849,0,0
167582099,1083,1,3018485,166002478,167582099,1579621,164563614,1579621,162983993,0,0
167777999,1082,8,3018469,166002478,167777999,1775521,164759530,1775521,162984009,0,0
167886219,1089,1,3043312,167777999,167886219,108220,164842907,108220,164734687,0,0
167946760,1088,8,3028259,167777999,167946760,168761,164918501,168761,164749740,0,0
168808281,1090,8,3045237,167946760,168808281,861521,165763044,861521,164901523,0,0
168937553,1091,8,3045764,168808281,168937553,129272,165891789,129272,165762517,0,0
169032459,250,8,1422864,41415273,169032459,127617186,167609595,127617186,39992409,0,0
169746962,1087,8,3025072,166417585,169746962,3329377,166721890,3329377,163392513,0,0
170221673,1045,1,2972871,163288042,170221673,6933631,167248802,6933631,160315171,0,0
170823479,1093,8,3045805,169032459,170823479,1791020,167777674,1791020,165986654,0,0
170827719,1096,8,3046093,170823479,170827719,4240,167781626,4240,167777386,0,0
171626985,1092,8,3045783,168937553,171626985,2689432,168581202,2689432,165891770,0,0
171642748,1098,1,3051645,171626985,171642748,15763,168591103,15763,168575340,0,0
171661008,1097,16,3050600,171626985,171661008,34023,168610408,34023,168576385,0,0
171706412,1054,1,2989800,163319185,171706412,8387227,168716612,8387227,160329385,0,0
171839346,1099,4,3053148,171661008,171839346,178338,168786198,178338,168607860,0,0
171862735,1102,1,3055049,171839346,171862735,23389,168807686,23389,168784297,0,0
171985199,1106,1,3056064,171839346,171985199,145853,168929135,145853,168783282,0,0
172006887,1108,1,3056816,171839346,172006887,167541,168950071,167541,168782530,0,0
172015309,1105,1,3055728,171839346,172015309,175963,168959581,175963,168783618,0,0
172085827,1062,8,2995996,163438034,172085827,8647793,169089831,8647793,160442038,0,0
172121199,1107,1,3056638,171839346,172121199,281853,169064561,281853,168782708,0,0
172546656,1076,8,3013225,165834039,172546656,6712617,169533431,6712617,162820814,0,0
172620680,1103,1,3055589,171839346,172620680,781334,169565091,781334,168783757,0,0
173047716,1109,8,3057117,172085827,173047716,961889,169990599,961889,169028710,0,0
173053701,1111,8,3058804,173047716,173053701,5985,169994897,5985,169988912,0,0
173076217,641,8,2156743,95905110,173076217,77171107,170919474,77171107,93748367,0,0
173189342,1060,1,2991721,163411987,173189342,9777355,170197621,9777355,160420266,0,0
173195662,1114,8,3059698,173189342,173195662,6320,170135964,6320,170129644,0,0
173266753,785,8,2472181,136029274,173266753,37237479,170794572,37237479,133557093,0,0
173543280,1113,8,3059668,173076217,173543280,467063,170483612,467063,170016549,0,0
173621991,1117,8,3060417,173543280,173621991,78711,170561574,78711,170482863,0,0
173631551,1118,1,3064913,173543280,173631551,88271,170566638,88271,170478367,0,0
173703726,1119,8,3065037,173621991,173703726,81735,170638689,81735,170556954,0,0
173710629,1124,8,3069894,173703726,173710629,6903,170640735,6903,170633832,0,0
173728558,1129,1,3073639,173710629,173728558,17929,170654919,17929,170636990,0,0
173747335,984,4,2842353,160058321,173747335,13689014,170904982,13689014,157215968,0,0
173901967,1095,8,3046027,170221673,173901967,3680294,170855940,3680294,167175646,0,0
173913451,1135,1,3081141,173901967,173913451,11484,170832310,11484,170820826,0,0
173922875,991,8,2867960,160963373,173922875,12959502,171054915,12959502,158095413,0,0
173926130,1134,1,3081111,173901967,173926130,24163,170845019,24163,170820856,0,0
173966593,1094,8,3045855,169746962,173966593,4219631,170920738,4219631,166701107,0,0
174048991,1136,8,3082127,173922875,174048991,126116,170966864,126116,170840748,0,0
174068018,1127,1,3072346,173710629,174068018,357389,170995672,357389,170638283,0,0
174068636,1043,1,2972813,163288042,174068636,10780594,171095823,10780594,160315229,0,0
174103859,1128,1,3072686,173710629,174103859,393230,171031173,393230,170637943,0,0
174129941,1125,1,3070169,173710629,174129941,419312,171059772,419312,170640460,0,0
174136619,946,1,2810895,155937722,174136619,18198897,171325724,18198897,153126827,0,0
174181622,1130,8,3075245,173747335,174181622,434287,171106377,434287,170672090,0,0
174188159,1112,4,3059288,173053701,174188159,1134458,171128871,1134458,169994413,0,0
174200639,1126,1,3070500,173710629,174200639,490010,171130139,490010,170640129,0,0
174302924,1132,1,3079575,173901967,174302924,400957,171223349,400957,170822392,0,0
174367038,1138,16,3082912,174181622,174367038,185416,171284126,185416,171098710,0,0
174383941,1122,1,3068173,173621991,174383941,761950,171315768,761950,170553818,0,0
174669551,1110,8,3058458,172546656,174669551,2122895,171611093,2122895,169488198,0,0
174751519,1141,8,3086361,174669551,174751519,81968,171665158,81968,171583190,0,0
174815856,1143,4,3088134,174751519,174815856,64337,171727722,64337,171663385,0,0
174880010,1101,8,3053861,171839346,174880010,3040664,171826149,3040664,168785485,0,0
175248866,1142,8,3088041,174751519,175248866,497347,172160825,497347,171663478,0,0
175295191,1145,8,3095341,175248866,175295191,46325,172199850,46325,172153525,0,0
175305437,1147,1,3097131,175295191,175305437,10246,172208306,10246,172198060,0,0
175326671,1116,8,3060000,173266753,175326671,2059918,172266671,2059918,170206753,0,0
175373566,1149,1,3102509,175326671,175373566,46895,172271057,46895,172224162,0,0
175528903,1139,16,3082926,174367038,175528903,1161865,172445977,1161865,171284112,0,0
175591456,1148,8,3099547,175326671,175591456,264785,172491909,264785,172227124,0,0
175758527,1120,1,3065304,173621991,175758527,2136536,172693223,2136536,170556687,0,0
176030618,1137,8,3082170,173966593,176030618,2064025,172948448,2064025,170884423,0,0
176043393,1152,16,3107889,176030618,176043393,12775,172935504,12775,172922729,0,0
176124157,1153,16,3114349,176043393,176124157,80764,173009808,80764,172929044,0,0
176241050,1123,1,3068989,173631551,176241050,2609499,173172061,2609499,170562562,0,0
177166128,1131,1,3078680,173901967,177166128,3264161,174087448,3264161,170823287,0,0
177396716,1104,1,3055694,171839346,177396716,5557370,174341022,5557370,168783652,0,0
177820488,1140,8,3083693,174367038,177820488,3453450,174736795,3453450,171283345,0,0
178008630,1154,16,3114403,176124157,178008630,1884473,174894227,1884473,173009754,0,0
178010727,1155,16,3114442,178008630,178010727,2097,174896285,2097,174894188,0,0
178023624,1163,4,3151206,178010727,178023624,12897,174872418,12897,174859521,0,0
178044044,1159,1,3122038,178010727,178044044,33317,174922006,33317,174888689,0,0
178071310,1156,8,3114754,178008630,178071310,62680,174956556,62680,174893876,0,0
178076989,1164,8,3156300,178071310,178076989,5679,174920689,5679,174915010,0,0
178174615,1158,8,3114803,178010727,178174615,163888,175059812,163888,174895924,0,0
178341563,1146,8,3095703,175295191,178341563,3046372,175245860,3046372,172199488,0,0
178441264,1150,8,3104922,175528903,178441264,2912361,175336342,2912361,172423981,0,0
178457084,1168,1,3165566,178341563,178457084,115521,175291518,115521,175175997,0,0
178463922,1161,1,3137006,178010727,178463922,453195,175326916,453195,174873721,0,0
178483769,1165,4,3156678,178071310,178483769,412459,175327091,412459,174914632,0,0
178572804,1167,4,3163733,178341563,178572804,231241,175409071,231241,175177830,0,0
179423125,1172,8,3167276,178441264,179423125,981861,176255849,981861,175273988,0,0
179607000,1170,1,3166276,178341563,179607000,1265437,176440724,1265437,175175287,0,0
179832646,1100,8,3053489,171661008,179832646,8171638,176779157,8171638,168607519,0,0
180014336,1171,1,3166329,178341563,180014336,1672773,176848007,1672773,175175234,0,0
180041062,1160,1,3136944,178010727,180041062,2030335,176904118,2030335,174873783,0,0
180318094,1169,1,3165603,178341563,180318094,1976531,177152491,1976531,175175960,0,0
180426504,1176,8,3186211,180318094,180426504,108410,177240293,108410,177131883,0,0
180473711,1173,8,3167913,178572804,180473711,1900907,177305798,1900907,175404891,0,0
180508991,1182,1,3193448,180318094,180508991,190897,177315543,190897,177124646,0,0
180997234,1181,1,3193441,180318094,180997234,679140,177803793,679140,177124653,0,0
181534111,1166,16,3157915,178174615,181534111,3359496,178376196,3359496,175016700,0,0
181574428,1201,1,3193537,180473711,181574428,1100717,178380891,1100717,177280174,0,0
181658897,1075,8,3005983,165285309,181658897,16373588,178652914,16373588,162279326,0,0
181719885,1214,1,3193586,181534111,181719885,185774,178526299,185774,178340525,0,0
181778118,1216,1,3193593,181534111,181778118,244007,178584525,244007,178340518,0,0
181781687,1215,1,3193590,181534111,181781687,247576,178588097,247576,178340521,0,0
181883303,1224,1,3193628,181658897,181883303,224406,178689675,224406,178465269,0,0
181989970,1175,4,3183638,179832646,181989970,2157324,178806332,2157324,176649008,0,0
182231040,1233,1,3193663,181989970,182231040,241070,179037377,241070,178796307,0,0
182274548,1180,1,3193437,180318094,182274548,1956454,179081111,1956454,177124657,0,0
182431921,1195,1,3193505,180473711,182431921,1958210,179238416,1958210,177280206,0,0
182500648,1178,1,3188566,180318094,182500648,2182554,179312082,2182554,177129528,0,0
182556081,1187,1,3193467,180426504,182556081,2129577,179362614,2129577,177233037,0,0
182565787,1177,1,3188296,180318094,182565787,2247693,179377491,2247693,177129798,0,0
182609547,1185,1,3193459,180318094,182609547,2291453,179416088,2291453,177124635,0,0
182663333,1213,1,3193582,181534111,182663333,1129222,179469751,1129222,178340529,0,0
182766894,1221,1,3193612,181658897,182766894,1107997,179573282,1107997,178465285,0,0
183030660,1208,1,3193562,181534111,183030660,1496549,179837098,1496549,178340549,0,0
183067999,1210,1,3193572,181534111,183067999,1533888,179874427,1533888,178340539,0,0
183091107,1225,1,3193632,181658897,183091107,1432210,179897475,1432210,178465265,0,0
183103521,1220,1,3193608,181574428,183103521,1529093,179909913,1529093,178380820,0,0
183648368,1199,1,3193525,180473711,183648368,3174657,180454843,3174657,177280186,0,0
183661094,1234,1,3193667,181989970,183661094,1671124,180467427,1671124,178796303,0,0
183687855,1188,1,3193471,180426504,183687855,3261351,180494384,3261351,177233033,0,0
183893693,1236,1,3193678,181989970,183893693,1903723,180700015,1903723,178796292,0,0
184297912,1189,1,3193474,180426504,184297912,3871408,181104438,3871408,177233030,0,0
184465741,1204,1,3193548,181534111,184465741,2931630,181272193,2931630,178340563,0,0
185030573,1231,1,3193655,181781687,185030573,3248886,181836918,3248886,178588032,0,0
185231645,1206,1,3193555,181534111,185231645,3697534,182038090,3697534,178340556,0,0
185339555,1200,1,3193529,180473711,185339555,4865844,182146026,4865844,177280182,0,0
185341913,1196,1,3193509,180473711,185341913,4868202,182148404,4868202,177280202,0,0
185387510,1190,1,3193479,180426504,185387510,4961006,182194031,4961006,177233025,0,0
185395231,1205,1,3193551,181534111,185395231,3861120,182201680,3861120,178340560,0,0
185431262,1223,1,3193624,181658897,185431262,3772365,182237638,3772365,178465273,0,0
185481203,1212,1,3193578,181534111,185481203,3947092,182287625,3947092,178340533,0,0
185534369,1197,1,3193513,180473711,185534369,5060658,182340856,5060658,177280198,0,0
186550685,1218,1,3193600,181534111,186550685,5016574,183357085,5016574,178340511,0,0
186609158,1217,1,3193597,181534111,186609158,5075047,183415561,5075047,178340514,0,0
186648071,1227,1,3193640,181658897,186648071,4989174,183454431,4989174,178465257,0,0
187616378,1191,1,3193483,180426504,187616378,7189874,184422895,7189874,177233021,0,0
189086738,498,1,1860323,69385728,189086738,119701010,187226415,119701010,67525405,0,0
189728934,1179,1,3193433,180318094,189728934,9410840,186535501,9410840,177124661,0,0
189785775,1144,7,3088486,174880010,189785775,14905765,186697289,14905765,171791524,0,0
190854461,1237,8,3193759,189785775,190854461,1068686,187660702,1068686,186592016,0,0
191065267,1133,1,3079721,173901967,191065267,17163300,187985546,17163300,170822246,0,0
191221870,1226,1,3193637,181658897,191221870,9562973,188028233,9562973,178465260,0,0
191238937,1183,1,3193452,180318094,191238937,10920843,188045485,10920843,177124642,0,0
192267548,1085,8,3019184,166059521,192267548,26208027,189248364,26208027,163040337,0,0
192470300,1192,1,3193487,180426504,192470300,12043796,189276813,12043796,177233017,0,0
194863844,1194,1,3193499,180473711,194863844,14390133,191670345,14390133,177280212,0,0
194964030,1121,1,3067957,173621991,194964030,21342039,191896073,21342039,170554034,0,0
195792884,1239,16,3227030,194863844,195792884,929040,192565854,929040,191636814,0,0
195858056,1240,8,3231294,195792884,195858056,65172,192626762,65172,192561590,0,0
195959005,1244,1,3251739,195858056,195959005,100949,192707266,100949,192606317,0,0
196233052,1241,1,3237897,195792884,196233052,440168,192995155,440168,192554987,0,0
196643421,1162,1,3138858,178010727,196643421,18632694,193504563,18632694,174871869,0,0
196775758,1243,1,3251588,195858056,196775758,917702,193524170,917702,192606468,0,0
196841850,1242,16,3244126,195858056,196841850,983794,193597724,983794,192613930,0,0
196894000,1246,8,3255235,196841850,196894000,52150,193638765,52150,193586615,0,0
197191484,1071,8,3005048,164576697,197191484,32614787,194186436,32614787,161571649,0,0
197358177,1248,8,3260958,197191484,197358177,166693,194097219,166693,193930526,0,0
197769867,1184,1,3193455,180318094,197769867,17451773,194576412,17451773,177124639,0,0
197872350,1193,1,3193495,180426504,197872350,17445846,194678855,17445846,177233009,0,0
199078219,1247,8,3255384,196894000,199078219,2184219,195822835,2184219,193638616,0,0
199218323,1157,8,3114770,178010727,199218323,21207596,196103553,21207596,174895957,0,0
200133883,1250,8,3270949,199078219,200133883,1055664,196862934,1055664,195807270,0,0
200191247,1249,8,3265631,197358177,200191247,2833070,196925616,2833070,194092546,0,0
200252371,1255,1,3279710,200191247,200252371,61124,196972661,61124,196911537,0,0
200330040,1253,8,3276864,200191247,200330040,138793,197053176,138793,196914383,0,0
200389200,1259,1,3329599,200330040,200389200,59160,197059601,59160,197000441,0,0
200845159,1256,4,3310232,200191247,200845159,653912,197534927,653912,196881015,0,0
200866189,1262,1,3335050,200845159,200866189,21030,197531139,21030,197510109,0,0
200903712,1263,1,3338630,200845159,200903712,58553,197565082,58553,197506529,0,0
200909600,1207,1,3193559,181534111,200909600,19375489,197716041,19375489,178340552,0,0
200986811,1261,1,3333053,200845159,200986811,141652,197653758,141652,197512106,0,0
201018723,1229,1,3193648,181719885,201018723,19298838,197825075,19298838,178526237,0,0
201047480,1258,1,3316252,200330040,201047480,717440,197731228,717440,197013788,0,0
201080397,1266,1,3342588,201018723,201080397,61674,197737809,61674,197676135,0,0
201200150,1265,8,3342378,201018723,201200150,181427,197857772,181427,197676345,0,0
202153989,1267,1,3342636,201018723,202153989,1135266,198811353,1135266,197676087,0,0
202170497,1230,1,3193652,181778118,202170497,20392379,198976845,20392379,178584466,0,0
202876195,1268,8,3343017,201200150,202876195,1676045,199533178,1676045,197857133,0,0
203131969,955,4,2814649,156273060,203131969,46858909,200317320,46858909,153458411,0,0
203294678,1260,8,3330983,200845159,203294678,2449519,199963695,2449519,197514176,0,0
203299928,1038,8,2964423,163288042,203299928,40011886,200335505,40011886,160323619,0,0
203670763,1251,8,3271106,199218323,203670763,4452440,200399657,4452440,195947217,0,0
203953285,1008,4,2890017,161437806,203953285,42515479,201063268,42515479,158547789,0,0
204199011,1269,16,3343960,203294678,204199011,904333,200855051,904333,199950718,0,0
204212477,1272,16,3344326,204199011,204212477,13466,200868151,13466,200854685,0,0
204217364,1274,8,3350039,204212477,204217364,4887,200867325,4887,200862438,0,0
204218135,1276,8,3357468,204217364,204218135,771,200860667,771,200859896,0,0
204423404,1273,8,3345422,204199011,204423404,224393,201077982,224393,200853589,0,0
204506976,1275,8,3356017,204212477,204506976,294499,201150959,294499,200856460,0,0
205445319,1277,20,3357934,204506976,205445319,938343,202087385,938343,201149042,0,0
205445730,1282,1,3359134,205445319,205445730,411,202086596,411,202086185,0,0
205455750,1280,1,3359133,205445319,205455750,10431,202096617,10431,202086186,0,0
205474703,1284,4,3359587,205445319,205474703,29384,202115116,29384,202085732,0,0
205483217,1290,1,3360234,205445319,205483217,37898,202122983,37898,202085085,0,0
205540881,1270,16,3344094,203670763,205540881,1870118,202196787,1870118,200326669,0,0
205542350,1301,1,3362009,205540881,205542350,1469,202180341,1469,202178872,0,0
205544947,1304,1,3362093,205540881,205544947,4066,202182854,4066,202178788,0,0
205554364,1293,8,3360334,205474703,205554364,79661,202194030,79661,202114369,0,0
205557234,1283,1,3359380,205445319,205557234,111915,202197854,111915,202085939,0,0
205567034,1294,1,3360356,205474703,205567034,92331,202206678,92331,202114347,0,0
205575075,1281,1,3359133,205445319,205575075,129756,202215942,129756,202086186,0,0
205578434,1279,1,3359133,205445319,205578434,133115,202219301,133115,202086186,0,0
205772492,1289,1,3360183,205445319,205772492,327173,202412309,327173,202085136,0,0
205779171,1295,1,3360396,205474703,205779171,304468,202418775,304468,202114307,0,0
205811753,1285,1,3359789,205445319,205811753,366434,202451964,366434,202085530,0,0
205828785,1302,1,3362054,205540881,205828785,287904,202466731,287904,202178827,0,0
205864445,1303,1,3362076,205540881,205864445,323564,202502369,323564,202178805,0,0
205948632,1299,8,3361217,205540881,205948632,407751,202587415,407751,202179664,0,0
206132239,1296,1,3360548,205474703,206132239,657536,202771691,657536,202114155,0,0
206328052,1297,1,3360708,205474703,206328052,853349,202967344,853349,202113995,0,0
206598352,1292,1,3360328,205445319,206598352,1153033,203238024,1153033,202084991,0,0
206769624,1211,1,3193575,181534111,206769624,25235513,203576049,25235513,178340536,0,0
206904358,1245,8,3252017,196841850,206904358,10062508,203652341,10062508,193589833,0,0
206958603,1298,1,3361170,205474703,206958603,1483900,203597433,1483900,202113533,0,0
207334630,1151,8,3107807,175528903,207334630,31805727,204226823,31805727,172421096,0,0
207470099,1291,1,3360284,205445319,207470099,2024780,204109815,2024780,202085035,0,0
207481335,1287,1,3359893,205445319,207481335,2036016,204121442,2036016,202085426,0,0
207616634,1307,16,3362445,207334630,207616634,282004,204254189,282004,203972185,0,0
207630461,1308,16,3362465,207616634,207630461,13827,204267996,13827,204254169,0,0
207632616,1311,1,3363038,207630461,207632616,2155,204269578,2155,204267423,0,0
207648340,1278,16,3358054,205445319,207648340,2203021,204290286,2203021,202087265,0,0
207650016,1327,1,3366667,207648340,207650016,1676,204283349,1676,204281673,0,0
207656525,1319,1,3364413,207648340,207656525,8185,204292112,8185,204283927,0,0
207682337,1322,1,3365657,207648340,207682337,33997,204316680,33997,204282683,0,0
207737720,1315,1,3363614,207630461,207737720,107259,204374106,107259,204266847,0,0
207746734,1310,1,3362983,207630461,207746734,116273,204383751,116273,204267478,0,0
207757012,1316,1,3363638,207630461,207757012,126551,204393374,126551,204266823,0,0
207808343,1288,1,3359921,205445319,207808343,2363024,204448422,2363024,202085398,0,0
207836336,1326,8,3365948,207648340,207836336,187996,204470388,187996,204282392,0,0
207843962,1323,1,3365692,207648340,207843962,195622,204478270,195622,204282648,0,0
208095435,1235,1,3193670,181989970,208095435,26105465,204901765,26105465,178796300,0,0
208262260,1309,8,3362801,207630461,208262260,631799,204899459,631799,204267660,0,0
208340314,1321,1,3365150,207648340,208340314,691974,204975164,691974,204283190,0,0
208973282,1328,8,3367697,207836336,208973282,1136946,205605585,1136946,204468639,0,0
208974457,1331,1,3369000,208973282,208974457,1175,205605457,1175,205604282,0,0
208978393,1317,1,3363638,207630461,208978393,1347932,205614755,1347932,204266823,0,0
209191258,1329,8,3367724,208262260,209191258,928998,205823534,928998,204894536,0,0
209222035,1320,1,3365017,207648340,209222035,1573695,205857018,1573695,204283323,0,0
209331081,1314,1,3363614,207630461,209331081,1700620,205967467,1700620,204266847,0,0
209473146,1332,1,3369102,208973282,209473146,499864,206104044,499864,205604180,0,0
209502265,1333,4,3370210,208973282,209502265,528983,206132055,528983,205603072,0,0
209844706,1324,1,3365714,207648340,209844706,2196366,206478992,2196366,204282626,0,0
210129538,1334,4,3370237,209191258,210129538,938280,206759301,938280,205821021,0,0
210339663,1318,8,3363912,207648340,210339663,2691323,206975751,2691323,204284428,0,0
210353312,1336,8,3370630,210129538,210353312,223774,206982682,223774,206758908,0,0
210355507,1202,1,3193540,180508991,210355507,29846516,207161967,29846516,177315451,0,0
210378022,1337,8,3370849,210339663,210378022,38359,207007173,38359,206968814,0,0
210644912,1286,1,3359853,205445319,210644912,5199593,207285059,5199593,202085466,0,0
211367105,1330,8,3367749,208973282,211367105,2393823,207999356,2393823,205605533,0,0
212072725,1340,16,3374496,211367105,212072725,705620,208698229,705620,207992609,0,0
212297055,1341,16,3374520,212072725,212297055,224330,208922535,224330,208698205,0,0
212298000,1344,8,3400170,212297055,212298000,945,208897830,945,208896885,0,0
212419001,1345,8,3400242,212298000,212419001,121001,209018759,121001,208897758,0,0
212425395,1346,8,3401046,212419001,212425395,6394,209024349,6394,209017955,0,0
212466122,1338,1,3371378,210339663,212466122,2126459,209094744,2126459,206968285,0,0
212529063,1335,8,3370534,209331081,212529063,3197982,209158529,3197982,205960547,0,0
212537223,1348,16,3402699,212529063,212537223,8160,209134524,8160,209126364,0,0
212554916,1350,1,3404105,212529063,212554916,25853,209150811,25853,209124958,0,0
212596038,1354,1,3409100,212537223,212596038,58815,209186938,58815,209128123,0,0
212601069,1352,1,3404165,212529063,212601069,72006,209196904,72006,209124898,0,0
212607315,1357,1,3411603,212537223,212607315,70092,209195712,70092,209125620,0,0
212644290,1342,4,3399195,212072725,212644290,571565,209245095,571565,208673530,0,0
212644814,1347,1,3402672,212419001,212644814,225813,209242142,225813,209016329,0,0
212654408,1361,4,3418942,212644290,212654408,10118,209235466,10118,209225348,0,0
212670907,1254,1,3279636,200191247,212670907,12479660,209391271,12479660,196911611,0,0
212723603,1351,1,3404131,212529063,212723603,194540,209319472,194540,209124932,0,0
212738575,1306,1,3362419,205948632,212738575,6789943,209376156,6789943,202586213,0,0
212748315,1360,4,3415395,212537223,212748315,211092,209332920,211092,209121828,0,0
212759291,1364,1,3419511,212748315,212759291,10976,209339780,10976,209328804,0,0
212808820,1362,8,3419095,212748315,212808820,60505,209389725,60505,209329220,0,0
212821466,1349,1,3402969,212529063,212821466,292403,209418497,292403,209126094,0,0
212985469,1363,1,3419422,212748315,212985469,237154,209566047,237154,209328893,0,0
212987557,1355,1,3409908,212537223,212987557,450334,209577649,450334,209127315,0,0
213074917,1300,1,3361468,205540881,213074917,7534036,209713449,7534036,202179413,0,0
213096332,1356,1,3411546,212537223,213096332,559109,209684786,559109,209125677,0,0
213154462,1271,1,3344219,203670763,213154462,9483699,209810243,9483699,200326544,0,0
213264158,1257,4,3310362,200330040,213264158,12934118,209953796,12934118,197019678,0,0
214648820,1359,1,3412047,212537223,214648820,2111597,211236773,2111597,209125176,0,0
214650366,1373,1,3428247,214648820,214650366,1546,211222119,1546,211220573,0,0
214719147,1365,16,3420130,214648820,214719147,70327,211299017,70327,211228690,0,0
214721509,1252,8,3273178,200133883,214721509,14587626,211448331,14587626,196860705,0,0
214747957,1368,1,3427475,214648820,214747957,99137,211320482,99137,211221345,0,0
214881932,1379,1,3437574,214721509,214881932,160423,211444358,160423,211283935,0,0
214905245,1376,1,3437032,214721509,214905245,183736,211468213,183736,211284477,0,0
214944782,1343,8,3399506,212297055,214944782,2647727,211545276,2647727,208897549,0,0
215077091,1377,1,3437326,214721509,215077091,355582,211639765,355582,211284183,0,0
215276887,1378,1,3437452,214721509,215276887,555378,211839435,555378,211284057,0,0
215495869,1375,8,3435762,214721509,215495869,774360,212060107,774360,211285747,0,0
215500511,1380,8,3439192,214944782,215500511,555729,212061319,555729,211505590,0,0
215527411,1366,1,3426265,214648820,215527411,878591,212101146,878591,211222555,0,0
215660150,1369,1,3427983,214648820,215660150,1011330,212232167,1011330,211220837,0,0
215944816,1382,1,3442593,215495869,215944816,448947,212502223,448947,212053276,0,0
216040754,1367,1,3426742,214648820,216040754,1391934,212614012,1391934,211222078,0,0
216286814,1325,1,3365736,207648340,216286814,8638474,212921078,8638474,204282604,0,0
216538614,1372,1,3428118,214648820,216538614,1889794,213110496,1889794,211220702,0,0
219166187,1174,8,3168827,179423125,219166187,39743062,215997360,39743062,176254298,0,0
219208401,1203,1,3193544,180997234,219208401,38211167,216014857,38211167,177803690,0,0
219550658,1370,1,3428071,214648820,219550658,4901838,216122587,4901838,211220749,0,0
220419906,1353,8,3406034,212537223,220419906,7882683,217013872,7882683,209131189,0,0
220985413,1383,16,3443428,219166187,220985413,1819226,217541985,1819226,215722759,0,0
220986956,1389,1,3444884,220985413,220986956,1543,217542072,1543,217540529,0,0
220987450,1392,1,3444948,220985413,220987450,2037,217542502,2037,217540465,0,0
220991069,1387,1,3444524,220985413,220991069,5656,217546545,5656,217540889,0,0
221001752,1391,1,3444925,220985413,221001752,16339,217556827,16339,217540488,0,0
221044390,1396,1,3445081,220985413,221044390,58977,217599309,58977,217540332,0,0
221282584,1388,1,3444873,220985413,221282584,297171,217837711,297171,217540540,0,0
221364752,1386,1,3444367,220985413,221364752,379339,217920385,379339,217541046,0,0
221425744,1394,1,3445013,220985413,221425744,440331,217980731,440331,217540400,0,0
221586386,1390,1,3444910,220985413,221586386,600973,218141476,600973,217540503,0,0
222497815,1395,1,3445055,220985413,222497815,1512402,219052760,1512402,217540358,0,0
222552852,1198,1,3193517,180473711,222552852,42079141,219359335,42079141,177280194,0,0
222748967,1186,1,3193463,180426504,222748967,42322463,219555504,42322463,177233041,0,0
223036544,1264,1,3340533,200845159,223036544,22191385,219696011,22191385,197504626,0,0
223532004,1398,8,3447475,222748967,223532004,783037,220084529,783037,219301492,0,0
223652813,1312,1,3363209,207630461,223652813,16022352,220289604,16022352,204267252,0,0
223770642,1399,8,3448088,223532004,223770642,238638,220322554,238638,220083916,0,0
223810689,1228,1,3193644,181658897,223810689,42151792,220617045,42151792,178465253,0,0
224336814,1397,1,3445118,220985413,224336814,3351401,220891696,3351401,217540295,0,0
224387604,1385,8,3443903,220985413,224387604,3402191,220943701,3402191,217541510,0,0
226391379,1401,8,3449285,224387604,226391379,2003775,222942094,2003775,220938319,0,0
226416995,1402,8,3449324,226391379,226416995,25616,222967671,25616,222942055,0,0
226436448,1403,1,3455383,226391379,226436448,45069,222981065,45069,222935996,0,0
226485957,1407,4,3483316,226391379,226485957,94578,223002641,94578,222908063,0,0
226597513,1405,1,3478648,226391379,226597513,206134,223118865,206134,222912731,0,0
226688306,1406,1,3482800,226391379,226688306,296927,223205506,296927,222908579,0,0
226920991,1404,1,3458247,226391379,226920991,529612,223462744,529612,222933132,0,0
228391237,1305,16,3362331,205948632,228391237,22442605,225028906,22442605,202586301,0,0
228540860,1412,4,3490509,228391237,228540860,149623,225050351,149623,224900728,0,0
228542655,1410,8,3486210,228391237,228542655,151418,225056445,151418,224905027,0,0
228544279,1413,8,3497355,228542655,228544279,1624,225046924,1624,225045300,0,0
228692099,1408,16,3484665,228391237,228692099,300862,225207434,300862,224906572,0,0
228693758,1417,4,3500240,228692099,228693758,1659,225193518,1659,225191859,0,0
228766997,1371,1,3428093,214648820,228766997,14118177,225338904,14118177,211220727,0,0
229088078,1409,1,3485998,228391237,229088078,696841,225602080,696841,224905239,0,0
229285042,1416,4,3499991,228692099,229285042,592943,225785051,592943,225192108,0,0
229406038,1411,1,3487778,228391237,229406038,1014801,225918260,1014801,224903459,0,0
229489584,1414,8,3498818,228544279,229489584,945305,225990766,945305,225045461,0,0
229628543,1419,8,3501455,229489584,229628543,138959,226127088,138959,225988129,0,0
229639889,1420,8,3501679,229628543,229639889,11346,226138210,11346,226126864,0,0
229758682,1418,16,3500440,229285042,229758682,473640,226258242,473640,225784602,0,0
229784097,1415,8,3498887,228692099,229784097,1091998,226285210,1091998,225193212,0,0
229788297,1424,4,3502023,229784097,229788297,4200,226286274,4200,226282074,0,0
229846000,1421,8,3501680,229639889,229846000,206111,226344320,206111,226138209,0,0
229869379,1426,8,3503418,229846000,229869379,23379,226365961,23379,226342582,0,0
229976493,1422,8,3501849,229758682,229976493,217811,226474644,217811,226256833,0,0
230353991,1313,1,3363305,207630461,230353991,22723530,226990686,22723530,204267156,0,0
230401579,1432,1,3511645,230353991,230401579,47588,226889934,47588,226842346,0,0
230907805,1339,8,3371496,210353312,230907805,20554493,227536309,20554493,206981816,0,0
230913483,1433,8,3512747,230907805,230913483,5678,227400736,5678,227395058,0,0
231366784,1427,8,3505880,229869379,231366784,1497405,227860904,1497405,226363499,0,0
231368269,1438,1,3517032,231366784,231368269,1485,227851237,1485,227849752,0,0
231493785,1423,8,3501935,229758682,231493785,1735103,227991850,1735103,226256747,0,0
231603761,1436,1,3516025,231366784,231603761,236977,228087736,236977,227850759,0,0
231635072,1439,1,3517155,231366784,231635072,268288,228117917,268288,227849629,0,0
231659746,1442,1,3517854,231493785,231659746,165961,228141892,165961,227975931,0,0
231660713,1443,1,3517999,231493785,231660713,166928,228142714,166928,227975786,0,0
231783375,1435,8,3515188,231366784,231783375,416591,228268187,416591,227851596,0,0
231889781,1428,8,3508947,229976493,231889781,1913288,228380834,1913288,226467546,0,0
231894747,1445,8,3518210,231889781,231894747,4966,228376537,4966,228371571,0,0
231899641,1455,1,3530069,231894747,231899641,4894,228369572,4894,228364678,0,0
231907620,1446,1,3518233,231889781,231907620,17839,228389387,17839,228371548,0,0
231916882,1450,1,3529058,231894747,231916882,22135,228387824,22135,228365689,0,0
231924969,1451,1,3529148,231894747,231924969,30222,228395821,30222,228365599,0,0
231926393,1453,1,3529655,231894747,231926393,31646,228396738,31646,228365092,0,0
231926888,1454,1,3529934,231894747,231926888,32141,228396954,32141,228364813,0,0
231937959,1458,1,3537196,231894747,231937959,43212,228400763,43212,228357551,0,0
231938558,1457,1,3537065,231894747,231938558,43811,228401493,43811,228357682,0,0
231949310,1456,1,3530171,231894747,231949310,54563,228419139,54563,228364576,0,0
231949441,1459,1,3537306,231894747,231949441,54694,228412135,54694,228357441,0,0
232072412,1434,4,3514253,230913483,232072412,1158929,228558159,1158929,227399230,0,0
232176081,1425,1,3502396,229784097,232176081,2391984,228673685,2391984,226281701,0,0
232185383,1452,1,3529517,231894747,232185383,290636,228655866,290636,228365230,0,0
232371655,1449,1,3525329,231894747,232371655,476908,228846326,476908,228369418,0,0
233631098,1393,1,3444949,220985413,233631098,12645685,230186149,12645685,217540464,0,0
233866280,1430,1,3510026,230353991,233866280,3512289,230356254,3512289,226843965,0,0
234298859,1400,8,3449080,223770642,234298859,10528217,230849779,10528217,220321562,0,0
234439395,1460,8,3537448,234298859,234439395,140536,230901947,140536,230761411,0,0
234441669,1462,1,3541523,234439395,234441669,2274,230900146,2274,230897872,0,0
234504004,1461,8,3539191,234439395,234504004,64609,230964813,64609,230900204,0,0
234506530,1464,1,3541938,234504004,234506530,2526,230964592,2526,230962066,0,0
234528812,1463,8,3541924,234504004,234528812,24808,230986888,24808,230962080,0,0
234559003,1447,1,3520575,231889781,234559003,2669222,231038428,2669222,228369206,0,0
234598501,1465,8,3543503,234528812,234598501,69689,231054998,69689,230985309,0,0
234821333,1466,8,3545877,234598501,234821333,222832,231275456,222832,231052624,0,0
234908108,1468,4,3571109,234821333,234908108,86775,231336999,86775,231250224,0,0
235690205,1448,8,3521490,231894747,235690205,3795458,232168715,3795458,228373257,0,0
236151061,1384,16,3443613,220985413,236151061,15165648,232707448,15165648,217541800,0,0
236161330,1473,1,3581313,236151061,236161330,10269,232580017,10269,232569748,0,0
236189150,1475,1,3586937,236151061,236189150,38089,232602213,38089,232564124,0,0
236196121,1474,1,3585504,236151061,236196121,45060,232610617,45060,232565557,0,0
236204643,1472,1,3580224,236151061,236204643,53582,232624419,53582,232570837,0,0
236234047,1477,4,3594743,236196121,236234047,37926,232639304,37926,232601378,0,0
236270926,1429,8,3508975,230353991,236270926,5916935,232761951,5916935,226845016,0,0
236288532,1469,8,3571147,235690205,236288532,598327,232717385,598327,232119058,0,0
236554122,1478,16,3595699,236288532,236554122,265590,232958423,265590,232692833,0,0
236678571,1481,8,3601566,236554122,236678571,124449,233077005,124449,232952556,0,0
236776406,1483,8,3602159,236678571,236776406,97835,233174247,97835,233076412,0,0
237298567,1431,1,3510139,230353991,237298567,6944576,233788428,6944576,226843852,0,0
237521509,1482,8,3601585,236554122,237521509,967387,233919924,967387,232952537,0,0
237606278,1219,1,3193604,181534111,237606278,56072167,234412674,56072167,178340507,0,0
237615453,1209,1,3193568,181534111,237615453,56081342,234421885,56081342,178340543,0,0
237787392,1476,8,3594238,236151061,237787392,1636331,234193154,1636331,232556823,0,0
237794097,1488,1,3604657,237787392,237794097,6705,234189440,6705,234182735,0,0
237801836,1444,8,3518099,231783375,237801836,6018461,234283737,6018461,228265276,0,0
238222476,1487,1,3604303,237787392,238222476,435084,234618173,435084,234183089,0,0
238561793,1479,1,3595701,236288532,238561793,2273261,234966092,2273261,232692831,0,0
239354287,1471,1,3580208,236151061,239354287,3203226,235774079,3203226,232570853,0,0
240130137,1486,16,3603230,237787392,240130137,2342745,236526907,2342745,234184162,0,0
240183942,1494,1,3615514,240130137,240183942,53805,236568428,53805,236514623,0,0
240208196,1490,8,3605476,240130137,240208196,78059,236602720,78059,236524661,0,0
240219851,1501,1,3617060,240208196,240219851,11655,236602791,11655,236591136,0,0
240228297,1499,1,3616896,240208196,240228297,20101,236611401,20101,236591300,0,0
240229884,1497,1,3616104,240208196,240229884,21688,236613780,21688,236592092,0,0
240233868,1503,1,3617456,240208196,240233868,25672,236616412,25672,236590740,0,0
240238267,1502,1,3617144,240208196,240238267,30071,236621123,30071,236591052,0,0
240240038,1508,1,3617797,240233868,240240038,6170,236622241,6170,236616071,0,0
240273529,1506,1,3617583,240228297,240273529,45232,236655946,45232,236610714,0,0
240341097,1491,8,3611737,240130137,240341097,210960,236729360,210960,236518400,0,0
240347095,1512,1,3621074,240341097,240347095,5998,236726021,5998,236720023,0,0
240351425,1514,1,3622084,240341097,240351425,10328,236729341,10328,236719013,0,0
240367409,1513,1,3621920,240341097,240367409,26312,236745489,26312,236719177,0,0
240369498,1522,1,3622956,240367409,240369498,2089,236746542,2089,236744453,0,0
240371471,1523,1,3623039,240369498,240371471,1973,236748432,1973,236746459,0,0
240372727,1521,1,3622884,240351425,240372727,21302,236749843,21302,236728541,0,0
240390406,1519,1,3622703,240341097,240390406,49309,236767703,49309,236718394,0,0
240405937,1515,1,3622334,240341097,240405937,64840,236783603,64840,236718763,0,0
240415571,1493,1,3615392,240130137,240415571,285434,236800179,285434,236514745,0,0
240420674,1520,1,3622812,240347095,240420674,73579,236797862,73579,236724283,0,0
240475658,1524,1,3623111,240371471,240475658,104187,236852547,104187,236748360,0,0
240515896,1500,1,3616971,240208196,240515896,307700,236898925,307700,236591225,0,0
240563005,1498,1,3616820,240208196,240563005,354809,236946185,354809,236591376,0,0
240993672,1509,1,3618303,240238267,240993672,755405,237375369,755405,236619964,0,0
241096151,1517,1,3622500,240341097,241096151,755054,237473651,755054,236718597,0,0
241102736,1516,1,3622423,240341097,241102736,761639,237480313,761639,236718674,0,0
241351549,1505,1,3617543,240219851,241351549,1131698,237734006,1131698,236602308,0,0
241482398,1496,8,3615601,240208196,241482398,1274202,237866797,1274202,236592595,0,0
241493516,1526,8,3623438,241482398,241493516,11118,237870078,11118,237858960,0,0
241501641,1518,1,3622628,240341097,241501641,1160544,237879013,1160544,236718469,0,0
242206241,1470,8,3571448,236151061,242206241,6055180,238634793,6055180,232579613,0,0
242698215,1437,4,3516892,231366784,242698215,11331431,239181323,11331431,227849892,0,0
242849238,1527,8,3623578,241493516,242849238,1355722,239225660,1355722,237869938,0,0
242888995,1534,1,3625896,242849238,242888995,39757,239263099,39757,239223342,0,0
242896450,1532,1,3625250,242849238,242896450,47212,239271200,47212,239223988,0,0
242937079,1533,1,3625753,242849238,242937079,87841,239311326,87841,239223485,0,0
242946192,1535,1,3626244,242849238,242946192,96954,239319948,96954,239222994,0,0
243241937,1489,8,3605180,237801836,243241937,5440101,239636757,5440101,234196656,0,0
243503510,1507,1,3617610,240229884,243503510,3273626,239885900,3273626,236612274,0,0
243614677,1441,1,3517379,231493785,243614677,12120892,240097298,12120892,227976406,0,0
243615095,1510,1,3618823,240240038,243615095,3375057,239996272,3375057,236621215,0,0
243920292,1530,8,3624228,242849238,243920292,1071054,240296064,1071054,239225010,0,0
244411423,1531,1,3625213,242849238,244411423,1562185,240786210,1562185,239224025,0,0
247639629,1232,1,3193659,181883303,247639629,65756326,244445970,65756326,178689644,0,0
247874754,1525,1,3623248,240372727,247874754,7502027,244251506,7502027,236749479,0,0
249894664,1374,16,3428655,214719147,249894664,35175517,246466009,35175517,211290492,0,0
249921291,1539,1,3635605,249894664,249921291,26627,246285686,26627,246259059,0,0
249927432,1538,1,3634332,249894664,249927432,32768,246293100,32768,246260332,0,0
250461885,1484,16,3603092,237521509,250461885,12940376,246858793,12940376,233918417,0,0
250487386,1540,16,3635675,250461885,250487386,25501,246851711,25501,246826210,0,0
250585404,1543,8,3655299,250487386,250585404,98018,246930105,98018,246832087,0,0
250608621,1544,4,3659762,250487386,250608621,121235,246948859,121235,246827624,0,0
250721195,1548,1,3668548,250585404,250721195,135791,247052647,135791,246916856,0,0
251066785,1537,16,3631862,249894664,251066785,1172121,247434923,1172121,246262802,0,0
251141777,1550,2,3685334,251066785,251141777,74992,247456443,74992,247381451,0,0
251517150,1541,8,3640312,250461885,251517150,1055265,247876838,1055265,246821573,0,0
251598520,1542,1,3654916,250461885,251598520,1136635,247943604,1136635,246806969,0,0
251711229,1495,1,3615597,240130137,251711229,11581092,248095632,11581092,236514540,0,0
251842310,1546,4,3661160,250487386,251842310,1354924,248181150,1354924,246826226,0,0
253224043,1238,8,3195047,190854461,253224043,62369582,250028996,62369582,187659414,0,0
253879402,1115,8,3059922,173195662,253879402,80683740,250819480,80683740,170135740,0,0
254637321,1549,16,3673785,251066785,254637321,3570536,250963536,3570536,247393000,0,0
254733977,1554,16,3692119,254637321,254733977,96656,251041858,96656,250945202,0,0
254746846,1558,16,3694118,254733977,254746846,12869,251052728,12869,251039859,0,0
254841656,1559,8,3694914,254746846,254841656,94810,251146742,94810,251051932,0,0
255057465,1557,1,3694117,254637321,255057465,420144,251363348,420144,250943204,0,0
255468640,1562,8,3703503,254841656,255468640,626984,251765137,626984,251138153,0,0
255536413,1563,8,3703578,255468640,255536413,67773,251832835,67773,251765062,0,0
255539168,1571,1,3706239,255536413,255539168,2755,251832929,2755,251830174,0,0
255549066,1570,1,3706039,255536413,255549066,12653,251843027,12653,251830374,0,0
255558962,1556,1,3692921,254637321,255558962,921641,251866041,921641,250944400,0,0
255582588,1566,1,3705591,255536413,255582588,46175,251876997,46175,251830822,0,0
255753041,1565,1,3703723,255536413,255753041,216628,252049318,216628,251832690,0,0
255815915,1569,1,3705944,255536413,255815915,279502,252109971,279502,251830469,0,0
255861294,1568,1,3705784,255536413,255861294,324881,252155510,324881,251830629,0,0
256064991,1504,1,3617511,240208196,256064991,15856795,252447480,15856795,236590685,0,0
256199573,1547,4,3665692,250585404,256199573,5614169,252533881,5614169,246919712,0,0
256210974,1573,1,3706329,256199573,256210974,11401,252504645,11401,252493244,0,0
256225627,1567,1,3705704,255536413,256225627,689214,252519923,689214,251830709,0,0
256592992,1564,8,3703663,255536413,256592992,1056579,252889329,1056579,251832750,0,0
256594905,1575,1,3707765,256592992,256594905,1913,252887140,1913,252885227,0,0
256594961,1577,1,3708089,256592992,256594961,1969,252886872,1969,252884903,0,0
256595244,1578,1,3708232,256592992,256595244,2252,252887012,2252,252884760,0,0
256595484,1583,1,3708635,256592992,256595484,2492,252886849,2492,252884357,0,0
256595856,1581,1,3708485,256592992,256595856,2864,252887371,2864,252884507,0,0
256608792,1580,1,3708405,256592992,256608792,15800,252900387,15800,252884587,0,0
256611272,1574,8,3706428,256592992,256611272,18280,252904844,18280,252886564,0,0
256635948,1582,1,3708556,256592992,256635948,42956,252927392,42956,252884436,0,0
256642126,1579,1,3708324,256592992,256642126,49134,252933802,49134,252884668,0,0
256643689,1586,1,3708871,256594961,256643689,48728,252934818,48728,252886090,0,0
256707910,1587,8,3717476,256611272,256707910,96638,252990434,96638,252893796,0,0
256973089,1588,8,3718944,256707910,256973089,265179,253254145,265179,252988966,0,0
257032301,1590,4,3744447,256973089,257032301,59212,253287854,59212,253228642,0,0
257180245,1585,1,3708773,256594905,257180245,585340,253471472,585340,252886132,0,0
257476637,1589,4,3744316,256973089,257476637,503548,253732321,503548,253228773,0,0
258007914,1545,4,3660369,250487386,258007914,7520528,254347545,7520528,246827017,0,0
258131614,1592,4,3746495,257476637,258131614,654977,254385119,654977,253730142,0,0
259018078,1584,1,3708703,256592992,259018078,2425086,255309375,2425086,252884289,0,0
259679736,1576,1,3707853,256592992,259679736,3086744,255971883,3086744,252885139,0,0
259692723,1591,4,3746053,257032301,259692723,2660422,255946670,2660422,253286248,0,0
259707258,1596,1,3761771,259692723,259707258,14535,255945487,14535,255930952,0,0
259793655,1594,4,3758807,259692723,259793655,100932,256034848,100932,255933916,0,0
260150695,1593,8,3749178,258131614,260150695,2019081,256401517,2019081,254382436,0,0
260275494,1597,8,3761840,260150695,260275494,124799,256513654,124799,256388855,0,0
261801810,1595,1,3760386,259692723,261801810,2109087,258041424,2109087,255932337,0,0
262447350,1555,4,3692850,254637321,262447350,7810029,258754500,7810029,250944471,0,0
262590972,1551,8,3688899,251066785,262590972,11524187,258902073,11524187,247377886,0,0
262591659,1599,8,3764063,262447350,262591659,144309,258827596,144309,258683287,0,0
265598355,1560,8,3695009,254746846,265598355,10851509,261903346,10851509,251051837,0,0
267450733,1467,8,3563716,234821333,267450733,32629400,263887017,32629400,231257617,0,0
269938649,1600,8,3764205,262590972,269938649,7347677,266174444,7347677,258826767,0,0
270095575,1381,8,3440492,215495869,270095575,54599706,266655083,54599706,212055377,0,0
270121821,1553,16,3691977,253879402,270121821,16242419,266429844,16242419,250187425,0,0
270175824,1604,8,3769926,269938649,270175824,237175,266405898,237175,266168723,0,0
270260879,1609,1,3772020,270175824,270260879,85055,266488859,85055,266403804,0,0
270688753,1605,8,3770058,270095575,270688753,593178,266918695,593178,266325517,0,0
270915033,1561,1,3696452,254746846,270915033,16168187,267218581,16168187,251050394,0,0
271415888,1572,4,3706242,256199573,271415888,15216315,267709646,15216315,252493331,0,0
271434115,1612,1,3782099,271415888,271434115,18227,267652016,18227,267633789,0,0
271439775,1613,1,3783673,271415888,271439775,23887,267656102,23887,267632215,0,0
271447098,1611,4,3777479,271415888,271447098,31210,267669619,31210,267638409,0,0
271449257,1610,8,3777291,270688753,271449257,760504,267671966,760504,266911462,0,0
271500900,1614,1,3784102,271415888,271500900,85012,267716798,85012,267631786,0,0
271624699,1617,4,3786367,271449257,271624699,175442,267838332,175442,267662890,0,0
271832704,1618,4,3789445,271624699,271832704,208005,268043259,208005,267835254,0,0
272159801,1603,8,3769832,267450733,272159801,4709068,268389969,4709068,263680901,0,0
274796959,1615,4,3785220,271447098,274796959,3349861,271011739,3349861,267661878,0,0
275216133,1601,8,3764312,262591659,275216133,12624474,271451821,12624474,258827347,0,0
275320781,1620,8,3790518,274796959,275320781,523822,271530263,523822,271006441,0,0
275807988,1616,4,3785531,271449257,275807988,4358731,272022457,4358731,267663726,0,0
276200933,1492,1,3615154,240130137,276200933,36070796,272585779,36070796,236514983,0,0
276397048,1623,1,3794720,275216133,276397048,1180915,272602328,1180915,271421413,0,0
276461023,1627,4,3796469,275320781,276461023,1140242,272664554,1140242,271524312,0,0
276514167,1634,2,3797326,276461023,276514167,53144,272716841,53144,272663697,0,0
276553458,1635,2,3797920,276461023,276553458,92435,272755538,92435,272663103,0,0
276566579,1631,4,3796551,276461023,276566579,105556,272770028,105556,272664472,0,0
276593005,1637,2,3798139,276514167,276593005,78838,272794866,78838,272716028,0,0
276624903,1633,1,3797268,276461023,276624903,163880,272827635,163880,272663755,0,0
277153283,1602,8,3764385,265598355,277153283,11554928,273388898,11554928,261833970,0,0
277282785,1639,2,3798179,276566579,277282785,716206,273484606,716206,272768400,0,0
277559625,1621,8,3790604,275216133,277559625,2343492,273769021,2343492,271425529,0,0
277909314,1636,1,3797987,276461023,277909314,1448291,274111327,1448291,272663036,0,0
277953098,1440,8,3517295,231493785,277953098,46459313,274435803,46459313,227976490,0,0
278157908,1629,1,3796510,275320781,278157908,2837127,274361398,2837127,271524271,0,0
278456986,1642,8,3812024,277153283,278456986,1303703,274644962,1303703,273341259,0,0
279704621,1624,1,3794751,275216133,279704621,4488488,275909870,4488488,271421382,0,0
279729304,1643,8,3812798,277559625,279729304,2169679,275916506,2169679,273746827,0,0
281431302,1529,8,3623818,242698215,281431302,38733087,277807484,38733087,239074397,0,0
281526131,1644,32,3812815,281431302,281526131,94829,277713316,94829,277618487,0,0
281618811,1648,8,3829833,281526131,281618811,92680,277788978,92680,277696298,0,0
281630655,1628,1,3796485,275320781,281630655,6309874,277834170,6309874,271524296,0,0
281639945,1649,8,3832671,281526131,281639945,113814,277807274,113814,277693460,0,0
281775328,1654,8,3841532,281639945,281775328,135383,277933796,135383,277798413,0,0
281969539,1638,2,3798158,276553458,281969539,5416081,278171381,5416081,272755300,0,0
282372805,1647,1,3827424,281526131,282372805,846674,278545381,846674,277698707,0,0
283804874,1626,4,3796441,275320781,283804874,8484093,280008433,8484093,271524340,0,0
284503718,1630,4,3796527,275807988,284503718,8695730,280707191,8695730,272011461,0,0
284693082,1646,8,3827358,281526131,284693082,3166951,280865724,3166951,277698773,0,0
284832747,1640,2,3798201,276566579,284832747,8266168,281034546,8266168,272768378,0,0
284918426,1658,8,3845366,284832747,284918426,85679,281073060,85679,280987381,0,0
284919749,1659,8,3849649,284918426,284919749,1323,281070100,1323,281068777,0,0
284951441,1661,1,3849992,284919749,284951441,31692,281101449,31692,281069757,0,0
285109391,1655,16,3841937,283804874,285109391,1304517,281267454,1304517,279962937,0,0
285218618,1665,2,3876469,285109391,285218618,109227,281342149,109227,281232922,0,0
285231779,1667,8,3889980,285218618,285231779,13161,281341799,13161,281328638,0,0
285335204,1669,4,3934756,285231779,285335204,103425,281400448,103425,281297023,0,0
285515741,1666,8,3876531,285109391,285515741,406350,281639210,406350,281232860,0,0
285675577,1660,8,3849703,284919749,285675577,755828,281825874,755828,281070046,0,0
285705580,1674,4,3935479,285675577,285705580,30003,281770101,30003,281740098,0,0
285844674,1663,1,3864395,284919749,285844674,924925,281980279,924925,281055354,0,0
285944745,1675,4,3937203,285705580,285944745,239165,282007542,239165,281768377,0,0
285964392,1676,4,3937928,285944745,285964392,19647,282026464,19647,282006817,0,0
285985687,1673,4,3935370,285675577,285985687,310110,282050317,310110,281740207,0,0
286104057,1677,4,3938171,285964392,286104057,139665,282165886,139665,282026221,0,0
286147725,1678,2,3946168,285964392,286147725,183333,282201557,183333,282018224,0,0
286157525,1679,8,3946654,286104057,286157525,53468,282210871,53468,282157403,0,0
286223297,1656,1,3844194,283804874,286223297,2418423,282379103,2418423,279960680,0,0
286255378,1668,1,3900131,285231779,286255378,1023599,282355247,1023599,281331648,0,0
286292851,1622,1,3794697,275216133,286292851,11076718,282498154,11076718,271421436,0,0
287051026,1652,1,3834993,281618811,287051026,5432215,283216033,5432215,277783818,0,0
287147365,1653,1,3837215,281618811,287147365,5528554,283310150,5528554,277781596,0,0
287952676,1619,8,3790445,272159801,287952676,15792875,284162231,15792875,268369356,0,0
288163603,1608,8,3771100,270175824,288163603,17987779,284392503,17987779,266404724,0,0
288340208,1680,16,3947235,287952676,288340208,387532,284392973,387532,284005441,0,0
288342349,1687,1,3949952,288340208,288342349,2141,284392397,2141,284390256,0,0
288342386,1650,4,3833043,281618811,288342386,6723575,284509343,6723575,277785768,0,0
288342403,1686,1,3949869,288340208,288342403,2195,284392534,2195,284390339,0,0
288346829,1695,1,3960326,288342403,288346829,4426,284386503,4426,284382077,0,0
288349019,1682,8,3948277,288340208,288349019,8811,284400742,8811,284391931,0,0
288352844,1696,1,3960736,288346829,288352844,6015,284392108,6015,284386093,0,0
288359281,1688,1,3950047,288340208,288359281,19073,284409234,19073,284390161,0,0
288361440,1690,1,3950183,288340208,288361440,21232,284411257,21232,284390025,0,0
288363231,1685,1,3949787,288340208,288363231,23023,284413444,23023,284390421,0,0
288407376,1684,1,3949690,288340208,288407376,67168,284457686,67168,284390518,0,0
288543336,1697,1,3960814,288349019,288543336,194317,284582522,194317,284388205,0,0
288545832,1700,1,3960993,288543336,288545832,2496,284584839,2496,284582343,0,0
288546657,1691,1,3953261,288340208,288546657,206449,284593396,206449,284386947,0,0
288564264,1699,1,3960924,288543336,288564264,20928,284603340,20928,284582412,0,0
288582910,1698,8,3960830,288543336,288582910,39574,284622080,39574,284582506,0,0
288584372,1706,1,3961531,288582910,288584372,1462,284622841,1462,284621379,0,0
288585540,1708,1,3961673,288584372,288585540,1168,284623867,1168,284622699,0,0
288601064,1707,1,3961599,288582910,288601064,18154,284639465,18154,284621311,0,0
288602253,1710,1,3961834,288601064,288602253,1189,284640419,1189,284639230,0,0
288604866,1711,1,3961903,288602253,288604866,2613,284642963,2613,284640350,0,0
288617372,1709,1,3961747,288585540,288617372,31832,284655625,31832,284623793,0,0
288642735,1701,1,3961080,288543336,288642735,99399,284681655,99399,284582256,0,0
288659460,1692,1,3959146,288340208,288659460,319252,284700314,319252,284381062,0,0
288715656,1703,1,3961334,288543336,288715656,172320,284754322,172320,284582002,0,0
288829101,1702,1,3961236,288543336,288829101,285765,284867865,285765,284582100,0,0
288850714,1683,1,3949616,288340208,288850714,510506,284901098,510506,284390592,0,0
289006449,1704,1,3961442,288545832,289006449,460617,285045007,460617,284584390,0,0
289141551,1670,4,3934777,285335204,289141551,3806347,285206774,3806347,281400427,0,0
289336195,1712,1,3961974,288604866,289336195,731329,285374221,731329,284642892,0,0
289362404,1689,8,3950080,288340208,289362404,1022196,285412324,1022196,284390128,0,0
289378518,1714,8,3963849,289362404,289378518,16114,285414669,16114,285398555,0,0
289382823,1715,8,3965169,289378518,289382823,4305,285417654,4305,285413349,0,0
289406487,1718,1,3970334,289382823,289406487,23664,285436153,23664,285412489,0,0
289455359,1716,8,3965506,289382823,289455359,72536,285489853,72536,285417317,0,0
289666863,1705,8,3961472,288582910,289666863,1083953,285705391,1083953,284621438,0,0
289668463,1719,4,3974316,289455359,289668463,213104,285694147,213104,285481043,0,0
289669647,1721,8,3975795,289668463,289669647,1184,285693852,1184,285692668,0,0
289680940,1722,8,3980117,289669647,289680940,11293,285700823,11293,285689530,0,0
290154603,1657,8,3845179,284693082,290154603,5461521,286309424,5461521,280847903,0,0
290157076,1728,4,4013947,290154603,290157076,2473,286143129,2473,286140656,0,0
290157150,1727,1,4012586,290154603,290157150,2547,286144564,2547,286142017,0,0
290167421,1729,1,4014555,290154603,290167421,12818,286152866,12818,286140048,0,0
290168481,1726,1,4010915,290154603,290168481,13878,286157566,13878,286143688,0,0
290168909,1731,4,4016264,290157076,290168909,11833,286152645,11833,286140812,0,0
290170955,1732,1,4016446,290157076,290170955,13879,286154509,13879,286140630,0,0
290195059,1733,1,4016536,290157076,290195059,37983,286178523,37983,286140540,0,0
290200929,1736,4,4019116,290168909,290200929,32020,286181813,32020,286149793,0,0
290243292,1694,1,3960254,288342386,290243292,1900906,286283038,1900906,284382132,0,0
290252464,1734,1,4016712,290157150,290252464,95314,286235752,95314,286140438,0,0
290276464,1625,1,3796419,275216133,290276464,15060331,286480045,15060331,271419714,0,0
290292782,1672,4,3935213,285515741,290292782,4777041,286357569,4777041,281580528,0,0
290453752,1693,4,3959582,288342386,290453752,2111366,286494170,2111366,284382804,0,0
290577049,1739,1,4020373,290453752,290577049,123297,286556676,123297,286433379,0,0
290751020,1725,1,4006238,290154603,290751020,596417,286744782,596417,286148365,0,0
290885185,1735,1,4016780,290167421,290885185,717764,286868405,717764,286150641,0,0
291563568,1651,1,3834945,281618811,291563568,9944757,287728623,9944757,277783866,0,0
291669636,1730,1,4014622,290154603,291669636,1515033,287655014,1515033,286139981,0,0
292006993,1724,4,4005336,290154603,292006993,1852390,288001657,1852390,286149267,0,0
292010526,1740,8,4020490,292006993,292010526,3533,287990036,3533,287986503,0,0
292215448,1742,1,4023745,292010526,292215448,204922,288191703,204922,287986781,0,0
292405022,1741,4,4021739,292010526,292405022,394496,288383283,394496,287988787,0,0
292538255,1671,4,3935151,285515741,292538255,7022514,288603104,7022514,281580590,0,0
292856394,1743,8,4029548,292405022,292856394,451372,288826846,451372,288375474,0,0
292862051,1744,8,4031959,292856394,292862051,5657,288830092,5657,288824435,0,0
292869433,1737,8,4019436,290292782,292869433,2576651,288849997,2576651,286273346,0,0
292869531,1745,8,4034063,292862051,292869531,7480,288835468,7480,288827988,0,0
292876375,1746,8,4034191,292869433,292876375,6942,288842184,6942,288835242,0,0
292927051,1641,2,3798226,276593005,292927051,16334046,289128825,16334046,272794779,0,0
292958245,1713,4,3963727,289141551,292958245,3816694,288994518,3816694,285177824,0,0
293275053,1738,4,4019622,290453752,293275053,2821301,289255431,2821301,286434130,0,0
293657771,1748,8,4037207,292876375,293657771,781396,289620564,781396,288839168,0,0
293798106,1681,8,3947752,288163603,293798106,5634503,289850354,5634503,284215851,0,0
294162876,1717,1,3969174,289382823,294162876,4780053,290193702,4780053,285413649,0,0
294332488,1751,4,4040500,293657771,294332488,674717,290291988,674717,289617271,0,0
294859764,1749,8,4039311,292958245,294859764,1901519,290820453,1901519,288918934,0,0
295089840,1607,8,3770918,270121821,295089840,24968019,291318922,24968019,266350903,0,0
295964953,1750,4,4040328,293275053,295964953,2689900,291924625,2689900,289234725,0,0
296244570,1606,8,3770850,270121821,296244570,26122749,292473720,26122749,266350971,0,0
296472279,1755,8,4044761,296244570,296472279,227709,292427518,227709,292199809,0,0
297336292,1664,1,3876343,284951441,297336292,12384851,293459949,12384851,281075098,0,0
297581123,1720,8,3975440,289666863,297581123,7914260,293605683,7914260,285691423,0,0
297725874,1757,8,4050950,297581123,297725874,144751,293674924,144751,293530173,0,0
297738521,1758,8,4052711,297725874,297738521,12647,293685810,12647,293673163,0,0
298059437,1747,8,4036359,292869531,298059437,5189906,294023078,5189906,288833172,0,0
298129672,1759,16,4052828,298059437,298129672,70235,294076844,70235,294006609,0,0
298385856,1761,8,4053758,298129672,298385856,256184,294332098,256184,294075914,0,0
298486862,1762,8,4053792,298385856,298486862,101006,294433070,101006,294332064,0,0
298591614,1763,8,4055318,298486862,298591614,104752,294536296,104752,294431544,0,0
298613129,1764,8,4062291,298591614,298613129,21515,294550838,21515,294529323,0,0
298664381,1765,8,4064308,298613129,298664381,51252,294600073,51252,294548821,0,0
298688636,1480,1,3599672,236288532,298688636,62400104,295088964,62400104,232688860,0,0
298728843,1756,8,4049625,296472279,298728843,2256564,294679218,2256564,292422654,0,0
298730891,1767,4,4085795,298728843,298730891,2048,294645096,2048,294643048,0,0
298900398,1723,8,3997704,289680940,298900398,9219458,294902694,9219458,285683236,0,0
299108463,1760,8,4053733,298129672,299108463,978791,295054730,978791,294075939,0,0
299149812,1775,1,4092939,299108463,299149812,41349,295056873,41349,295015524,0,0
299235681,1776,4,4094367,299108463,299235681,127218,295141314,127218,295014096,0,0
299675022,1773,4,4089784,298900398,299675022,774624,295585238,774624,294810614,0,0
299697866,1766,8,4072646,298664381,299697866,1033485,295625220,1033485,294591735,0,0
299861894,1777,1,4095020,299108463,299861894,753431,295766874,753431,295013443,0,0
300189875,1780,1,4101388,299697866,300189875,492009,296088487,492009,295596478,0,0
300361741,1771,1,4087394,298730891,300361741,1630850,296274347,1630850,294643497,0,0
300669838,1752,4,4040559,293657771,300669838,7012067,296629279,7012067,289617212,0,0
300720307,1782,1,4104385,300669838,300720307,50469,296615922,50469,296565453,0,0
301181836,1772,4,4089411,298900398,301181836,2281438,297092425,2281438,294810987,0,0
301450706,1770,1,4087366,298730891,301450706,2719815,297363340,2719815,294643525,0,0
301704689,1779,8,4095109,299697866,301704689,2006823,297609580,2006823,295602757,0,0
301747666,1768,4,4086592,298728843,301747666,3018823,297661074,3018823,294642251,0,0
302069560,1784,8,4105774,301704689,302069560,364871,297963786,364871,297598915,0,0
302093556,1787,1,4109733,302069560,302093556,23996,297983823,23996,297959827,0,0
303192637,1769,4,4087155,298730891,303192637,4461746,299105482,4461746,294643736,0,0
306110519,1786,4,4107995,302069560,306110519,4040959,302002524,4040959,297961565,0,0
306598015,1783,4,4104398,301181836,306598015,5416179,302493617,5416179,297077438,0,0
306657650,1788,4,4110710,302069560,306657650,4588090,302546940,4588090,297958850,0,0
307150163,1781,4,4103465,300669838,307150163,6480325,303046698,6480325,296566373,0,0
308070504,1662,1,3858030,284919749,308070504,23150755,304212474,23150755,281061719,0,0
309920288,1485,4,3603227,237521509,309920288,72398779,306317061,72398779,233918282,0,0
309939391,1789,16,4120729,306657650,309939391,3281741,305818662,3281741,302536921,0,0
309940590,1802,1,4126148,309939391,309940590,1199,305814442,1199,305813243,0,0
309940791,1803,1,4126346,309939391,309940791,1400,305814445,1400,305813045,0,0
309941782,1793,1,4124502,309939391,309941782,2391,305817280,2391,305814889,0,0
309955827,1800,1,4125628,309939391,309955827,16436,305830199,16436,305813763,0,0
309974471,1797,1,4125000,309939391,309974471,35080,305849471,35080,305814391,0,0
309979481,1801,1,4125921,309939391,309979481,40090,305853560,40090,305813470,0,0
309983266,1799,1,4125286,309939391,309983266,43875,305857980,43875,305814105,0,0
310042883,1792,1,4124425,309939391,310042883,103492,305918458,103492,305814966,0,0
310068988,1791,8,4122404,309939391,310068988,129597,305946584,129597,305816987,0,0
310109887,1804,8,4126644,310068988,310109887,40899,305983243,40899,305942344,0,0
310126887,1806,4,4138995,310109887,310126887,17000,305987892,17000,305970892,0,0
310158852,1796,1,4124790,309939391,310158852,219461,306034062,219461,305814601,0,0
310240663,1790,8,4120747,309920288,310240663,320375,306119916,320375,305799541,0,0
310263428,1798,1,4125138,309939391,310263428,324037,306138290,324037,305814253,0,0
310329201,1794,1,4124658,309939391,310329201,389810,306204543,389810,305814733,0,0
310421355,1805,8,4138343,310109887,310421355,311468,306283012,311468,305971544,0,0
310479532,1795,1,4124720,309939391,310479532,540141,306354812,540141,305814671,0,0
310616743,1809,8,4149178,310421355,310616743,195388,306467565,195388,306272177,0,0
310881075,1807,4,4139356,310126887,310881075,754188,306741719,754188,305987531,0,0
310888065,1808,8,4139733,310240663,310888065,647402,306748332,647402,306100930,0,0
310965087,1810,8,4151057,310616743,310965087,348344,306814030,348344,306465686,0,0
311077983,1815,1,4173649,310888065,311077983,189918,306904334,189918,306714416,0,0
311172343,1811,1,4156320,310616743,311172343,555600,307016023,555600,306460423,0,0
311510165,1774,4,4090632,299108463,311510165,12401702,307419533,12401702,295017831,0,0
311605186,1816,1,4174044,310888065,311605186,717121,307431142,717121,306714021,0,0
311802210,1818,1,4185054,310965087,311802210,837123,307617156,837123,306780033,0,0
311833913,1819,8,4187061,311802210,311833913,31703,307646852,31703,307615149,0,0
311835018,1820,4,4187223,311833913,311835018,1105,307647795,1105,307646690,0,0
311851319,1822,4,4188140,311833913,311851319,17406,307663179,17406,307645773,0,0
311854282,1821,2,4187459,311833913,311854282,20369,307666823,20369,307646454,0,0
311857695,1824,2,4189402,311835018,311857695,22677,307668293,22677,307645616,0,0
311877860,1812,8,4158422,310881075,311877860,996785,307719438,996785,306722653,0,0
312162563,1814,1,4170856,310888065,312162563,1274498,307991707,1274498,306717209,0,0
313465478,1823,4,4188271,311835018,313465478,1630460,309277207,1630460,307646747,0,0
319869921,1825,8,4194251,311877860,319869921,7992061,315675670,7992061,307683609,0,0
319888777,1828,4,4197288,319869921,319888777,18856,315691489,18856,315672633,0,0
319904656,1829,4,4197529,319888777,319904656,15879,315707127,15879,315691248,0,0
321242417,1785,4,4107881,301747666,321242417,19494751,317134536,19494751,297639785,0,0
321243395,1831,1,4204965,321242417,321243395,978,317038430,978,317037452,0,0
321246339,1830,8,4200134,321242417,321246339,3922,317046205,3922,317042283,0,0
321275087,1835,1,4210537,321246339,321275087,28748,317064550,28748,317035802,0,0
321280200,1834,8,4210203,321246339,321280200,33861,317069997,33861,317036136,0,0
321285140,1833,1,4209674,321242417,321285140,42723,317075466,42723,317032743,0,0
321538872,1832,1,4208644,321242417,321538872,296455,317330228,296455,317033773,0,0
321653088,1837,1,4214501,321280200,321653088,372888,317438587,372888,317065699,0,0
322442390,1827,4,4197246,319869921,322442390,2572469,318245144,2572469,315672675,0,0
322545633,1838,4,4215093,322442390,322545633,103243,318330540,103243,318227297,0,0
323448328,1817,4,4179419,310965087,323448328,12483241,319268909,12483241,306785668,0,0
323656222,1813,8,4169731,310888065,323656222,12768157,319486491,12768157,306718334,0,0
323698389,1840,4,4217853,323656222,323698389,42167,319480536,42167,319438369,0,0
323872432,1841,8,4218711,323698389,323872432,174043,319653721,174043,319479678,0,0
324032671,1843,4,4222236,323872432,324032671,160239,319810435,160239,319650196,0,0
324105783,1842,4,4221846,323872432,324105783,233351,319883937,233351,319650586,0,0
324199518,1844,8,4222851,324105783,324199518,93735,319976667,93735,319882932,0,0
324211426,1846,8,4223886,324199518,324211426,11908,319987540,11908,319975632,0,0
324215092,1847,1,4224234,324199518,324215092,15574,319990858,15574,319975284,0,0
324300624,1850,1,4226057,324211426,324300624,89198,320074567,89198,319985369,0,0
324428906,1848,1,4225088,324199518,324428906,229388,320203818,229388,319974430,0,0
324473134,1849,8,4225292,324211426,324473134,261708,320247842,261708,319986134,0,0
325842319,1754,16,4044551,295964953,325842319,29877366,321797768,29877366,291920402,0,0
325848927,1854,1,4241485,325842319,325848927,6608,321607442,6608,321600834,0,0
325949288,1853,8,4235084,325842319,325949288,106969,321714204,106969,321607235,0,0
327180837,1839,8,4216702,323448328,327180837,3732509,322964135,3732509,319231626,0,0
327204646,1778,8,4095052,299675022,327204646,27529624,323109594,27529624,295579970,0,0
327360547,1852,8,4231928,325842319,327360547,1518228,323128619,1518228,321610391,0,0
327448652,1858,4,4256980,327204646,327448652,244006,323191672,244006,322947666,0,0
327481613,1859,16,4259639,327448652,327481613,32961,323221974,32961,323189013,0,0
331663297,1598,8,3763948,260275494,331663297,71387803,327899349,71387803,256511546,0,0
331891560,1862,8,4260520,331663297,331891560,228263,327631040,228263,327402777,0,0
333337768,1511,1,3619305,240273529,333337768,93064239,329718463,93064239,236654224,0,0
333587310,1753,16,4043556,294859764,333587310,38727546,329543754,38727546,290816208,0,0
333589518,1865,1,4260901,333587310,333589518,2208,329328617,2208,329326409,0,0
333599139,1869,4,4272964,333587310,333599139,11829,329326175,11829,329314346,0,0
333690781,1868,1,4272038,333587310,333690781,103471,329418743,103471,329315272,0,0
333707621,1870,1,4275845,333587310,333707621,120311,329431776,120311,329311465,0,0
334486253,1866,4,4263429,333587310,334486253,898943,330222824,898943,329323881,0,0
334668090,1867,1,4269940,333587310,334668090,1080780,330398150,1080780,329317370,0,0
335472995,1528,8,3623665,242206241,335472995,93266754,331849330,93266754,238582576,0,0
335481088,1873,4,4280398,335472995,335481088,8093,331200690,8093,331192597,0,0
335501544,1874,4,4280490,335481088,335501544,20456,331221054,20456,331200598,0,0
335688003,1855,8,4245400,325949288,335688003,9738715,331442603,9738715,321703888,0,0
337006219,1645,8,3821570,281526131,337006219,55480088,333184649,55480088,277704561,0,0
337048380,1875,16,4284419,337006219,337048380,42161,332763961,42161,332721800,0,0
337052751,1880,1,4292276,337048380,337052751,4371,332760475,4371,332756104,0,0
337079763,1878,1,4291633,337048380,337079763,31383,332788130,31383,332756747,0,0
337860026,1871,8,4275968,334486253,337860026,3373773,333584058,3373773,330210285,0,0
337926489,1879,1,4291700,337048380,337926489,878109,333634789,878109,332756680,0,0
338013389,1872,4,4279427,335472995,338013389,2540394,333733962,2540394,331193568,0,0
338067765,1881,16,4292869,338013389,338067765,54376,333774896,54376,333720520,0,0
338097432,1883,8,4298062,338067765,338097432,29667,333799370,29667,333769703,0,0
338111143,1891,4,4305250,338067765,338111143,43378,333805893,43378,333762515,0,0
338120232,1896,1,4306288,338097432,338120232,22800,333813944,22800,333791144,0,0
338122843,1889,1,4299389,338067765,338122843,55078,333823454,55078,333768376,0,0
338189215,1894,1,4306246,338097432,338189215,91783,333882969,91783,333791186,0,0
338201681,1893,1,4306126,338097432,338201681,104249,333895555,104249,333791306,0,0
338263829,1897,1,4306419,338097432,338263829,166397,333957410,166397,333791013,0,0
338279237,1887,1,4299094,338067765,338279237,211472,333980143,211472,333768671,0,0
338325590,1885,1,4298860,338067765,338325590,257825,334026730,257825,333768905,0,0
338421304,1884,1,4298657,338067765,338421304,353539,334122647,353539,333769108,0,0
338538560,1888,1,4299244,338067765,338538560,470795,334239316,470795,333768521,0,0
338575754,1898,1,4307079,338097432,338575754,478322,334268675,478322,333790353,0,0
338636881,1886,1,4298927,338067765,338636881,569116,334337954,569116,333768838,0,0
338737311,1863,4,4260899,331891560,338737311,6845751,334476412,6845751,327630661,0,0
339073783,1882,1,4294766,338013389,339073783,1060394,334779017,1060394,333718623,0,0
339437238,1895,1,4306246,338097432,339437238,1339806,335130992,1339806,333791186,0,0
339853095,1836,8,4214464,321280200,339853095,18572895,335638631,18572895,317065736,0,0
341683037,1892,1,4305861,338097432,341683037,3585605,337377176,3585605,333791571,0,0
342033318,1845,1,4222975,324105783,342033318,17927535,337810343,17927535,319882808,0,0
342878981,1826,8,4194650,313465478,342878981,29413503,338684331,29413503,309270828,0,0
343639486,1890,4,4305223,338067765,343639486,5571721,339334263,5571721,333762542,0,0
343670182,1861,8,4259695,327481613,343670182,16188569,339410487,16188569,323221918,0,0
343742169,1876,8,4288803,337048380,343742169,6693789,339453366,6693789,332759577,0,0
351027691,1857,1,4256276,327180837,351027691,23846854,346771415,23846854,322924561,0,0
354832589,1851,8,4229135,324473134,354832589,30359455,350603454,30359455,320243999,0,0
358985955,1632,1,3797231,276461023,358985955,82524932,355188724,82524932,272663792,0,0
359022965,1900,32,4308054,358985955,359022965,37010,354714911,37010,354677901,0,0
359322086,1877,8,4289489,337048380,359322086,22273706,355032597,22273706,332758891,0,0
360319230,1901,32,4308059,359022965,360319230,1296265,356011171,1296265,354714906,0,0
360334340,1903,4,4308202,360319230,360334340,15110,356026138,15110,356011028,0,0
360476231,1902,32,4308065,360319230,360476231,157001,356168166,157001,356011165,0,0
360483363,1917,1,4313213,360476231,360483363,7132,356170150,7132,356163018,0,0
360493010,1909,4,4310775,360476231,360493010,16779,356182235,16779,356165456,0,0
360517825,1908,8,4310117,360476231,360517825,41594,356207708,41594,356166114,0,0
360525923,1919,1,4319218,360517825,360525923,8098,356206705,8098,356198607,0,0
360617650,1905,8,4309641,360476231,360617650,141419,356308009,141419,356166590,0,0
360667663,1918,8,4318247,360517825,360667663,149838,356349416,149838,356199578,0,0
360695449,1899,32,4307901,342878981,360695449,17816468,356387548,17816468,338571080,0,0
360708763,1925,1,4341492,360695449,360708763,13314,356367271,13314,356353957,0,0
360738475,1927,1,4353063,360695449,360738475,43026,356385412,43026,356342386,0,0
360793785,1931,1,4353126,360695449,360793785,98336,356440659,98336,356342323,0,0
360886663,1921,8,4332923,360667663,360886663,219000,356553740,219000,356334740,0,0
361195019,1906,4,4309920,360476231,361195019,718788,356885099,718788,356166311,0,0
361195911,1937,4,4353866,361195019,361195911,892,356842045,892,356841153,0,0
361195971,1934,1,4353128,360695449,361195971,500522,356842843,500522,356342321,0,0
361198445,1904,4,4309171,360319230,361198445,879215,356889274,879215,356010059,0,0
361288647,1933,1,4353128,360695449,361288647,593198,356935519,593198,356342321,0,0
361328335,1929,1,4353125,360695449,361328335,632886,356975210,632886,356342324,0,0
361372961,1920,8,4323830,360617650,361372961,755311,357049131,755311,356293820,0,0
361378552,1939,4,4355252,361372961,361378552,5591,357023300,5591,357017709,0,0
361759422,1936,8,4353723,360886663,361759422,872759,357405699,872759,356532940,0,0
361913011,1928,1,4353064,360695449,361913011,1217562,357559947,1217562,356342385,0,0
361916360,1940,8,4355438,361378552,361916360,537808,357560922,537808,357023114,0,0
361967248,1924,4,4340515,360695449,361967248,1271799,357626733,1271799,356354934,0,0
362011994,1922,8,4334396,360695449,362011994,1316545,357677598,1316545,356361053,0,0
362026097,1944,1,4364373,362011994,362026097,14103,357661724,14103,357647621,0,0
362127857,1943,16,4363214,362011994,362127857,115863,357764643,115863,357648780,0,0
362231436,1938,8,4355145,361198445,362231436,1032991,357876291,1032991,356843300,0,0
362236897,1536,8,3628889,243241937,362236897,118994960,358608008,118994960,239613048,0,0
362246951,1942,8,4363039,361916360,362246951,330591,357883912,330591,357553321,0,0
362287776,1949,4,4374376,362246951,362287776,40825,357913400,40825,357872575,0,0
362373287,1948,4,4374344,362246951,362373287,126336,357998943,126336,357872607,0,0
362541073,1950,8,4375472,362373287,362541073,167786,358165601,167786,357997815,0,0
362661691,1951,8,4375559,362541073,362661691,120618,358286132,120618,358165514,0,0
362730200,1926,8,4349964,360695449,362730200,2034751,358380236,2034751,356345485,0,0
362907787,1916,1,4313042,360476231,362907787,2431556,358594745,2431556,356163189,0,0
363154394,1952,4,4384596,362661691,363154394,492703,358769798,492703,358277095,0,0
363228984,1946,8,4372263,362231436,363228984,997548,358856721,997548,357859173,0,0
363230175,1953,1,4384611,362661691,363230175,568484,358845564,568484,358277080,0,0
363277806,1959,4,4392568,363228984,363277806,48822,358885238,48822,358836416,0,0
363473284,1957,4,4392357,363228984,363473284,244300,359080927,244300,358836627,0,0
363555906,1930,1,4353126,360695449,363555906,2860457,359202780,2860457,356342323,0,0
363758970,1947,8,4373176,362236897,363758970,1522073,359385794,1522073,357863721,0,0
363800147,1856,8,4248721,327180837,363800147,36619310,359551426,36619310,322932116,0,0
363820399,1963,1,4419234,363800147,363820399,20252,359401165,20252,359380913,0,0
363934139,1962,8,4417213,363800147,363934139,133992,359516926,133992,359382934,0,0
363997659,1935,1,4353129,360695449,363997659,3302210,359644530,3302210,356342320,0,0
364119919,1966,4,4429473,363997659,364119919,122260,359690446,122260,359568186,0,0
364154254,1941,8,4355598,361759422,364154254,2394832,359798656,2394832,357403824,0,0
364159132,1969,4,4432125,364154254,364159132,4878,359727007,4878,359722129,0,0
364230029,1967,4,4429857,364119919,364230029,110110,359800172,110110,359690062,0,0
364353753,1970,8,4432290,364230029,364353753,123724,359921463,123724,359797739,0,0
364376936,1956,4,4389794,363154394,364376936,1222542,359987142,1222542,358764600,0,0
364676384,1964,1,4420096,363800147,364676384,876237,360256288,876237,359380051,0,0
364801017,1955,4,4389277,362730200,364801017,2070817,360411740,2070817,358340923,0,0
364833125,1960,8,4417144,363473284,364833125,1359841,360415981,1359841,359056140,0,0
364858347,1973,4,4434399,364376936,364858347,481411,360423948,481411,359942537,0,0
364931405,1945,16,4367266,362127857,364931405,2803548,360564139,2803548,357760591,0,0
364933191,1954,4,4384943,362730200,364933191,2202991,360548248,2202991,358345257,0,0
364961102,1907,8,4310017,360476231,364961102,4484871,360651085,4484871,356166214,0,0
364962633,1981,1,4477866,364961102,364962633,1531,360484767,1531,360483236,0,0
365000804,1977,4,4457783,364931405,365000804,69399,360543021,69399,360473622,0,0
365041697,1978,4,4457837,364931405,365041697,110292,360583860,110292,360473568,0,0
365154716,1974,8,4438429,364833125,365154716,321591,360716287,321591,360394696,0,0
365155547,1983,1,4483812,365041697,365155547,113850,360671735,113850,360557885,0,0
365169192,1986,1,4486285,365154716,365169192,14476,360682907,14476,360668431,0,0
365412742,1985,4,4485874,365154716,365412742,258026,360926868,258026,360668842,0,0
365454873,1958,1,4392441,363228984,365454873,2225889,361062432,2225889,358836543,0,0
365639930,1971,4,4433484,364353753,365639930,1286177,361206446,1286177,359920269,0,0
365669344,1968,4,4431138,364154254,365669344,1515090,361238206,1515090,359723116,0,0
365678732,1992,1,4491156,365669344,365678732,9388,361187576,9388,361178188,0,0
365691987,1993,1,4498182,365678732,365691987,13255,361193805,13255,361180550,0,0
365733915,1994,1,4498787,365691987,365733915,41928,361235128,41928,361193200,0,0
365772318,1984,4,4485312,365154716,365772318,617602,361287006,617602,360669404,0,0
365875209,1991,1,4489242,365669344,365875209,205865,361385967,205865,361180102,0,0
365888107,1972,4,4434338,364353753,365888107,1534354,361453769,1534354,359919415,0,0
365911988,1997,1,4499824,365888107,365911988,23881,361412164,23881,361388283,0,0
365940008,1932,1,4353128,360695449,365940008,5244559,361586880,5244559,356342321,0,0
365993490,1996,1,4499762,365888107,365993490,105383,361493728,105383,361388345,0,0
365995503,1987,4,4486847,365412742,365995503,582761,361508656,582761,360925895,0,0
366172897,1980,4,4471989,364961102,366172897,1211795,361700908,1211795,360489113,0,0
366642908,1999,1,4508448,366172897,366642908,470011,362134460,470011,361664449,0,0
366662339,1998,8,4505802,366172897,366662339,489442,362156537,489442,361667095,0,0
366849449,1976,8,4444486,364931405,366849449,1918044,362404963,1918044,360486919,0,0
366995322,1989,4,4487642,365669344,366995322,1325978,362507680,1325978,361181702,0,0
366997714,1979,8,4468456,364961102,366997714,2036612,362529258,2036612,360492646,0,0
369648293,1995,8,4499365,365888107,369648293,3760186,365148928,3760186,361388742,0,0
370856777,1990,1,4489182,365669344,370856777,5187433,366367595,5187433,361180162,0,0
372575605,1961,8,4417173,363758970,372575605,8816635,368158432,8816635,359341797,0,0
374491813,1914,1,4312695,360476231,374491813,14015582,370179118,14015582,356163536,0,0
376127974,1965,8,4421903,363934139,376127974,12193835,371706071,12193835,359512236,0,0
376813496,1923,8,4336958,360695449,376813496,16118047,372476538,16118047,356358491,0,0
378268222,1912,1,4312420,360476231,378268222,17791991,373955802,17791991,356163811,0,0
378420149,1988,8,4487069,365639930,378420149,12780219,373933080,12780219,361152861,0,0
380011116,1864,16,4260900,333587310,380011116,46423806,375750216,46423806,329326410,0,0
384707102,1910,1,4311954,360476231,384707102,24230871,380395148,24230871,356164277,0,0
394051851,1860,8,4259669,327481613,394051851,66570238,389792182,66570238,323221944,0,0
400570517,1552,8,3691049,251517150,400570517,149053367,396879468,149053367,247826101,0,0
423102185,1913,1,4312491,360476231,423102185,62625954,418789694,62625954,356163740,0,0
426404870,1982,8,4480780,365041697,426404870,61363173,421924090,61363173,360560917,0,0
454251305,1915,1,4312850,360476231,454251305,93775074,449938455,93775074,356163381,0,0
457796059,1975,8,4443663,364858347,457796059,92937712,453352396,92937712,360414684,0,0
470771861,1911,1,4312249,360476231,470771861,110295630,466459612,110295630,356163982,0,0
588270686,1358,1,3411993,212537223,588270686,375733463,584858693,375733463,209125230,0,0
606638453,1222,1,3193617,181658897,606638453,424979556,603444836,424979556,178465280,0,0
