time,job_id,num_gpu,submit_time,start_time,end_time,executed_time,JCT,duration,pending_time,preempt,preemption_overhead,promote
10006,1,1,6,6,10006,10000,10000,10000,0,0,0,0
27794,2,1,6,6,27794,27788,27788,27788,0,0,0,0
47452,4,1,10,10,47452,47442,47442,47442,0,0,0,0
50932,24,1,44506,44506,50932,6426,6426,6426,0,0,0,0
71728,8,1,17,17,71728,71711,71711,71711,0,0,0,0
88003,18,1,44488,44488,88003,43515,43515,43515,0,0,0,0
95121,0,1,0,0,95121,95121,95121,95121,0,0,0,0
96445,7,1,14,14,96445,96431,96431,96431,0,0,0,0
138519,11,1,22,22,138519,138497,138497,138497,0,0,0,0
164380,13,1,26,26,164380,164354,164354,164354,0,0,0,0
205786,27,1,44508,44508,205786,161278,161278,161278,0,0,0,0
214591,9,1,18,18,214591,214573,214573,214573,0,0,0,0
227498,32,1,225010,225010,227498,2488,2488,2488,0,0,0,0
233159,30,1,224999,224999,233159,8160,8160,8160,0,0,0,0
249917,22,1,44500,44500,249917,205417,205417,205417,0,0,0,0
283022,15,1,30,30,283022,282992,282992,282992,0,0,0,0
329579,33,1,225012,225012,329579,104567,104567,104567,0,0,0,0
365796,41,4,291313,291313,365796,74483,74483,74483,0,0,0,0
398384,28,1,224994,224994,398384,173390,173390,173390,0,0,0,0
399086,25,1,44507,44507,399086,354579,354579,354579,0,0,0,0
399377,21,1,44498,44498,399377,354879,354879,354879,0,0,0,0
603106,53,4,510191,510191,603106,92915,92915,92915,0,0,0,0
621381,38,4,291295,291295,621381,330086,330086,330086,0,0,0,0
687598,58,4,632338,632338,687598,55260,55260,55260,0,0,0,0
696856,57,4,632336,632336,696856,64520,64520,64520,0,0,0,0
712420,55,4,632320,632320,712420,80100,80100,80100,0,0,0,0
864042,63,2,719754,719754,864042,144288,144288,144288,0,0,0,0
970520,16,1,44477,44477,970520,926043,926043,926043,0,0,0,0
984699,117,2,961023,961026,984699,23673,23676,23673,3,0,0,0
1000909,174,2,961222,970520,1000909,30389,39687,30389,9298,0,0,0
1013464,47,4,343925,343925,1013464,669539,669539,669539,0,0,0,0
1023010,124,2,961048,984699,1023010,38311,61962,38311,23651,0,0,0
1027060,64,2,719767,719767,1027060,307293,307293,307293,0,0,0,0
1042245,151,2,961143,1000909,1042245,41336,81102,41336,39766,0,0,0
1048758,62,2,719748,719748,1048758,329010,329010,329010,0,0,0,0
1049861,65,2,719816,719816,1049861,330045,330045,330045,0,0,0,0
1058448,195,2,961295,1013464,1058448,44984,97153,44984,52169,0,0,0
1064484,181,2,961246,1013464,1064484,51020,103238,51020,52218,0,0,0
1064984,66,2,719849,719849,1064984,345135,345135,345135,0,0,0,0
1077088,177,2,961233,1023010,1077088,54078,115855,54078,61777,0,0,0
1082889,126,2,961055,1027060,1082889,55829,121834,55829,66005,0,0,0
1103498,23,1,44500,44500,1103498,1058998,1058998,1058998,0,0,0,0
1104681,3,1,6,6,1104681,1104675,1104675,1104675,0,0,0,0
1120945,86,4,810604,1064484,1120945,56461,310341,56461,253880,0,0,0
1121917,202,2,961318,1064484,1121917,57433,160599,57433,103166,0,0,0
1122322,170,2,961208,1064484,1122322,57838,161114,57838,103276,0,0,0
1125262,199,2,961308,1064484,1125262,60778,163954,60778,103176,0,0,0
1134697,122,2,961041,1064984,1134697,69713,173656,69713,103943,0,0,0
1140848,34,1,225015,225015,1140848,915833,915833,915833,0,0,0,0
1148984,212,2,961361,1077088,1148984,71896,187623,71896,115727,0,0,0
1165937,141,2,961106,1082889,1165937,83048,204831,83048,121783,0,0,0
1197799,12,1,25,25,1197799,1197774,1197774,1197774,0,0,0,0
1208733,133,2,961078,1103498,1208733,105235,247655,105235,142420,0,0,0
1232732,156,2,961160,1120945,1232732,111787,271572,111787,159785,0,0,0
1241879,54,4,510211,510211,1241879,731668,731668,731668,0,0,0,0
1244282,159,2,961171,1120945,1244282,123337,283111,123337,159774,0,0,0
1251815,111,2,961001,1121917,1251815,129898,290814,129898,160916,0,0,0
1270183,17,1,44477,44477,1270183,1225706,1225706,1225706,0,0,0,0
1282684,142,2,961109,1122322,1282684,160362,321575,160362,161213,0,0,0
1321597,56,4,632320,632320,1321597,689277,689277,689277,0,0,0,0
1354721,35,1,225016,225016,1354721,1129705,1129705,1129705,0,0,0,0
1358123,168,2,961201,1125262,1358123,232861,396922,232861,164061,0,0,0
1419824,49,4,343982,343982,1419824,1075842,1075842,1075842,0,0,0,0
1423208,135,2,961086,1134697,1423208,288511,462122,288511,173611,0,0,0
1550284,116,2,961019,1140848,1550284,409436,589265,409436,179829,0,0,0
1601458,140,2,961102,1148984,1601458,452474,640356,452474,187882,0,0,0
1653267,171,2,961211,1165937,1653267,487330,692056,487330,204726,0,0,0
1718112,157,2,961164,1208733,1718112,509379,756948,509379,247569,0,0,0
1762553,165,2,961191,1232732,1762553,529821,801362,529821,271541,0,0,0
1794470,144,2,961118,1241879,1794470,552591,833352,552591,280761,0,0,0
1805570,247,2,1743130,1762553,1805570,43017,62440,43017,19423,0,0,0
1820660,232,2,1743067,1743072,1820660,77588,77593,77588,5,0,0,0
1855221,205,2,961332,1241879,1855221,613342,893889,613342,280547,0,0,0
1855935,283,1,1837887,1837896,1855935,18039,18048,18039,9,0,0,0
1860680,233,2,1743072,1794470,1860680,66210,117608,66210,51398,0,0,0
1871311,286,1,1837922,1837931,1871311,33380,33389,33380,9,0,0,0
1871313,291,1,1837969,1855221,1871313,16092,33344,16092,17252,0,0,0
1872608,301,1,1838064,1855221,1872608,17387,34544,17387,17157,0,0,0
1875641,289,1,1837949,1837957,1875641,37684,37692,37684,8,0,0,0
1877636,382,1,1838943,1855935,1877636,21701,38693,21701,16992,0,0,0
1878678,251,2,1743145,1805570,1878678,73108,135533,73108,62425,0,0,0
1882645,384,1,1838962,1860680,1882645,21965,43683,21965,21718,0,0,0
1883217,60,2,719728,719728,1883217,1163489,1163489,1163489,0,0,0,0
1886590,305,1,1838105,1860680,1886590,25910,48485,25910,22575,0,0,0
1896000,76,4,810492,810492,1896000,1085508,1085508,1085508,0,0,0,0
1897256,394,1,1892950,1896000,1897256,1256,4306,1256,3050,0,0,0
1897988,238,2,1743092,1820660,1897988,77328,154896,77328,77568,0,0,0
1900500,296,1,1838014,1871311,1900500,29189,62486,29189,33297,0,0,0
1902127,304,1,1838090,1871313,1902127,30814,64037,30814,33223,0,0,0
1904536,347,1,1838569,1872608,1904536,31928,65967,31928,34039,0,0,0
1904796,395,1,1893036,1896000,1904796,8796,11760,8796,2964,0,0,0
1911292,314,1,1838201,1875641,1911292,35651,73091,35651,37440,0,0,0
1912543,407,2,1900833,1904536,1912543,8007,11710,8007,3703,0,0,0
1913665,315,1,1838219,1877636,1913665,36029,75446,36029,39417,0,0,0
1914978,363,1,1838723,1878678,1914978,36300,76255,36300,39955,0,0,0
1916043,19,1,44488,44488,1916043,1871555,1871555,1871555,0,0,0,0
1916244,353,1,1838628,1878678,1916244,37566,77616,37566,40050,0,0,0
1920375,321,1,1838276,1882645,1920375,37730,82099,37730,44369,0,0,0
1921260,310,1,1838151,1883217,1921260,38043,83109,38043,45066,0,0,0
1923200,328,1,1838357,1883217,1923200,39983,84843,39983,44860,0,0,0
1927138,341,1,1838500,1886590,1927138,40548,88638,40548,48090,0,0,0
1931036,406,2,1900806,1912543,1931036,18493,30230,18493,11737,0,0,0
1938198,92,4,810997,1270183,1938198,668015,1127201,668015,459186,0,0,0
1938593,275,2,1829695,1896000,1938593,42593,108898,42593,66305,0,0,0
1941006,130,2,961069,1270183,1941006,670823,979937,670823,309114,0,0,0
1942665,409,2,1901098,1916244,1942665,26421,41567,26421,15146,0,0,0
1951189,356,1,1838662,1897256,1951189,53933,112527,53933,58594,0,0,0
1957354,118,2,961026,1282684,1957354,674670,996328,674670,321658,0,0,0
1961826,398,2,1900661,1923200,1961826,38626,61165,38626,22539,0,0,0
1964124,385,1,1838970,1897988,1964124,66136,125154,66136,59018,0,0,0
1964726,354,1,1838637,1897988,1964726,66738,126089,66738,59351,0,0,0
1971101,343,1,1838535,1900500,1971101,70601,132566,70601,61965,0,0,0
1973110,401,2,1900676,1927138,1973110,45972,72434,45972,26462,0,0,0
1980652,404,2,1900755,1931036,1980652,49616,79897,49616,30281,0,0,0
1988872,402,2,1900719,1938198,1988872,50674,88153,50674,37479,0,0,0
2011142,313,1,1838185,1938198,2011142,72944,172957,72944,100013,0,0,0
2016050,259,2,1743194,1938593,2016050,77457,272856,77457,195399,0,0,0
2016805,307,1,1838123,1938593,2016805,78212,178682,78212,100470,0,0,0
2018130,169,2,961204,1321597,2018130,696533,1056926,696533,360393,0,0,0
2018644,372,1,1838835,1938593,2018644,80051,179809,80051,99758,0,0,0
2026035,413,1,1986341,1988872,2026035,37163,39694,37163,2531,0,0,0
2026438,290,1,1837957,1938593,2026438,87845,188481,87845,100636,0,0,0
2040076,367,1,1838759,1938593,2040076,101483,201317,101483,99834,0,0,0
2044550,410,4,1911117,1942665,2044550,101885,133433,101885,31548,0,0,0
2054492,338,1,1838474,1942665,2054492,111827,216018,111827,104191,0,0,0
2075997,266,2,1829632,1957354,2075997,118643,246365,118643,127722,0,0,0
2093615,312,1,1838174,1957354,2093615,136261,255441,136261,119180,0,0,0
2102393,252,2,1743149,1961826,2102393,140567,359244,140567,218677,0,0,0
2112142,256,2,1743175,1964726,2112142,147416,368967,147416,221551,0,0,0
2123483,112,2,961004,1321597,2123483,801886,1162479,801886,360593,0,0,0
2134703,451,4,2059042,2112142,2134703,22561,75661,22561,53100,0,0,0
2144235,392,1,1892825,1971101,2144235,173134,251410,173134,78276,0,0,0
2156580,223,4,1730216,1980652,2156580,175928,426364,175928,250436,0,0,0
2174840,426,4,2058866,2134703,2174840,40137,115974,40137,75837,0,0,0
2177164,380,1,1838925,1988872,2177164,188292,338239,188292,149947,0,0,0
2190375,128,2,961062,1354721,2190375,835654,1229313,835654,393659,0,0,0
2196194,193,2,961287,1358123,2196194,838071,1234907,838071,396836,0,0,0
2202098,445,4,2058992,2156580,2202098,45518,143106,45518,97588,0,0,0
2205946,348,1,1838585,2011142,2205946,194804,367361,194804,172557,0,0,0
2230414,272,2,1829675,2016050,2230414,214364,400739,214364,186375,0,0,0
2245421,484,4,2230255,2230414,2245421,15007,15166,15007,159,0,0,0
2260519,480,4,2230241,2245421,2260519,15098,30278,15098,15180,0,0,0
2260705,300,1,1838055,2016805,2260705,243900,422650,243900,178750,0,0,0
2266188,154,2,961153,1419824,2266188,846364,1305035,846364,458671,0,0,0
2267347,457,4,2059102,2174840,2267347,92507,208245,92507,115738,0,0,0
2278178,45,4,343918,343918,2278178,1934260,1934260,1934260,0,0,0,0
2279311,269,2,1829653,2018130,2279311,261181,449658,261181,188477,0,0,0
2281447,477,4,2230229,2260519,2281447,20928,51218,20928,30290,0,0,0
2293122,470,4,2230205,2267347,2293122,25775,62917,25775,37142,0,0,0
2305351,513,4,2230381,2278178,2305351,27173,74970,27173,47797,0,0,0
2307697,476,4,2230226,2279311,2307697,28386,77471,28386,49085,0,0,0
2318183,246,2,1743125,2044550,2318183,273633,575058,273633,301425,0,0,0
2321862,303,1,1838081,2044550,2321862,277312,483781,277312,206469,0,0,0
2323472,235,2,1743079,2044550,2323472,278922,580393,278922,301471,0,0,0
2326396,299,1,1838046,2044550,2326396,281846,488350,281846,206504,0,0,0
2332752,393,1,1892933,2044550,2332752,288202,439819,288202,151617,0,0,0
2349939,415,4,2058785,2202098,2349939,147841,291154,147841,143313,0,0,0
2355470,505,4,2230346,2281447,2355470,74023,125124,74023,51101,0,0,0
2370901,472,4,2230212,2293122,2370901,77779,140689,77779,62910,0,0,0
2385364,198,2,961305,1419824,2385364,965540,1424059,965540,458519,0,0,0
2388110,5,1,11,11,2388110,2388099,2388099,2388099,0,0,0,0
2395937,490,4,2230277,2305351,2395937,90586,165660,90586,75074,0,0,0
2403324,14,1,29,29,2403324,2403295,2403295,2403295,0,0,0,0
2412330,29,1,224997,224997,2412330,2187333,2187333,2187333,0,0,0,0
2415818,525,4,2230435,2307697,2415818,108121,185383,108121,77262,0,0,0
2418963,532,4,2394731,2395937,2418963,23026,24232,23026,1206,0,0,0
2435772,210,2,961349,1423208,2435772,1012564,1474423,1012564,461859,0,0,0
2453807,551,4,2394804,2415818,2453807,37989,59003,37989,21014,0,0,0
2476005,520,4,2230413,2321862,2476005,154143,245592,154143,91449,0,0,0
2477688,504,4,2230343,2323472,2477688,154216,247345,154216,93129,0,0,0
2509123,421,4,2058830,2349939,2509123,159184,450293,159184,291109,0,0,0
2530618,42,4,291315,291315,2530618,2239303,2239303,2239303,0,0,0,0
2540366,455,4,2059079,2355470,2540366,184896,481287,184896,296391,0,0,0
2546179,552,4,2394808,2418963,2546179,127216,151371,127216,24155,0,0,0
2577709,511,4,2230371,2370901,2577709,206808,347338,206808,140530,0,0,0
2609160,483,4,2230252,2385364,2609160,223796,378908,223796,155112,0,0,0
2649780,529,4,2394720,2453807,2649780,195973,255060,195973,59087,0,0,0
2684429,200,2,961312,1550284,2684429,1134145,1723117,1134145,588972,0,0,0
2701198,464,4,2230184,2476005,2701198,225193,471014,225193,245821,0,0,0
2702954,414,4,2058781,2477688,2702954,225266,644173,225266,418907,0,0,0
2703108,37,4,291287,291287,2703108,2411821,2411821,2411821,0,0,0,0
2734613,26,1,44508,44508,2734613,2690105,2690105,2690105,0,0,0,0
2736078,59,2,719719,719719,2736078,2016359,2016359,2016359,0,0,0,0
2738193,530,4,2394724,2509123,2738193,229070,343469,229070,114399,0,0,0
2739810,208,2,961343,1601458,2739810,1138352,1778467,1138352,640115,0,0,0
2775986,510,4,2230367,2530618,2775986,245368,545619,245368,300251,0,0,0
2788633,10,1,21,21,2788633,2788612,2788612,2788612,0,0,0,0
2789560,491,4,2230280,2540366,2789560,249194,559280,249194,310086,0,0,0
2790039,560,8,2762368,2789560,2790039,479,27671,479,27192,0,0,0
2791118,556,8,2762351,2790039,2791118,1079,28767,1079,27688,0,0,0
2793129,561,8,2764715,2791118,2793129,2011,28414,2011,26403,0,0,0
2795880,568,8,2764803,2793129,2795880,2751,31077,2751,28326,0,0,0
2799821,6,1,12,12,2799821,2799809,2799809,2799809,0,0,0,0
2802299,496,4,2230304,2546179,2802299,256120,571995,256120,315875,0,0,0
2812273,577,8,2788528,2795880,2812273,16393,23745,16393,7352,0,0,0
2834126,540,4,2394763,2577709,2834126,256417,439363,256417,182946,0,0,0
2836919,565,8,2764735,2812273,2836919,24646,72184,24646,47538,0,0,0
2859887,557,8,2762365,2834126,2859887,25761,97522,25761,71761,0,0,0
2861572,582,8,2842990,2859887,2861572,1685,18582,1685,16897,0,0,0
2872206,482,4,2230248,2609160,2872206,263046,641958,263046,378912,0,0,0
2873548,579,8,2831118,2836919,2873548,36629,42430,36629,5801,0,0,0
2881329,583,8,2866521,2873548,2881329,7781,14808,7781,7027,0,0,0
2882459,125,2,961051,1653267,2882459,1229192,1921408,1229192,692216,0,0,0
2899546,569,8,2764860,2861572,2899546,37974,134686,37974,96712,0,0,0
2923408,571,8,2778451,2881329,2923408,42079,144957,42079,102878,0,0,0
2925525,424,4,2058855,2649780,2925525,275745,866670,275745,590925,0,0,0
2931773,574,8,2787624,2882459,2931773,49314,144149,49314,94835,0,0,0
2938823,399,2,1900666,2649780,2938823,289043,1038157,289043,749114,0,0,0
2946858,309,1,1838141,2649780,2946858,297078,1108717,297078,811639,0,0,0
2950150,575,8,2787660,2899546,2950150,50604,162490,50604,111886,0,0,0
2951223,320,1,1838268,2649780,2951223,301443,1112955,301443,811512,0,0,0
2997727,578,8,2831097,2923408,2997727,74319,166630,74319,92311,0,0,0
3003968,411,4,1911136,2701198,3003968,302770,1092832,302770,790062,0,0,0
3014934,263,2,1743219,2701198,3014934,313736,1271715,313736,957979,0,0,0
3017980,581,8,2831155,2931773,3017980,86207,186825,86207,100618,0,0,0
3039644,288,1,1837940,2701198,3039644,338446,1201704,338446,863258,0,0,0
3041770,837,1,3028125,3039644,3041770,2126,13645,2126,11519,0,0,0
3042974,336,1,1838448,2701198,3042974,341776,1204526,341776,862750,0,0,0
3056972,826,1,3028099,3041770,3056972,15202,28873,15202,13671,0,0,0
3058864,845,1,3028204,3042974,3058864,15890,30660,15890,14770,0,0,0
3078050,523,4,2230424,2702954,3078050,375096,847626,375096,472530,0,0,0
3078290,846,1,3028215,3056972,3078290,21318,50075,21318,28757,0,0,0
3080825,265,2,1829629,2702954,3080825,377871,1251196,377871,873325,0,0,0
3089807,816,1,3028078,3058864,3089807,30943,61729,30943,30786,0,0,0
3094000,517,4,2230398,2703108,3094000,390892,863602,390892,472710,0,0,0
3109318,847,1,3028440,3078050,3109318,31268,80878,31268,49610,0,0,0
3112860,375,1,1838866,2703108,3112860,409752,1273994,409752,864242,0,0,0
3113697,809,1,3028064,3078050,3113697,35647,85633,35647,49986,0,0,0
3113752,808,1,3028063,3078050,3113752,35702,85689,35702,49987,0,0,0
3114788,842,1,3028136,3078050,3114788,36738,86652,36738,49914,0,0,0
3122228,812,1,3028070,3078290,3122228,43938,94158,43938,50220,0,0,0
3126847,810,1,3028066,3080825,3126847,46022,98781,46022,52759,0,0,0
3135160,794,1,3028033,3080825,3135160,54335,107127,54335,52792,0,0,0
3144446,741,1,3027899,3089807,3144446,54639,116547,54639,61908,0,0,0
3150105,438,4,2058942,2738193,3150105,411912,1091163,411912,679251,0,0,0
3152099,539,4,2394759,2739810,3152099,412289,757340,412289,345051,0,0,0
3153701,697,1,3027713,3094000,3153701,59701,125988,59701,66287,0,0,0
3155296,711,1,3027739,3094000,3155296,61296,127557,61296,66261,0,0,0
3155676,692,1,3027697,3094000,3155676,61676,127979,61676,66303,0,0,0
3157517,756,1,3027935,3094000,3157517,63517,129582,63517,66065,0,0,0
3160405,656,1,3027595,3027598,3160405,132807,132810,132807,3,0,0,0
3161913,603,1,3027133,3027141,3161913,134772,134780,134772,8,0,0,0
3165621,558,8,2762366,2946858,3165621,218763,403255,218763,184492,0,0,0
3176197,787,1,3028016,3109318,3176197,66879,148181,66879,81302,0,0,0
3183472,669,1,3027629,3027631,3183472,155841,155843,155841,2,0,0,0
3185058,782,1,3028004,3112860,3185058,72198,157054,72198,84856,0,0,0
3190020,613,1,3027181,3027195,3190020,162825,162839,162825,14,0,0,0
3190666,827,1,3028099,3113697,3190666,76969,162567,76969,85598,0,0,0
3192957,838,1,3028126,3113752,3192957,79205,164831,79205,85626,0,0,0
3197668,834,1,3028117,3114788,3197668,82880,169551,82880,86671,0,0,0
3198117,564,8,2764726,2950150,3198117,247967,433391,247967,185424,0,0,0
3200895,597,1,3027091,3027094,3200895,173801,173804,173801,3,0,0,0
3207638,835,1,3028120,3122228,3207638,85410,179518,85410,94108,0,0,0
3210079,20,1,44497,44497,3210079,3165582,3165582,3165582,0,0,0,0
3210316,671,1,3027633,3027637,3210316,182679,182683,182679,4,0,0,0
3214420,749,1,3027919,3126847,3214420,87573,186501,87573,98928,0,0,0
3227809,848,1,3028452,3135160,3227809,92649,199357,92649,106708,0,0,0
3237752,775,1,3027988,3144446,3237752,93306,209764,93306,116458,0,0,0
3244983,777,1,3027992,3150105,3244983,94878,216991,94878,122113,0,0,0
3246590,713,1,3027778,3150105,3246590,96485,218812,96485,122327,0,0,0
3246787,844,1,3028157,3150105,3246787,96682,218630,96682,121948,0,0,0
3247626,576,8,2788525,2997727,3247626,249899,459101,249899,209202,0,0,0
3248829,716,1,3027848,3150105,3248829,98724,220981,98724,122257,0,0,0
3253448,759,1,3027943,3152099,3253448,101349,225505,101349,124156,0,0,0
3255828,703,1,3027724,3152099,3255828,103729,228104,103729,124375,0,0,0
3258917,702,1,3027724,3152099,3258917,106818,231193,106818,124375,0,0,0
3260047,617,1,3027237,3027241,3260047,232806,232810,232806,4,0,0,0
3262494,831,1,3028112,3152099,3262494,110395,234382,110395,123987,0,0,0
3264443,724,1,3027864,3153701,3264443,110742,236579,110742,125837,0,0,0
3266144,839,1,3028130,3155296,3266144,110848,238014,110848,127166,0,0,0
3268054,736,1,3027887,3155676,3268054,112378,240167,112378,127789,0,0,0
3272568,636,1,3027362,3027365,3272568,245203,245206,245203,3,0,0,0
3272746,755,1,3027931,3157517,3272746,115229,244815,115229,129586,0,0,0
3275664,832,1,3028113,3160405,3275664,115259,247551,115259,132292,0,0,0
3279565,685,1,3027673,3161913,3279565,117652,251892,117652,134240,0,0,0
3283446,757,1,3027937,3165621,3283446,117825,255509,117825,137684,0,0,0
3286771,622,1,3027271,3027274,3286771,259497,259500,259497,3,0,0,0
3288910,725,1,3027866,3165621,3288910,123289,261044,123289,137755,0,0,0
3296349,843,1,3028139,3165621,3296349,130728,268210,130728,137482,0,0,0
3301830,715,1,3027819,3165621,3301830,136209,274011,136209,137802,0,0,0
3305013,649,1,3027552,3027558,3305013,277455,277461,277455,6,0,0,0
3307697,620,1,3027263,3027267,3307697,280430,280434,280430,4,0,0,0
3313107,567,8,2764786,3017980,3313107,295127,548321,295127,253194,0,0,0
3331255,708,1,3027735,3165621,3331255,165634,303520,165634,137886,0,0,0
3344609,695,1,3027709,3165621,3344609,178988,316900,178988,137912,0,0,0
3350586,638,1,3027369,3027388,3350586,323198,323217,323198,19,0,0,0
3359092,830,1,3028108,3165621,3359092,193471,330984,193471,137513,0,0,0
3373465,660,1,3027602,3027603,3373465,345862,345863,345862,1,0,0,0
3413664,783,1,3028008,3165621,3413664,248043,385656,248043,137613,0,0,0
3433927,781,1,3028003,3176197,3433927,257730,405924,257730,148194,0,0,0
3444706,672,1,3027637,3183472,3444706,261234,417069,261234,155835,0,0,0
3453622,825,1,3028095,3185058,3453622,268564,425527,268564,156963,0,0,0
3457919,74,2,769106,769106,3457919,2688813,2688813,2688813,0,0,0,0
3459248,819,1,3028082,3190020,3459248,269228,431166,269228,161938,0,0,0
3461513,774,1,3027984,3190666,3461513,270847,433529,270847,162682,0,0,0
3466240,771,1,3027980,3192957,3466240,273283,438260,273283,164977,0,0,0
3477216,766,1,3027966,3197668,3477216,279548,449250,279548,169702,0,0,0
3485080,768,1,3027969,3198117,3485080,286963,457111,286963,170148,0,0,0
3499364,788,1,3028019,3198117,3499364,301247,471345,301247,170098,0,0,0
3503584,761,1,3027957,3198117,3503584,305467,475627,305467,170160,0,0,0
3508140,841,1,3028134,3198117,3508140,310023,480006,310023,169983,0,0,0
3518039,72,2,769093,769093,3518039,2748946,2748946,2748946,0,0,0,0
3537021,822,1,3028090,3198117,3537021,338904,508931,338904,170027,0,0,0
3622148,555,8,2762344,3247626,3622148,374522,859804,374522,485282,0,0,0
3623351,559,8,2762367,3248829,3623351,374522,860984,374522,486462,0,0,0
3640375,39,4,291300,291300,3640375,3349075,3349075,3349075,0,0,0,0
3680814,541,4,2394767,3262494,3680814,418320,1286047,418320,867727,0,0,0
3703521,302,1,1838073,3262494,3703521,441027,1865448,441027,1424421,0,0,0
3705354,828,1,3028104,3262494,3705354,442860,677250,442860,234390,0,0,0
3718011,433,4,2058897,3272746,3718011,445265,1659114,445265,1213849,0,0,0
3749500,417,4,2058800,3301830,3749500,447670,1690700,447670,1243030,0,0,0
3758495,31,1,225000,225000,3758495,3533495,3533495,3533495,0,0,0,0
3764880,489,4,2230273,3313107,3764880,451773,1534607,451773,1082834,0,0,0
3772636,840,1,3028131,3313107,3772636,459529,744505,459529,284976,0,0,0
3776219,515,4,2230391,3313107,3776219,463112,1545828,463112,1082716,0,0,0
3797765,856,4,3721511,3749500,3797765,48265,76254,48265,27989,0,0,0
3818393,71,2,769074,769074,3818393,3049319,3049319,3049319,0,0,0,0
3818428,70,2,769060,769060,3818428,3049368,3049368,3049368,0,0,0,0
3822312,861,4,3721529,3764880,3822312,57432,100783,57432,43351,0,0,0
3837319,507,4,2230353,3373465,3837319,463854,1606966,463854,1143112,0,0,0
3846330,366,1,1838750,3373465,3846330,472865,2007580,472865,1534715,0,0,0
3860696,389,1,1839011,3373465,3860696,487231,2021685,487231,1534454,0,0,0
3864470,746,1,3027911,3373465,3864470,491005,836559,491005,345554,0,0,0
3868180,875,1,3867133,3867169,3868180,1011,1047,1011,36,0,0,0
3872567,800,1,3028045,3373465,3872567,499102,844522,499102,345420,0,0,0
3876779,868,4,3721559,3776219,3876779,100560,155220,100560,54660,0,0,0
3879580,885,4,3873106,3876779,3879580,2801,6474,2801,3673,0,0,0
3882684,880,4,3873036,3879580,3882684,3104,9648,3104,6544,0,0,0
3897262,876,1,3867169,3868180,3897262,29082,30093,29082,1011,0,0,0
3898019,878,4,3873009,3882684,3898019,15335,25010,15335,9675,0,0,0
3908919,894,4,3890341,3898019,3908919,10900,18578,10900,7678,0,0,0
3917096,874,4,3721586,3797765,3917096,119331,195510,119331,76179,0,0,0
3938704,893,4,3890336,3908919,3938704,29785,48368,29785,18583,0,0,0
3948651,883,4,3873097,3917096,3948651,31555,75554,31555,43999,0,0,0
3998186,563,8,2764723,3477216,3998186,520970,1233463,520970,712493,0,0,0
3998367,860,4,3721525,3818428,3998367,179939,276842,179939,96903,0,0,0
4013651,295,1,1838005,3477216,4013651,536435,2175646,536435,1639211,0,0,0
4018638,884,4,3873101,3938704,4018638,79934,145537,79934,65603,0,0,0
4024548,334,1,1838416,3477216,4024548,547332,2186132,547332,1638800,0,0,0
4028483,323,1,1838303,3477216,4028483,551267,2190180,551267,1638913,0,0,0
4031387,337,1,1838466,3477216,4031387,554171,2192921,554171,1638750,0,0,0
4038012,891,4,3890327,3948651,4038012,89361,147685,89361,58324,0,0,0
4038083,815,1,3028075,3477216,4038083,560867,1010008,560867,449141,0,0,0
4040735,871,4,3721571,3822312,4040735,218423,319164,218423,100741,0,0,0
4069377,475,4,2230222,3508140,4069377,561237,1839155,561237,1277918,0,0,0
4099683,881,4,3873089,3998186,4099683,101497,226594,101497,125097,0,0,0
4100724,534,4,2394738,3537021,4100724,563703,1705986,563703,1142283,0,0,0
4106139,650,1,3027558,3537021,4106139,569118,1078581,569118,509463,0,0,0
4122512,902,1,4098906,4099683,4122512,22829,23606,22829,777,0,0,0
4132217,879,4,3873028,3998186,4132217,134031,259189,134031,125158,0,0,0
4147856,855,4,3721507,3837319,4147856,310537,426349,310537,115812,0,0,0
4162582,886,4,3890306,3998367,4162582,164215,272276,164215,108061,0,0,0
4191407,466,4,2230191,3622148,4191407,569259,1961216,569259,1391957,0,0,0
4192717,463,4,2230181,3622148,4192717,570569,1962536,570569,1391967,0,0,0
4195228,887,4,3890310,4013651,4195228,181577,304918,181577,123341,0,0,0
4197336,542,4,2394771,3623351,4197336,573985,1802565,573985,1228580,0,0,0
4201680,425,4,2058862,3623351,4201680,578329,2142818,578329,1564489,0,0,0
4233034,903,8,4131053,4147856,4233034,85178,101981,85178,16803,0,0,0
4240211,905,8,4217249,4233034,4240211,7177,22962,7177,15785,0,0,0
4260166,562,8,2764717,3680814,4260166,579352,1495449,579352,916097,0,0,0
4261259,901,8,4047477,4100724,4261259,160535,213782,160535,53247,0,0,0
4262668,665,1,3027622,3680814,4262668,581854,1235046,581854,653192,0,0,0
4268927,854,4,3721503,3864470,4268927,404457,547424,404457,142967,0,0,0
4300894,898,4,3916185,4018638,4300894,282256,384709,282256,102453,0,0,0
4302886,474,4,2230219,3718011,4302886,584875,2072667,584875,1487792,0,0,0
4338833,897,4,3916170,4038012,4338833,300821,422663,300821,121842,0,0,0
4419549,906,8,4301307,4338833,4419549,80716,118242,80716,37526,0,0,0
4422436,912,8,4349687,4419549,4422436,2887,72749,2887,69862,0,0,0
4430603,909,4,4343680,4422436,4430603,8167,86923,8167,78756,0,0,0
4461102,916,4,4390118,4422436,4461102,38666,70984,38666,32318,0,0,0
4501414,911,4,4348474,4430603,4501414,70811,152940,70811,82129,0,0,0
4506185,928,4,4491981,4501414,4506185,4771,14204,4771,9433,0,0,0
4506210,882,4,3873093,4040735,4506210,465475,633117,465475,167642,0,0,0
4510430,917,4,4442540,4461102,4510430,49328,67890,49328,18562,0,0,0
4514858,931,4,4491995,4506185,4514858,8673,22863,8673,14190,0,0,0
4515633,927,4,4491980,4506210,4515633,9423,23653,9423,14230,0,0,0
4551021,944,4,4496513,4510430,4551021,40591,54508,40591,13917,0,0,0
4557930,954,4,4524626,4551021,4557930,6909,33304,6909,26395,0,0,0
4566102,950,4,4524588,4557930,4566102,8172,41514,8172,33342,0,0,0
4574774,951,4,4524591,4566102,4574774,8672,50183,8672,41511,0,0,0
4578018,918,4,4442544,4514858,4578018,63160,135474,63160,72314,0,0,0
4581225,943,4,4496509,4515633,4581225,65592,84716,65592,19124,0,0,0
4599351,949,4,4524584,4574774,4599351,24577,74767,24577,50190,0,0,0
4627793,850,4,3721489,4122512,4627793,505281,906304,505281,401023,0,0,0
4647073,935,4,4492021,4578018,4647073,69055,155052,69055,85997,0,0,0
4665386,914,4,4387864,4581225,4665386,84161,277522,84161,193361,0,0,0
4717947,913,4,4387854,4599351,4717947,118596,330093,118596,211497,0,0,0
4770649,932,4,4492004,4627793,4770649,142856,278645,142856,135789,0,0,0
4781722,959,4,4760871,4770649,4781722,11073,20851,11073,9778,0,0,0
4799873,587,8,3011382,4191407,4799873,608466,1788491,608466,1180025,0,0,0
4809840,851,4,3721493,4192717,4809840,617123,1088347,617123,471224,0,0,0
4815482,297,1,1838022,4192717,4815482,622765,2977460,622765,2354695,0,0,0
4815867,318,1,1838250,4192717,4815867,623150,2977617,623150,2354467,0,0,0
4823212,956,4,4760845,4781722,4823212,41490,62367,41490,20877,0,0,0
4831921,933,4,4492011,4647073,4831921,184848,339910,184848,155062,0,0,0
4844261,215,4,1730160,4195228,4844261,649033,3114101,649033,2465068,0,0,0
4846244,960,4,4760876,4799873,4846244,46371,85368,46371,38997,0,0,0
4849228,439,4,2058946,4197336,4849228,651892,2790282,651892,2138390,0,0,0
4854528,627,1,3027298,4197336,4854528,657192,1827230,657192,1170038,0,0,0
4855765,364,1,1838732,4197336,4855765,658429,3017033,658429,2358604,0,0,0
4856370,351,1,1838611,4197336,4856370,659034,3017759,659034,2358725,0,0,0
4867323,676,1,3027644,4197336,4867323,669987,1839679,669987,1169692,0,0,0
4868814,621,1,3027267,4197336,4868814,671478,1841547,671478,1170069,0,0,0
4875220,346,1,1838560,4201680,4875220,673540,3036660,673540,2363120,0,0,0
4880012,936,4,4496481,4665386,4880012,214626,383531,214626,168905,0,0,0
4891625,981,4,4871827,4880012,4891625,11613,19798,11613,8185,0,0,0
4910731,973,4,4869973,4891625,4910731,19106,40758,19106,21652,0,0,0
4924979,531,4,2394727,4240211,4924979,684768,2530252,684768,1845484,0,0,0
4930616,962,4,4869521,4910731,4930616,19885,61095,19885,41210,0,0,0
4944527,982,4,4925426,4930616,4944527,13911,19101,13911,5190,0,0,0
4952277,877,4,3873005,4240211,4952277,712066,1079272,712066,367206,0,0,0
4952592,287,1,1837931,4240211,4952592,712381,3114661,712381,2402280,0,0,0
4959875,977,4,4869989,4924979,4959875,34896,89886,34896,54990,0,0,0
4962497,910,4,4348460,4717947,4962497,244550,614037,244550,369487,0,0,0
4967615,408,2,1900934,4240211,4967615,727404,3066681,727404,2339277,0,0,0
4989107,226,2,1743040,4260166,4989107,728941,3246067,728941,2517126,0,0,0
4990286,280,2,1829720,4260166,4990286,730120,3160566,730120,2430446,0,0,0
4990840,524,4,2230431,4260166,4990840,730674,2760409,730674,2029735,0,0,0
4994893,836,1,3028121,4261259,4994893,733634,1966772,733634,1233138,0,0,0
5000970,966,4,4869540,4944527,5000970,56443,131430,56443,74987,0,0,0
5008520,779,1,3027995,4261259,5008520,747261,1980525,747261,1233264,0,0,0
5012640,969,4,4869959,4952277,5012640,60363,142681,60363,82318,0,0,0
5019132,573,8,2778479,4268927,5019132,750205,2240653,750205,1490448,0,0,0
5033540,957,4,4760855,4799873,5033540,233667,272685,233667,39018,0,0,0
5039678,273,2,1829683,4268927,5039678,770751,3209995,770751,2439244,0,0,0
5053606,298,1,1838038,4268927,5053606,784679,3215568,784679,2430889,0,0,0
5058418,61,2,719742,719742,5058418,4338676,4338676,4338676,0,0,0,0
5085571,970,4,4869963,4959875,5085571,125696,215608,125696,89912,0,0,0
5091337,227,2,1743044,4300894,5091337,790443,3348293,790443,2557850,0,0,0
5132204,938,4,4496489,4809840,5132204,322364,635715,322364,313351,0,0,0
5140626,978,4,4869992,4962497,5140626,178129,270634,178129,92505,0,0,0
5172793,974,4,4869978,4967615,5172793,205178,302815,205178,97637,0,0,0
5181666,961,4,4760908,4823212,5181666,358454,420758,358454,62304,0,0,0
5215867,940,4,4496497,4831921,5215867,383946,719370,383946,335424,0,0,0
5231270,980,4,4871823,4990286,5231270,240984,359447,240984,118463,0,0,0
5253515,965,4,4869535,4990840,5253515,262675,383980,262675,121305,0,0,0
5291069,920,4,4442557,4844261,5291069,446808,848512,446808,401704,0,0,0
5327220,975,4,4869981,5000970,5327220,326250,457239,326250,130989,0,0,0
5380518,988,4,5212918,5215867,5380518,164651,167600,164651,2949,0,0,0
5401253,941,4,4496501,4846244,5401253,555009,904752,555009,349743,0,0,0
5408526,925,4,4443293,4849228,5408526,559298,965233,559298,405935,0,0,0
5644720,908,4,4343676,5012640,5644720,632080,1301044,632080,668964,0,0,0
5647129,996,2,5560659,5644720,5647129,2409,86470,2409,84061,0,0,0
5666763,995,2,5560655,5644720,5666763,22043,106108,22043,84065,0,0,0
5690257,990,4,5451075,5666763,5690257,23494,239182,23494,215688,0,0,0
5703674,989,4,5212922,5231270,5703674,472404,490752,472404,18348,0,0,0
5723015,953,4,4524620,5019132,5723015,703883,1198395,703883,494512,0,0,0
5729538,979,4,4869996,5019132,5729538,710406,859542,710406,149136,0,0,0
5740719,992,2,5560635,5690257,5740719,50462,180084,50462,129622,0,0,0
5770075,921,4,4442561,5033540,5770075,736535,1327514,736535,590979,0,0,0
5779691,1022,4,5641116,5703674,5779691,76017,138575,76017,62558,0,0,0
5799773,1026,4,5654163,5723015,5799773,76758,145610,76758,68852,0,0,0
5811316,1011,4,5640888,5729538,5811316,81778,170428,81778,88650,0,0,0
5824267,1006,4,5564836,5740719,5824267,83548,259431,83548,175883,0,0,0
5827762,919,4,4442549,5039678,5827762,788084,1385213,788084,597129,0,0,0
5850429,479,4,2230238,5058418,5850429,792011,3620191,792011,2828180,0,0,0
5852317,237,2,1743086,5058418,5852317,793899,4109231,793899,3315332,0,0,0
5856621,814,1,3028074,5058418,5856621,798203,2828547,798203,2030344,0,0,0
5858925,821,1,3028086,5058418,5858925,800507,2830839,800507,2030332,0,0,0
5866329,349,1,1838594,5058418,5866329,807911,4027735,807911,3219824,0,0,0
5866647,807,1,3028060,5058418,5866647,808229,2838587,808229,2030358,0,0,0
5868810,360,1,1838697,5058418,5868810,810392,4030113,810392,3219721,0,0,0
5873225,805,1,3028056,5058418,5873225,814807,2845169,814807,2030362,0,0,0
5893102,993,2,5560636,5770075,5893102,123027,332466,123027,209439,0,0,0
5906740,820,1,3028085,5085571,5906740,821169,2878655,821169,2057486,0,0,0
5906954,701,1,3027720,5085571,5906954,821383,2879234,821383,2057851,0,0,0
5908543,732,1,3027879,5085571,5908543,822972,2880664,822972,2057692,0,0,0
5913635,801,1,3028049,5085571,5913635,828064,2885586,828064,2057522,0,0,0
5921878,1015,4,5640945,5779691,5921878,142187,280933,142187,138746,0,0,0
5942611,1014,4,5640943,5799773,5942611,142838,301668,142838,158830,0,0,0
5957349,987,4,5212903,5253515,5957349,703834,744446,703834,40612,0,0,0
5970280,422,4,2058837,5132204,5970280,838076,3911443,838076,3073367,0,0,0
5984972,726,1,3027868,5132204,5984972,852768,2957104,852768,2104336,0,0,0
5992631,333,1,1838407,5132204,5992631,860427,4154224,860427,3293797,0,0,0
6021684,896,4,3916165,5140626,6021684,881058,2105519,881058,1224461,0,0,0
6067967,797,1,3028040,5172793,6067967,895174,3039927,895174,2144753,0,0,0
6068139,796,1,3028037,5172793,6068139,895346,3040102,895346,2144756,0,0,0
6079752,225,2,1743036,5172793,6079752,906959,4336716,906959,3429757,0,0,0
6092408,378,1,1838892,5181666,6092408,910742,4253516,910742,3342774,0,0,0
6141018,1034,1,6032624,6032629,6141018,108389,108394,108389,5,0,0,0
6163412,1039,1,6032659,6032665,6163412,130747,130753,130747,6,0,0,0
6164780,1037,1,6032640,6032653,6164780,132127,132140,132127,13,0,0,0
6206217,852,4,3721496,5291069,6206217,915148,2484721,915148,1569573,0,0,0
6210532,258,2,1743190,5291069,6210532,919463,4467342,919463,3547879,0,0,0
6217264,999,4,5564813,5811316,6217264,405948,652451,405948,246503,0,0,0
6240783,1010,4,5640886,5824267,6240783,416516,599897,416516,183381,0,0,0
6255871,866,4,3721552,5327220,6255871,928651,2534319,928651,1605668,0,0,0
6262763,991,2,5560622,5824267,6262763,438496,702141,438496,263645,0,0,0
6263007,1068,4,6243609,6255871,6263007,7136,19398,7136,12262,0,0,0
6270988,1044,4,6243278,6263007,6270988,7981,27710,7981,19729,0,0,0
6280667,1069,4,6243620,6270988,6280667,9679,37047,9679,27368,0,0,0
6294592,1084,4,6243823,6280667,6294592,13925,50769,13925,36844,0,0,0
6309227,268,2,1829649,5380518,6309227,928709,4479578,928709,3550869,0,0,0
6310529,1078,4,6243744,6294592,6310529,15937,66785,15937,50848,0,0,0
6312164,68,2,769058,769058,6312164,5543106,5543106,5543106,0,0,0,0
6315903,829,1,3028108,5380518,6315903,935385,3287795,935385,2352410,0,0,0
6329194,1067,4,6243598,6310529,6329194,18665,85596,18665,66931,0,0,0
6349048,986,4,5212828,5401253,6349048,947795,1136220,947795,188425,0,0,0
6352832,1091,4,6243915,6329194,6352832,23638,108917,23638,85279,0,0,0
6357064,285,1,1837914,5401253,6357064,955811,4519150,955811,3563339,0,0,0
6361836,332,1,1838397,5401253,6361836,960583,4523439,960583,3562856,0,0,0
6373640,1079,4,6243756,6349048,6373640,24592,129884,24592,105292,0,0,0
6375187,899,4,3916188,5408526,6375187,966661,2458999,966661,1492338,0,0,0
6388186,1061,4,6243525,6352832,6388186,35354,144661,35354,109307,0,0,0
6393274,1120,4,6244319,6357064,6393274,36210,148955,36210,112745,0,0,0
6408372,994,2,5560640,5827762,6408372,580610,847732,580610,267122,0,0,0
6416646,1081,4,6243778,6373640,6416646,43006,172868,43006,129862,0,0,0
6419356,1102,4,6244057,6375187,6419356,44169,175299,44169,131130,0,0,0
6437583,1077,4,6243734,6388186,6437583,49397,193849,49397,144452,0,0,0
6443749,1048,4,6243329,6393274,6443749,50475,200420,50475,149945,0,0,0
6445711,1040,1,6032665,6032670,6445711,413041,413046,413041,5,0,0,0
6471857,1098,4,6244006,6416646,6471857,55211,227851,55211,172640,0,0,0
6481297,1053,4,6243404,6419356,6481297,61941,237893,61941,175952,0,0,0
6481597,1029,4,5654178,5850429,6481597,631168,827419,631168,196251,0,0,0
6512583,1097,4,6243996,6437583,6512583,75000,268587,75000,193587,0,0,0
6522492,1099,4,6244017,6443749,6522492,78743,278475,78743,199732,0,0,0
6530585,1124,2,6511338,6511344,6530585,19241,19247,19241,6,0,0,0
6532320,1072,4,6243657,6445711,6532320,86609,288663,86609,202054,0,0,0
6571477,1017,4,5641071,5913635,6571477,657842,930406,657842,272564,0,0,0
6576678,1065,4,6243576,6471857,6576678,104821,333102,104821,228281,0,0,0
6599747,1076,4,6243723,6481297,6599747,118450,356024,118450,237574,0,0,0
6624961,1028,4,5654174,5921878,6624961,703083,970787,703083,267704,0,0,0
6631453,1117,4,6244249,6481597,6631453,149856,387204,149856,237348,0,0,0
6763299,1082,4,6243789,6512583,6763299,250716,519510,250716,268794,0,0,0
6773605,1119,4,6244298,6522492,6773605,251113,529307,251113,278194,0,0,0
6783492,1126,4,6665528,6763299,6783492,20193,117964,20193,97771,0,0,0
6792677,1113,4,6244190,6532320,6792677,260357,548487,260357,288130,0,0,0
6833686,1070,4,6243632,6571477,6833686,262209,590054,262209,327845,0,0,0
6837192,1129,4,6691730,6773605,6837192,63587,145462,63587,81875,0,0,0
6860519,1096,4,6243986,6576678,6860519,283841,616533,283841,332692,0,0,0
6901701,1050,4,6243360,6599747,6901701,301954,658341,301954,356387,0,0,0
6924491,572,8,2778466,5957349,6924491,967142,4146025,967142,3178883,0,0,0
6926072,753,1,3027927,5957349,6926072,968723,3898145,968723,2929422,0,0,0
6938441,1121,4,6244328,6624961,6938441,313480,694113,313480,380633,0,0,0
6947680,895,4,3916158,5970280,6947680,977400,3031522,977400,2054122,0,0,0
6948575,1059,4,6243502,6631453,6948575,317122,705073,317122,387951,0,0,0
6951482,279,2,1829716,5970280,6951482,981202,5121766,981202,4140564,0,0,0
6954533,793,1,3028029,5970280,6954533,984253,3926504,984253,2942251,0,0,0
6978366,790,1,3028025,5970280,6978366,1008086,3950341,1008086,2942255,0,0,0
7043737,512,4,2230378,6021684,7043737,1022053,4813359,1022053,3791306,0,0,0
7051008,700,1,3027720,6021684,7051008,1029324,4023288,1029324,2993964,0,0,0
7071455,1131,4,6691799,6783492,7071455,287963,379656,287963,91693,0,0,0
7115438,947,4,4496532,6079752,7115438,1035686,2618906,1035686,1583220,0,0,0
7123087,722,1,3027860,6079752,7123087,1043335,4095227,1043335,3051892,0,0,0
7154041,1093,4,6243936,6792677,7154041,361364,910105,361364,548741,0,0,0
7202504,1110,4,6244139,6833686,7202504,368818,958365,368818,589547,0,0,0
7214000,1089,4,6243883,6837192,7214000,376808,970117,376808,593309,0,0,0
7233634,1135,2,7184875,7184879,7233634,48755,48759,48755,4,0,0,0
7264206,1136,2,7184879,7184883,7264206,79323,79327,79323,4,0,0,0
7273109,1101,4,6244037,6860519,7273109,412590,1029072,412590,616482,0,0,0
7279073,553,4,2394811,6206217,7279073,1072856,4884262,1072856,3811406,0,0,0
7302115,1020,4,5641096,6217264,7302115,1084851,1661019,1084851,576168,0,0,0
7331118,446,4,2059007,6240783,7331118,1090335,5272111,1090335,4181776,0,0,0
7338920,1134,2,7184871,7184875,7338920,154045,154049,154045,4,0,0,0
7359552,386,1,1838980,6240783,7359552,1118769,5520572,1118769,4401803,0,0,0
7360766,1086,4,6243849,6901701,7360766,459065,1116917,459065,657852,0,0,0
7461037,1100,4,6244027,6924491,7461037,536546,1217010,536546,680464,0,0,0
7462046,1156,8,7351029,7461037,7462046,1009,111017,1009,110008,0,0,0
7463165,1152,8,7351008,7462046,7463165,1119,112157,1119,111038,0,0,0
7464575,1147,8,7350898,7463165,7464575,1410,113677,1410,112267,0,0,0
7466146,1155,8,7351023,7464575,7466146,1571,115123,1571,113552,0,0,0
7468037,1153,8,7351013,7466146,7468037,1891,117024,1891,115133,0,0,0
7470032,1158,8,7351039,7468037,7470032,1995,118993,1995,116998,0,0,0
7474323,1164,8,7351071,7470032,7474323,4291,123252,4291,118961,0,0,0
7478906,1143,8,7350869,7474323,7478906,4583,128037,4583,123454,0,0,0
7483734,1145,8,7350880,7478906,7483734,4828,132854,4828,128026,0,0,0
7488846,1159,8,7351045,7483734,7488846,5112,137801,5112,132689,0,0,0
7489776,1080,4,6243767,6924491,7489776,565285,1246009,565285,680724,0,0,0
7495081,1149,8,7350914,7488846,7495081,6235,144167,6235,137932,0,0,0
7502506,1168,8,7351091,7495081,7502506,7425,151415,7425,143990,0,0,0
7511189,1163,8,7351065,7502506,7511189,8683,160124,8683,151441,0,0,0
7536826,1161,8,7351055,7511189,7536826,25637,185771,25637,160134,0,0,0
7563636,1063,4,6243545,6938441,7563636,625195,1320091,625195,694896,0,0,0
7565658,1150,8,7350920,7536826,7565658,28832,214738,28832,185906,0,0,0
7570765,1125,2,6511344,6938441,7570765,632324,1059421,632324,427097,0,0,0
7593487,1166,8,7351081,7563636,7593487,29851,242406,29851,212555,0,0,0
7596996,1176,1,7363821,7563636,7596996,33360,233175,33360,199815,0,0,0
7598215,1046,4,6243298,6947680,7598215,650535,1354917,650535,704382,0,0,0
7599289,1148,8,7350909,7565658,7599289,33631,248380,33631,214749,0,0,0
7626523,1083,4,6243812,6948575,7626523,677948,1382711,677948,704763,0,0,0
7630825,1167,8,7351086,7593487,7630825,37338,279739,37338,242401,0,0,0
7641217,1146,8,7350891,7599289,7641217,41928,290326,41928,248398,0,0,0
7653610,1056,4,6243436,6954533,7653610,699077,1410174,699077,711097,0,0,0
7752831,1111,4,6244148,7043737,7752831,709094,1508683,709094,799589,0,0,0
7812028,1169,8,7351095,7626523,7812028,185505,460933,185505,275428,0,0,0
7814043,1114,4,6244210,7051008,7814043,763035,1569833,763035,806798,0,0,0
7819357,1170,8,7351101,7630825,7819357,188532,468256,188532,279724,0,0,0
7865284,1151,8,7351003,7641217,7865284,224067,514281,224067,290214,0,0,0
7886476,1128,4,6691705,7071455,7886476,815021,1194771,815021,379750,0,0,0
7937733,1094,4,6243946,7115438,7937733,822295,1693787,822295,871492,0,0,0
7978471,1160,8,7351050,7752831,7978471,225640,627421,225640,401781,0,0,0
7989582,1180,1,7363956,7752831,7989582,236751,625626,236751,388875,0,0,0
8029810,1116,4,6244240,7154041,8029810,875769,1785570,875769,909801,0,0,0
8140306,1157,8,7351034,7812028,8140306,328278,789272,328278,460994,0,0,0
8198989,1141,4,7350124,7814043,8198989,384946,848865,384946,463919,0,0,0
8231597,1142,8,7350492,7819357,8231597,412240,881105,412240,468865,0,0,0
8233633,1138,2,7184887,7184896,8233633,1048737,1048746,1048737,9,0,0,0
8261210,1071,4,6243644,7202504,8261210,1058706,2017566,1058706,958860,0,0,0
8338947,1154,8,7351019,7865284,8338947,473663,987928,473663,514265,0,0,0
8342932,535,4,2394741,7214000,8342932,1128932,5948191,1128932,4819259,0,0,0
8411630,1109,4,6244129,7273109,8411630,1138521,2167501,1138521,1028980,0,0,0
8423903,740,1,3027896,7273109,8423903,1150794,5396007,1150794,4245213,0,0,0
8441608,1165,8,7351076,7937733,8441608,503875,1090532,503875,586657,0,0,0
8445485,983,4,4925447,7279073,8445485,1166412,3520038,1166412,2353626,0,0,0
8486019,1075,4,6243713,7302115,8486019,1183904,2242306,1183904,1058402,0,0,0
8495214,1162,8,7351060,7978471,8495214,516743,1144154,516743,627411,0,0,0
8517887,1107,4,6244107,7331118,8517887,1186769,2273780,1186769,1087011,0,0,0
8523810,1036,1,6032634,7331118,8523810,1192692,2491176,1192692,1298484,0,0,0
8791520,1178,1,7363838,7978471,8791520,813049,1427682,813049,614633,0,0,0
8828092,1173,1,7363786,7978471,8828092,849621,1464306,849621,614685,0,0,0
9108477,1175,1,7363816,7978471,9108477,1130006,1744661,1130006,614655,0,0,0
9286903,1144,8,7350875,8140306,9286903,1146597,1936028,1146597,789431,0,0,0
9333176,1087,4,6243861,8140306,9333176,1192870,3089315,1192870,1896445,0,0,0
9397557,984,4,4925477,8198989,9397557,1198568,4472080,1198568,3273512,0,0,0
9436560,1057,4,6243446,8231597,9436560,1204963,3193114,1204963,1988151,0,0,0
9441955,643,1,3027432,8231597,9441955,1210358,6414523,1210358,5204165,0,0,0
9442158,823,1,3028090,8231597,9442158,1210561,6414068,1210561,5203507,0,0,0
9451867,371,1,1838825,8231597,9451867,1220270,7613042,1220270,6392772,0,0,0
9485358,1013,4,5640921,8261210,9485358,1224148,3844437,1224148,2620289,0,0,0
9488697,709,1,3027735,8261210,9488697,1227487,6460962,1227487,5233475,0,0,0
9556731,52,4,510176,510176,9556731,9046555,9046555,9046555,0,0,0,0
9570506,89,4,810916,8338947,9570506,1231559,8759590,1231559,7528031,0,0,0
9578057,339,1,1838483,8338947,9578057,1239110,7739574,1239110,6500464,0,0,0
9578243,260,2,1743198,8338947,9578243,1239296,7835045,1239296,6595749,0,0,0
9583568,1074,4,6243703,8342932,9583568,1240636,3339865,1240636,2099229,0,0,0
9586054,40,4,291309,291309,9586054,9294745,9294745,9294745,0,0,0,0
9587434,162,2,961181,8342932,9587434,1244502,8626253,1244502,7381751,0,0,0
9589642,729,1,3027873,8342932,9589642,1246710,6561769,1246710,5315059,0,0,0
9589759,780,1,3027999,8342932,9589759,1246827,6561760,1246827,5314933,0,0,0
9591810,160,2,961174,8342932,9591810,1248878,8630636,1248878,7381758,0,0,0
9662058,1016,4,5641064,8411630,9662058,1250428,4020994,1250428,2770566,0,0,0
9668667,317,1,1838242,8411630,9668667,1257037,7830425,1257037,6573388,0,0,0
9709445,397,2,1900657,8441608,9709445,1267837,7808788,1267837,6540951,0,0,0
9719259,1118,4,6244268,8441608,9719259,1277651,3474991,1277651,2197340,0,0,0
9734810,889,4,3890317,8445485,9734810,1289325,5844493,1289325,4555168,0,0,0
9738754,100,2,960960,8445485,9738754,1293269,8777794,1293269,7484525,0,0,0
9740534,647,1,3027523,8445485,9740534,1295049,6713011,1295049,5417962,0,0,0
9804575,253,2,1743159,8486019,9804575,1318556,8061416,1318556,6742860,0,0,0
9817411,137,2,961092,8486019,9817411,1331392,8856319,1331392,7524927,0,0,0
9823387,719,1,3027854,8486019,9823387,1337368,6795533,1337368,5458165,0,0,0
9835675,376,1,1838875,8495214,9835675,1340461,7996800,1340461,6656339,0,0,0
9837577,734,1,3027883,8495214,9837577,1342363,6809694,1342363,5467331,0,0,0
9839228,83,4,810564,8495214,9839228,1344014,9028664,1344014,7684650,0,0,0
9866710,859,4,3721522,8517887,9866710,1348823,6145188,1348823,4796365,0,0,0
10263137,73,2,769100,769100,10263137,9494037,9494037,9494037,0,0,0,0
10579791,36,4,291278,291278,10579791,10288513,10288513,10288513,0,0,0,0
10647811,1088,4,6243872,9286903,10647811,1360908,4403939,1360908,3043031,0,0,0
10660835,652,1,3027573,9286903,10660835,1373932,7633262,1373932,6259330,0,0,0
10664196,469,4,2230201,9286903,10664196,1377293,8433995,1377293,7056702,0,0,0
10712014,467,4,2230194,9333176,10712014,1378838,8481820,1378838,7102982,0,0,0
10729197,146,2,961125,9333176,10729197,1396021,9768072,1396021,8372051,0,0,0
10731158,833,1,3028116,9333176,10731158,1397982,7703042,1397982,6305060,0,0,0
10737335,804,1,3028055,9333176,10737335,1404159,7709280,1404159,6305121,0,0,0
10806666,91,4,810994,9397557,10806666,1409109,9995672,1409109,8586563,0,0,0
10853319,857,4,3721514,9436560,10853319,1416759,7131805,1416759,5715046,0,0,0
10904363,892,4,3890331,9485358,10904363,1419005,7014032,1419005,5595027,0,0,0
10986803,937,4,4496485,9556731,10986803,1430072,6490318,1430072,5060246,0,0,0
10996994,733,1,3027881,9556731,10996994,1440263,7969113,1440263,6528850,0,0,0
11014668,322,1,1838284,9556731,11014668,1457937,9176384,1457937,7718447,0,0,0
11029532,651,1,3027565,9556731,11029532,1472801,8001967,1472801,6529166,0,0,0
11043330,737,1,3027891,9556731,11043330,1486599,8015439,1486599,6528840,0,0,0
11071390,580,8,2831121,9583568,11071390,1487822,8240269,1487822,6752447,0,0,0
11083322,97,2,960948,9583568,11083322,1499754,10122374,1499754,8622620,0,0,0
11089148,377,1,1838883,9583568,11089148,1505580,9250265,1505580,7744685,0,0,0
11093366,423,4,2058848,9586054,11093366,1507312,9034518,1507312,7527206,0,0,0
11105377,721,1,3027858,9586054,11105377,1519323,8077519,1519323,6558196,0,0,0
11109221,601,1,3027118,9587434,11109221,1521787,8082103,1521787,6560316,0,0,0
11121202,615,1,3027207,9587434,11121202,1533768,8093995,1533768,6560227,0,0,0
11128717,786,1,3028015,9589642,11128717,1539075,8100702,1539075,6561627,0,0,0
11134463,1172,1,7363782,9589759,11134463,1544704,3770681,1544704,2225977,0,0,0
11212121,478,4,2230234,9662058,11212121,1550063,8981887,1550063,7431824,0,0,0
11214427,186,2,961263,9662058,11214427,1552369,10253164,1552369,8700795,0,0,0
11283521,922,4,4442565,9719259,11283521,1564262,6840956,1564262,5276694,0,0,0
11286379,614,1,3027195,9719259,11286379,1567120,8259184,1567120,6692064,0,0,0
11289944,396,1,1893136,9719259,11289944,1570685,9396808,1570685,7826123,0,0,0
11316389,153,2,961150,9734810,11316389,1581579,10355239,1581579,8773660,0,0,0
11321491,798,1,3028041,9734810,11321491,1586681,8293450,1586681,6706769,0,0,0
11408570,429,4,2058878,9817411,11408570,1591159,9349692,1591159,7758533,0,0,0
11409308,255,2,1743167,9817411,11409308,1591897,9666141,1591897,8074244,0,0,0
11450300,228,2,1743049,9837577,11450300,1612723,9707251,1612723,8094528,0,0,0
11465939,434,4,2058920,9839228,11465939,1626711,9407019,1626711,7780308,0,0,0
11493966,976,4,4869985,9866710,11493966,1627256,6623981,1627256,4996725,0,0,0
11922877,194,2,961290,10263137,11922877,1659740,10961587,1659740,9301847,0,0,0
11926088,698,1,3027716,10263137,11926088,1662951,8898372,1662951,7235421,0,0,0
12272307,985,4,5020124,10579791,12272307,1692516,7252183,1692516,5559667,0,0,0
12299709,634,1,3027351,10579791,12299709,1719918,9272358,1719918,7552440,0,0,0
12374730,119,2,961030,10647811,12374730,1726919,11413700,1726919,9686781,0,0,0
12407087,926,4,4443298,10664196,12407087,1742891,7963789,1742891,6220898,0,0,0
12408740,699,1,3027717,10664196,12408740,1744544,9381023,1744544,7636479,0,0,0
12428313,730,1,3027876,10664196,12428313,1764117,9400437,1764117,7636320,0,0,0
12477647,849,4,3721485,10712014,12477647,1765633,8756162,1765633,6990529,0,0,0
12580933,945,4,4496519,10806666,12580933,1774267,8084414,1774267,6310147,0,0,0
12589330,629,1,3027317,10806666,12589330,1782664,9562013,1782664,7779349,0,0,0
12675309,48,4,343968,343968,12675309,12331341,12331341,12331341,0,0,0,0
12689515,586,8,2944809,10904363,12689515,1785152,9744706,1785152,7959554,0,0,0
12699705,653,1,3027576,10904363,12699705,1795342,9672129,1795342,7876787,0,0,0
12784892,1112,4,6244159,10986803,12784892,1798089,6540733,1798089,4742644,0,0,0
12817489,592,1,3027046,10986803,12817489,1830686,9790443,1830686,7959757,0,0,0
12912856,890,4,3890323,11071390,12912856,1841466,9022533,1841466,7181067,0,0,0
12944808,863,4,3721537,11071390,12944808,1873418,9223271,1873418,7349853,0,0,0
12977421,1019,4,5641080,11093366,12977421,1884055,7336341,1884055,5452286,0,0,0
13013569,1095,4,6243966,11128717,13013569,1884852,6769603,1884852,4884751,0,0,0
13047347,79,4,810521,11134463,13047347,1912884,12236826,1912884,10323942,0,0,0
13130182,1092,4,6243924,11212121,13130182,1918061,6886258,1918061,4968197,0,0,0
13203905,972,4,4869970,11283521,13203905,1920384,8333935,1920384,6413551,0,0,0
13330989,418,4,2058806,11408570,13330989,1922419,11272183,1922419,9349764,0,0,0
13389414,584,8,2867843,11465939,13389414,1923475,10521571,1923475,8598096,0,0,0
13402381,738,1,3027892,11465939,13402381,1936442,10374489,1936442,8438047,0,0,0
13444438,435,4,2058929,11493966,13444438,1950472,11385509,1950472,9435037,0,0,0
13882799,500,4,2230319,11922877,13882799,1959922,11652480,1959922,9692558,0,0,0
14232766,1062,4,6243535,12272307,14232766,1960459,7989231,1960459,6028772,0,0,0
14388901,1051,4,6243370,12407087,14388901,1981814,8145531,1981814,6163717,0,0,0
14394039,607,1,3027153,12407087,14394039,1986952,11366886,1986952,9379934,0,0,0
14475080,224,4,1730223,12477647,14475080,1997433,12744857,1997433,10747424,0,0,0
14478487,344,1,1838543,12477647,14478487,2000840,12639944,2000840,10639104,0,0,0
14482437,379,1,1838910,12477647,14482437,2004790,12643527,2004790,10638737,0,0,0
14616647,495,4,2230301,12580933,14616647,2035714,12386346,2035714,10350632,0,0,0
14622522,359,1,1838688,12580933,14622522,2041589,12783834,2041589,10742245,0,0,0
14641411,633,1,3027348,12580933,14641411,2060478,11614063,2060478,9553585,0,0,0
14653828,752,1,3027926,12580933,14653828,2072895,11625902,2072895,9553007,0,0,0
14673284,196,2,961298,12580933,14673284,2092351,13711986,2092351,11619635,0,0,0
14679027,630,1,3027324,12580933,14679027,2098094,11651703,2098094,9553609,0,0,0
14786471,1024,4,5654154,12675309,14786471,2111162,9132317,2111162,7021155,0,0,0
14811240,1007,4,5564838,12689515,14811240,2121725,9246402,2121725,7124677,0,0,0
14817410,453,4,2059068,12689515,14817410,2127895,12758342,2127895,10630447,0,0,0
14915930,1090,4,6243906,12784892,14915930,2131038,8672024,2131038,6540986,0,0,0
14955362,964,4,4869530,12817489,14955362,2137873,10085832,2137873,7947959,0,0,0
14957219,294,1,1837996,12817489,14957219,2139730,13119223,2139730,10979493,0,0,0
14972796,1140,2,7184900,12817489,14972796,2155307,7787896,2155307,5632589,0,0,0
14980900,132,2,961075,12817489,14980900,2163411,14019825,2163411,11856414,0,0,0
14985244,763,1,3027961,12817489,14985244,2167755,11957283,2167755,9789528,0,0,0
15082789,1049,4,6243350,12912856,15082789,2169933,8839439,2169933,6669506,0,0,0
15117900,948,4,4497410,12944808,15117900,2173092,10620490,2173092,8447398,0,0,0
15130452,680,1,3027652,12944808,15130452,2185644,12102800,2185644,9917156,0,0,0
15147317,598,1,3027094,12944808,15147317,2202509,12120223,2202509,9917714,0,0,0
15180168,131,2,961072,12977421,15180168,2202747,14219096,2202747,12016349,0,0,0
15185293,674,1,3027641,12977421,15185293,2207872,12157652,2207872,9949780,0,0,0
15224138,85,4,810588,13013569,15224138,2210569,14413550,2210569,12202981,0,0,0
15224465,811,1,3028068,13013569,15224465,2210896,12196397,2210896,9985501,0,0,0
15280816,485,4,2230258,13047347,15280816,2233469,13050558,2233469,10817089,0,0,0
15373386,739,1,3027896,13130182,15373386,2243204,12345490,2243204,10102286,0,0,0
15378134,818,1,3028081,13130182,15378134,2247952,12350053,2247952,10102101,0,0,0
15382024,96,2,960944,13130182,15382024,2251842,14421080,2251842,12169238,0,0,0
15464611,872,4,3721578,13203905,15464611,2260706,11743033,2260706,9482327,0,0,0
15607238,858,4,3721518,13330989,15607238,2276249,11885720,2276249,9609471,0,0,0
15673578,1041,1,6032670,13389414,15673578,2284164,9640908,2284164,7356744,0,0,0
15687433,735,1,3027885,13389414,15687433,2298019,12659548,2298019,10361529,0,0,0
15687997,121,2,961036,13389414,15687997,2298583,14726961,2298583,12428378,0,0,0
15717571,1179,1,7363938,13389414,15717571,2328157,8353633,2328157,6025476,0,0,0
15730852,51,4,343999,343999,15730852,15386853,15386853,15386853,0,0,0,0
15776447,1023,4,5654150,13444438,15776447,2332009,10122297,2332009,7790288,0,0,0
16218107,219,4,1730194,13882799,16218107,2335308,14487913,2335308,12152605,0,0,0
16237379,148,2,961132,13882799,16237379,2354580,15276247,2354580,12921667,0,0,0
16239553,693,1,3027701,13882799,16239553,2356754,13211852,2356754,10855098,0,0,0
16599123,248,2,1743133,14232766,16599123,2366357,14855990,2366357,12489633,0,0,0
16760202,1052,4,6243393,14388901,16760202,2371301,10516809,2371301,8145508,0,0,0
16864196,1132,4,6691803,14475080,16864196,2389116,10172393,2389116,7783277,0,0,0
17007319,416,4,2058789,14616647,17007319,2390672,14948530,2390672,12557858,0,0,0
17182673,442,4,2058959,14786471,17182673,2396202,15123714,2396202,12727512,0,0,0
17188322,104,2,960974,14786471,17188322,2401851,16227348,2401851,13825497,0,0,0
17216973,955,4,4738023,14811240,17216973,2405733,12478950,2405733,10073217,0,0,0
17223644,930,4,4491994,14817410,17223644,2406234,12731650,2406234,10325416,0,0,0
17322666,952,4,4524606,14915930,17322666,2406736,12798060,2406736,10391324,0,0,0
17388539,939,4,4496493,14955362,17388539,2433177,12892046,2433177,10458869,0,0,0
17410013,1108,4,6244118,14957219,17410013,2452794,11165895,2452794,8713101,0,0,0
17441261,544,4,2394778,14985244,17441261,2456017,15046483,2456017,12590466,0,0,0
17447764,102,2,960968,14985244,17447764,2462520,16486796,2462520,14024276,0,0,0
17451296,675,1,3027641,14985244,17451296,2466052,14423655,2466052,11957603,0,0,0
17587583,888,4,3890313,15082789,17587583,2504794,13697270,2504794,11192476,0,0,0
17592055,284,1,1837896,15082789,17592055,2509266,15754159,2509266,13244893,0,0,0
17629924,1106,4,6244096,15117900,17629924,2512024,11385828,2512024,8873804,0,0,0
17741915,502,4,2230333,15224138,17741915,2517777,15511582,2517777,12993805,0,0,0
17756431,1085,4,6243835,15224465,17756431,2531966,11512596,2531966,8980630,0,0,0
17773461,1137,2,7184883,15224465,17773461,2548996,10588578,2548996,8039582,0,0,0
17857171,441,4,2058955,15280816,17857171,2576355,15798216,2576355,13221861,0,0,0
17857755,270,2,1829663,15280816,17857755,2576939,16028092,2576939,13451153,0,0,0
17885780,681,1,3027658,15280816,17885780,2604964,14858122,2604964,12253158,0,0,0
17907131,776,1,3027988,15280816,17907131,2626315,14879143,2626315,12252828,0,0,0
18011258,679,1,3027651,15373386,18011258,2637872,14983607,2637872,12345735,0,0,0
18016515,718,1,3027852,15378134,18016515,2638381,14988663,2638381,12350282,0,0,0
18108567,499,4,2230315,15464611,18108567,2643956,15878252,2643956,13234296,0,0,0
18267834,924,4,4442572,15607238,18267834,2660596,13825262,2660596,11164666,0,0,0
18356346,509,4,2230364,15687997,18356346,2668349,16125982,2668349,13457633,0,0,0
18374485,105,2,960978,15687997,18374485,2686488,17413507,2686488,14727019,0,0,0
18435859,942,4,4496505,15730852,18435859,2705007,13939354,2705007,11234347,0,0,0
18445665,365,1,1838741,15730852,18445665,2714813,16606924,2714813,13892111,0,0,0
18510921,261,2,1743209,15776447,18510921,2734474,16767712,2734474,14033238,0,0,0
18533106,381,1,1838934,15776447,18533106,2756659,16694172,2756659,13937513,0,0,0
18981753,516,4,2230395,16218107,18981753,2763646,16751358,2763646,13987712,0,0,0
19527211,506,4,2230350,16760202,19527211,2767009,17296861,2767009,14529852,0,0,0
19642613,1060,4,6243513,16864196,19642613,2778417,13399100,2778417,10620683,0,0,0
19665399,240,2,1743103,16864196,19665399,2801203,17922296,2801203,15121093,0,0,0
19821236,1000,4,5564814,17007319,19821236,2813917,14256422,2813917,11442505,0,0,0
20020773,1105,4,6244087,17182673,20020773,2838100,13776686,2838100,10938586,0,0,0
20024014,765,1,3027965,17182673,20024014,2841341,16996049,2841341,14154708,0,0,0
20090833,545,4,2394782,17216973,20090833,2873860,17696051,2873860,14822191,0,0,0
20109167,327,1,1838348,17216973,20109167,2892194,18270819,2892194,15378625,0,0,0
20155098,1001,4,5564815,17223644,20155098,2931454,14590283,2931454,11658829,0,0,0
20198008,138,2,961095,17223644,20198008,2974364,19236913,2974364,16262549,0,0,0
20198897,388,1,1839003,17223644,20198897,2975253,18359894,2975253,15384641,0,0,0
20211977,691,1,3027692,17223644,20211977,2988333,17184285,2988333,14195952,0,0,0
20331791,870,4,3721566,17322666,20331791,3009125,16610225,3009125,13601100,0,0,0
20402624,473,4,2230215,17388539,20402624,3014085,18172409,3014085,15158324,0,0,0
20443985,214,4,1730146,17410013,20443985,3033972,18713839,3033972,15679867,0,0,0
20476066,1122,4,6244347,17441261,20476066,3034805,14231719,3034805,11196914,0,0,0
20491571,658,1,3027598,17447764,20491571,3043807,17463973,3043807,14420166,0,0,0
20522206,720,1,3027856,17447764,20522206,3074442,17494350,3074442,14419908,0,0,0
20537199,792,1,3028029,17451296,20537199,3085903,17509170,3085903,14423267,0,0,0
20676883,120,2,961033,17587583,20676883,3089300,19715850,3089300,16626550,0,0,0
20730510,503,4,2230336,17629924,20730510,3100586,18500174,3100586,15399588,0,0,0
20849984,1018,4,5641074,17741915,20849984,3108069,15208910,3108069,12100841,0,0,0
20912735,452,4,2059065,17756431,20912735,3156304,18853670,3156304,15697366,0,0,0
20939403,50,4,343996,343996,20939403,20595407,20595407,20595407,0,0,0,0
21014494,1103,4,6244067,17857171,21014494,3157323,14770427,3157323,11613104,0,0,0
21302414,929,4,4491989,18108567,21302414,3193847,16810425,3193847,13616578,0,0,0
21317569,145,2,961121,18108567,21317569,3209002,20356448,3209002,17147446,0,0,0
21387589,243,2,1743115,18108567,21387589,3279022,19644474,3279022,16365452,0,0,0
21389299,1031,1,6032585,18108567,21389299,3280732,15356714,3280732,12075982,0,0,0
21391641,361,1,1838705,18108567,21391641,3283074,19552936,3283074,16269862,0,0,0
21400196,278,2,1829707,18108567,21400196,3291629,19570489,3291629,16278860,0,0,0
21402138,342,1,1838525,18108567,21402138,3293571,19563613,3293571,16270042,0,0,0
21412438,182,2,961249,18108567,21412438,3303871,20451189,3303871,17147318,0,0,0
21591583,604,1,3027141,18267834,21591583,3323749,18564442,3323749,15240693,0,0,0
21620729,723,1,3027862,18267834,21620729,3352895,18592867,3352895,15239972,0,0,0
21642442,143,2,961114,18267834,21642442,3374608,20681328,3374608,17306720,0,0,0
21803427,1025,4,5654159,18356346,21803427,3447081,16149268,3447081,12702187,0,0,0
21895710,548,4,2394792,18435859,21895710,3459851,19500918,3459851,16041067,0,0,0
21911646,152,2,961147,18435859,21911646,3475787,20950499,3475787,17474712,0,0,0
22012812,456,2,2059091,18510921,22012812,3501891,19953721,3501891,16451830,0,0,0
22054612,306,1,1838115,18510921,22054612,3543691,20216497,3543691,16672806,0,0,0
22110029,648,1,3027529,18533106,22110029,3576923,19082500,3576923,15505577,0,0,0
22573494,1032,1,6032613,18981753,22573494,3591741,16540881,3591741,12949140,0,0,0
22617602,264,2,1829625,18981753,22617602,3635849,20787977,3635849,17152128,0,0,0
23186937,448,4,2059015,19527211,23186937,3659726,21127922,3659726,17468196,0,0,0
23305504,267,2,1829645,19642613,23305504,3662891,21475859,3662891,17812968,0,0,0
23312482,192,2,961283,19642613,23312482,3669869,22351199,3669869,18681330,0,0,0
23323231,712,1,3027753,19642613,23323231,3680618,20295478,3680618,16614860,0,0,0
23518795,1027,4,5654167,19821236,23518795,3697559,17864628,3697559,14167069,0,0,0
23536740,308,1,1838132,19821236,23536740,3715504,21698608,3715504,17983104,0,0,0
23540539,292,1,1837978,19821236,23540539,3719303,21702561,3719303,17983258,0,0,0
23762856,1174,1,7363790,20020773,23762856,3742083,16399066,3742083,12656983,0,0,0
23768654,106,2,960981,20020773,23768654,3747881,22807673,3747881,19059792,0,0,0
23784234,803,1,3028053,20020773,23784234,3763461,20756181,3763461,16992720,0,0,0
23857057,971,4,4869966,20090833,23857057,3766224,18987091,3766224,15220867,0,0,0
23884940,623,1,3027274,20090833,23884940,3794107,20857666,3794107,17063559,0,0,0
23958602,518,4,2230401,20155098,23958602,3803504,21728201,3803504,17924697,0,0,0
24029969,661,1,3027603,20155098,24029969,3874871,21002366,3874871,17127495,0,0,0
24184016,147,2,961129,20198008,24184016,3986008,23222887,3986008,19236879,0,0,0
24187081,293,1,1837987,20198897,24187081,3988184,22349094,3988184,18360910,0,0,0
24220242,605,1,3027145,20211977,24220242,4008265,21193097,4008265,17184832,0,0,0
24355908,546,4,2394785,20331791,24355908,4024117,21961123,4024117,17937006,0,0,0
24456507,1003,4,5564821,20402624,24456507,4053883,18891686,4053883,14837803,0,0,0
24516951,599,1,3027101,20443985,24516951,4072966,21489850,4072966,17416884,0,0,0
24549924,817,1,3028079,20443985,24549924,4105939,21521845,4105939,17415906,0,0,0
24560662,180,2,961242,20443985,24560662,4116677,23599420,4116677,19482743,0,0,0
24614940,997,4,5564794,20476066,24614940,4138874,19050146,4138874,14911272,0,0,0
24687034,368,1,1838789,20491571,24687034,4195463,22848245,4195463,18652782,0,0,0
24937348,963,4,4869525,20730510,24937348,4206838,20067823,4206838,15860985,0,0,0
24950241,802,1,3028049,20730510,24950241,4219731,21922192,4219731,17702461,0,0,0
25085964,82,4,810548,20849984,25085964,4235980,24275416,4235980,20039436,0,0,0
25156086,281,2,1829724,20912735,25156086,4243351,23326362,4243351,19083011,0,0,0
25169028,335,1,1838434,20912735,25169028,4256293,23330594,4256293,19074301,0,0,0
25262222,600,1,3027113,20912735,25262222,4349487,22235109,4349487,17885622,0,0,0
25274905,108,2,960989,20912735,25274905,4362170,24313916,4362170,19951746,0,0,0
25304516,101,2,960964,20939403,25304516,4365113,24343552,4365113,19978439,0,0,0
25338383,659,1,3027599,20939403,25338383,4398980,22310784,4398980,17911804,0,0,0
25436738,934,4,4492019,21014494,25436738,4422244,20944719,4422244,16522475,0,0,0
25445768,602,1,3027122,21014494,25445768,4431274,22418646,4431274,17987372,0,0,0
25741101,163,2,961185,21302414,25741101,4438687,24779916,4438687,20341229,0,0,0
26128525,493,4,2230287,21642442,26128525,4486083,23898238,4486083,19412155,0,0,0
26289642,87,4,810619,21803427,26289642,4486215,25479023,4486215,20992808,0,0,0
26388466,216,4,1730161,21895710,26388466,4492756,24658305,4492756,20165549,0,0,0
26407262,172,2,961215,21895710,26407262,4511552,25446047,4511552,20934495,0,0,0
26467084,864,4,3721545,21911646,26467084,4555438,22745539,4555438,18190101,0,0,0
26504860,311,1,1838162,21911646,26504860,4593214,24666698,4593214,20073484,0,0,0
27806307,526,4,2230439,23186937,27806307,4619370,25575868,4619370,20956498,0,0,0
27992562,536,4,2394749,23312482,27992562,4680080,25597813,4680080,20917733,0,0,0
28014703,900,4,3916193,23323231,28014703,4691472,24098510,4691472,19407038,0,0,0
28066254,773,1,3027984,23323231,28066254,4743023,25038270,4743023,20295247,0,0,0
28085110,67,2,769021,769021,28085110,27316089,27316089,27316089,0,0,0,0
28179716,93,2,960932,23323231,28179716,4856485,27218784,4856485,22362299,0,0,0
28203886,824,1,3028094,23323231,28203886,4880655,25175792,4880655,20295137,0,0,0
28209793,282,2,1829727,23323231,28209793,4886562,26380066,4886562,21493504,0,0,0
28409979,1042,4,6077631,23518795,28409979,4891184,22332348,4891184,17441164,0,0,0
28750897,862,4,3721533,23784234,28750897,4966663,25029364,4966663,20062701,0,0,0
28793880,234,2,1743075,23784234,28793880,5009646,27050805,5009646,22041159,0,0,0
28795362,770,1,3027973,23784234,28795362,5011128,25767389,5011128,20756261,0,0,0
28806324,362,1,1838714,23784234,28806324,5022090,26967610,5022090,21945520,0,0,0
28807853,249,2,1743137,23784234,28807853,5023619,27064716,5023619,22041097,0,0,0
28886610,430,4,2058882,23857057,28886610,5029553,26827728,5029553,21798175,0,0,0
28898238,319,1,1838258,23857057,28898238,5041181,27059980,5041181,22018799,0,0,0
29030410,1045,4,6243288,23958602,29030410,5071808,22787122,5071808,17715314,0,0,0
29037657,813,1,3028071,23958602,29037657,5079055,26009586,5079055,20930531,0,0,0
29438342,412,4,1911159,24355908,29438342,5082434,27527183,5082434,22444749,0,0,0
29453416,387,1,1838994,24355908,29453416,5097508,27614422,5097508,22516914,0,0,0
29475080,1035,1,6032629,24355908,29475080,5119172,23442451,5119172,18323279,0,0,0
29496508,350,1,1838603,24355908,29496508,5140600,27657905,5140600,22517305,0,0,0
29520766,789,1,3028019,24355908,29520766,5164858,26492747,5164858,21327889,0,0,0
29529223,791,1,3028025,24355908,29529223,5173315,26501198,5173315,21327883,0,0,0
29562330,764,1,3027961,24355908,29562330,5206422,26534369,5206422,21327947,0,0,0
29578029,686,1,3027677,24355908,29578029,5222121,26550352,5222121,21328231,0,0,0
29694715,958,4,4760861,24456507,29694715,5238208,24933854,5238208,19695646,0,0,0
29830017,465,4,2230187,24560662,29830017,5269355,27599830,5269355,22330475,0,0,0
29901519,178,2,961236,24614940,29901519,5286579,28940283,5286579,23653704,0,0,0
29932609,316,1,1838230,24614940,29932609,5317669,28094379,5317669,22776710,0,0,0
30100546,43,4,291317,291317,30100546,29809229,29809229,29809229,0,0,0,0
30289489,257,2,1743187,24937348,30289489,5352141,28546302,5352141,23194161,0,0,0
30463389,458,4,2059105,25085964,30463389,5377425,28404284,5377425,23026859,0,0,0
30465877,241,2,1743106,25085964,30465877,5379913,28722771,5379913,23342858,0,0,0
30490656,624,1,3027278,25085964,30490656,5404692,27463378,5404692,22058686,0,0,0
30598501,184,2,961256,25156086,30598501,5442415,29637245,5442415,24194830,0,0,0
30968865,449,4,2059019,25436738,30968865,5532127,28909846,5532127,23377719,0,0,0
31013793,657,1,3027595,25436738,31013793,5577055,27986198,5577055,22409143,0,0,0
31715275,528,4,2394716,26128525,31715275,5586750,29320559,5586750,23733809,0,0,0
31736233,107,2,960985,26128525,31736233,5607708,30775248,5607708,25167540,0,0,0
31763575,705,1,3027728,26128525,31763575,5635050,28735847,5635050,23100797,0,0,0
31846452,188,2,961270,26128525,31846452,5717927,30885182,5717927,25167255,0,0,0
32055774,432,4,2058893,26289642,32055774,5766132,29996881,5766132,24230749,0,0,0
32266348,869,4,3721563,26388466,32266348,5877882,28544785,5877882,22666903,0,0,0
32266945,593,1,3027057,26388466,32266945,5878479,29239888,5878479,23361409,0,0,0
32450774,443,4,2058968,26467084,32450774,5983690,30391806,5983690,24408116,0,0,0
32496636,1171,1,7363777,26467084,32496636,6029552,25132859,6029552,19103307,0,0,0
34041649,570,8,2778450,27992562,34041649,6049087,31263199,6049087,25214112,0,0,0
34217872,673,1,3027637,27992562,34217872,6225310,31190235,6225310,24964925,0,0,0
34251444,427,4,2058870,28014703,34251444,6236741,32192574,6236741,25955833,0,0,0
34425286,436,4,2058934,28179716,34425286,6245570,32366352,6245570,26120782,0,0,0
34488195,806,1,3028059,28179716,34488195,6308479,31460136,6308479,25151657,0,0,0
34501271,161,2,961178,28179716,34501271,6321555,33540093,6321555,27218538,0,0,0
34524302,329,1,1838366,28179716,34524302,6344586,32685936,6344586,26341350,0,0,0
34530663,655,1,3027588,28179716,34530663,6350947,31503075,6350947,25152128,0,0,0
34639372,391,1,1839029,28179716,34639372,6459656,32800343,6459656,26340687,0,0,0
34786702,213,2,961366,28209793,34786702,6576909,33825336,6576909,27248427,0,0,0
35103184,1009,4,5640885,28409979,35103184,6693205,29462299,6693205,22769094,0,0,0
35479906,543,4,2394774,28750897,35479906,6729009,33085132,6729009,26356123,0,0,0
35511076,44,4,343915,343915,35511076,35167161,35167161,35167161,0,0,0,0
35598060,707,1,3027731,28750897,35598060,6847163,32570329,6847163,25723166,0,0,0
35794238,867,4,3721556,28886610,35794238,6907628,32072682,6907628,25165054,0,0,0
35831449,330,1,1838379,28886610,35831449,6944839,33993070,6944839,27048231,0,0,0
35902831,369,1,1838798,28886610,35902831,7016221,34064033,7016221,27047812,0,0,0
35961072,799,1,3028044,28886610,35961072,7074462,32933028,7074462,25858566,0,0,0
36028278,245,2,1743121,28886610,36028278,7141668,34285157,7141668,27143489,0,0,0
36209339,462,4,2230177,29030410,36209339,7178929,33979162,7178929,26800233,0,0,0
36222117,189,2,961273,29030410,36222117,7191707,35260844,7191707,28069137,0,0,0
36701987,550,4,2394800,29438342,36701987,7263645,34307187,7263645,27043542,0,0,0
36706793,352,1,1838619,29438342,36706793,7268451,34868174,7268451,27599723,0,0,0
37006049,514,4,2230385,29694715,37006049,7311334,34775664,7311334,27464330,0,0,0
37178335,1066,4,6243588,29830017,37178335,7348318,30934747,7348318,23586429,0,0,0
37466653,468,4,2230198,30100546,37466653,7366107,35236455,7366107,27870348,0,0,0
37505943,183,2,961253,30100546,37505943,7405397,36544690,7405397,29139293,0,0,0
37540232,358,1,1838680,30100546,37540232,7439686,35701552,7439686,28261866,0,0,0
37561984,644,1,3027492,30100546,37561984,7461438,34534492,7461438,27073054,0,0,0
37593757,373,1,1838843,30100546,37593757,7493211,35754914,7493211,28261703,0,0,0
37638442,639,1,3027388,30100546,37638442,7537896,34611054,7537896,27073158,0,0,0
37680973,1177,1,7363825,30100546,37680973,7580427,30317148,7580427,22736721,0,0,0
37935533,75,2,769128,769128,37935533,37166405,37166405,37166405,0,0,0,0
38087199,471,4,2230208,30463389,38087199,7623810,35856991,7623810,28233181,0,0,0
38093048,274,2,1829691,30463389,38093048,7629659,36263357,7629659,28633698,0,0,0
38119255,201,2,961315,30463389,38119255,7655866,37157940,7655866,29502074,0,0,0
38130042,206,2,961336,30465877,38130042,7664165,37168706,7664165,29504541,0,0,0
38656426,549,4,2394796,30968865,38656426,7687561,36261630,7687561,28574069,0,0,0
38663346,640,1,3027400,30968865,38663346,7694481,35635946,7694481,27941465,0,0,0
38671554,595,1,3027069,30968865,38671554,7702689,35644485,7702689,27941796,0,0,0
38687090,727,1,3027870,30968865,38687090,7718225,35659220,7718225,27940995,0,0,0
38739201,772,1,3027981,30968865,38739201,7770336,35711220,7770336,27940884,0,0,0
38787638,326,1,1838339,30968865,38787638,7818773,36949299,7818773,29130526,0,0,0
38834831,795,1,3028033,31013793,38834831,7821038,35806798,7821038,27985760,0,0,0
39621217,689,1,3027688,31715275,39621217,7905942,36593529,7905942,28687587,0,0,0
39735808,271,2,1829671,31715275,39735808,8020533,37906137,8020533,29885604,0,0,0
39764593,769,1,3027972,31715275,39764593,8049318,36736621,8049318,28687303,0,0,0
40152362,537,4,2394752,32055774,40152362,8096588,37757610,8096588,29661022,0,0,0
40414088,1047,4,6243319,32266348,40414088,8147740,34170769,8147740,26023029,0,0,0
40640293,487,4,2230265,32450774,40640293,8189519,38410028,8189519,30220509,0,0,0
40848395,69,2,769060,769060,40848395,40079335,40079335,40079335,0,0,0,0
42325735,459,4,2059109,34041649,42325735,8284086,40266626,8284086,31982540,0,0,0
42367455,1130,4,6691785,34041649,42367455,8325806,35675670,8325806,27349864,0,0,0
42432419,1139,2,7184896,34041649,42432419,8390770,35247523,8390770,26856753,0,0,0
42468506,666,1,3027624,34041649,42468506,8426857,39440882,8426857,31014025,0,0,0
42631486,150,2,961140,34041649,42631486,8589837,41670346,8589837,33080509,0,0,0
42938993,77,4,810498,34251444,42938993,8687549,42128495,8687549,33440946,0,0,0
42946710,355,1,1838653,34251444,42946710,8695266,41108057,8695266,32412791,0,0,0
42955951,714,1,3027797,34251444,42955951,8704507,39928154,8704507,31223647,0,0,0
43142655,78,4,810513,34425286,43142655,8717369,42332142,8717369,33614773,0,0,0
43841058,481,4,2230245,35103184,43841058,8737874,41610813,8737874,32872939,0,0,0
44091281,123,2,961045,35103184,44091281,8988097,43130236,8988097,34142139,0,0,0
44134609,324,1,1838312,35103184,44134609,9031425,42296297,9031425,33264872,0,0,0
44339208,345,1,1838551,35103184,44339208,9236024,42500657,9236024,33264633,0,0,0
44733481,865,4,3721548,35479906,44733481,9253575,41011933,9253575,31758358,0,0,0
44770304,1030,4,5654182,35511076,44770304,9259228,39116122,9259228,29856894,0,0,0
44791688,187,2,961267,35511076,44791688,9280612,43830421,9280612,34549809,0,0,0
45148750,437,4,2058938,35794238,45148750,9354512,43089812,9354512,33735300,0,0,0
45207175,400,2,1900669,35794238,45207175,9412937,43306506,9412937,33893569,0,0,0
45239975,357,1,1838671,35794238,45239975,9445737,43401304,9445737,33955567,0,0,0
45688566,46,4,343923,343923,45688566,45344643,45344643,45344643,0,0,0,0
45727498,967,4,4869543,36209339,45727498,9518159,40857955,9518159,31339796,0,0,0
45894344,683,1,3027666,36209339,45894344,9685005,42866678,9685005,33181673,0,0,0
46553864,853,4,3721500,36701987,46553864,9851877,42832364,9851877,32980487,0,0,0
46889679,222,4,1730215,37006049,46889679,9883630,45159464,9883630,35275834,0,0,0
46906366,754,1,3027930,37006049,46906366,9900317,43878436,9900317,33978119,0,0,0
46947460,175,2,961225,37006049,46947460,9941411,45986235,9941411,36044824,0,0,0
46996403,678,1,3027647,37006049,46996403,9990354,43968756,9990354,33978402,0,0,0
47301378,1073,4,6243683,37178335,47301378,10123043,41057695,10123043,30934652,0,0,0
47359099,176,2,961229,37178335,47359099,10180764,46397870,10180764,36217106,0,0,0
47404577,694,1,3027709,37178335,47404577,10226242,44376868,10226242,34150626,0,0,0
47856496,209,2,961346,37466653,47856496,10389843,46895150,10389843,36505307,0,0,0
47911330,250,2,1743140,37466653,47911330,10444677,46168190,10444677,35723513,0,0,0
48589805,566,8,2764771,38119255,48589805,10470550,45825034,10470550,35354484,0,0,0
48639059,90,4,810916,38130042,48639059,10509017,47828143,10509017,37319126,0,0,0
48692204,590,1,3027031,38130042,48692204,10562162,45665173,10562162,35103011,0,0,0
48752057,203,2,961325,38130042,48752057,10622015,47790732,10622015,37168717,0,0,0
48776633,236,2,1743083,38130042,48776633,10646591,47033550,10646591,36386959,0,0,0
49497958,915,4,4390097,38656426,49497958,10841532,45107861,10841532,34266329,0,0,0
49630285,94,2,960936,38687090,49630285,10943195,48669349,10943195,37726154,0,0,0
50733665,486,4,2230262,39764593,50733665,10969072,48503403,10969072,37534331,0,0,0
50739335,211,2,961356,39764593,50739335,10974742,49777979,10974742,38803237,0,0,0
50902469,784,1,3028008,39764593,50902469,11137876,47874461,11137876,36736585,0,0,0
51003162,173,2,961218,39764593,51003162,11238569,50041944,11238569,38803375,0,0,0
51019816,370,1,1838817,39764593,51019816,11255223,49180999,11255223,37925776,0,0,0
51458494,103,2,960971,40152362,51458494,11306132,50497523,11306132,39191391,0,0,0
51510031,325,1,1838320,40152362,51510031,11357669,49671711,11357669,38314042,0,0,0
51527955,742,1,3027900,40152362,51527955,11375593,48500055,11375593,37124462,0,0,0
51558610,744,1,3027906,40152362,51558610,11406248,48530704,11406248,37124456,0,0,0
51840604,431,4,2058890,40414088,51840604,11426516,49781714,11426516,38355198,0,0,0
52177974,946,4,4496524,40640293,52177974,11537681,47681450,11537681,36143769,0,0,0
52442997,230,2,1743056,40848395,52442997,11594602,50699941,11594602,39105339,0,0,0
53987374,743,1,3027903,42325735,53987374,11661639,50959471,11661639,39297832,0,0,0
54141640,239,2,1743099,42325735,54141640,11815905,52398541,11815905,40582636,0,0,0
54160968,767,1,3027969,42325735,54160968,11835233,51132999,11835233,39297766,0,0,0
54237759,778,1,3027993,42367455,54237759,11870304,51209766,11870304,39339462,0,0,0
54368506,99,2,960956,42367455,54368506,12001051,53407550,12001051,41406499,0,0,0
54461803,231,2,1743063,42432419,54461803,12029384,52718740,12029384,40689356,0,0,0
54469076,717,1,3027850,42432419,54469076,12036657,51441226,12036657,39404569,0,0,0
55289428,904,8,4216605,43142655,55289428,12146773,51072823,12146773,38926050,0,0,0
56222247,998,4,5564802,43841058,56222247,12381189,50657445,12381189,38276256,0,0,0
56321368,136,2,961089,43841058,56321368,12480310,55360279,12480310,42879969,0,0,0
57248018,428,4,2058874,44733481,57248018,12514537,55189144,12514537,42674607,0,0,0
57349759,662,1,3027607,44733481,57349759,12616278,54322152,12616278,41705874,0,0,0
57728309,968,4,4869549,44770304,57728309,12958005,52858760,12958005,39900755,0,0,0
57728937,403,2,1900746,44770304,57728937,12958633,55828191,12958633,42869558,0,0,0
58129086,88,4,810624,45148750,58129086,12980336,57318462,12980336,44338126,0,0,0
58356134,221,4,1730202,45239975,58356134,13116159,56625932,13116159,43509773,0,0,0
58958567,519,4,2230405,45688566,58958567,13270001,56728162,13270001,43458161,0,0,0
58990822,751,1,3027923,45688566,58990822,13302256,55962899,13302256,42660643,0,0,0
59098978,340,1,1838492,45688566,59098978,13410412,57260486,13410412,43850074,0,0,0
59190755,331,1,1838389,45688566,59190755,13502189,57352366,13502189,43850177,0,0,0
59272650,710,1,3027739,45688566,59272650,13584084,56244911,13584084,42660827,0,0,0
59345408,488,4,2230269,45727498,59345408,13617910,57115139,13617910,43497229,0,0,0
60251382,164,2,961188,46553864,60251382,13697518,59290194,13697518,45592676,0,0,0
60317354,244,2,1743118,46553864,60317354,13763490,58574236,13763490,44810746,0,0,0
60698994,158,2,961168,46889679,60698994,13809315,59737826,13809315,45928511,0,0,0
60894424,277,2,1829702,46889679,60894424,14004745,59064722,14004745,45059977,0,0,0
60974663,185,2,961259,46947460,60974663,14027203,60013404,14027203,45986201,0,0,0
61133510,190,2,961277,46996403,61133510,14137107,60172233,14137107,46035126,0,0,0
61397291,645,1,3027511,46996403,61397291,14400888,58369780,14400888,43968892,0,0,0
61933794,204,2,961329,47301378,61933794,14632416,60972465,14632416,46340049,0,0,0
61990724,663,1,3027610,47301378,61990724,14689346,58963114,14689346,44273768,0,0,0
62733537,1055,4,6243426,47911330,62733537,14822207,56490111,14822207,41667904,0,0,0
62915028,1133,2,7184850,47911330,62915028,15003698,55730178,15003698,40726480,0,0,0
62948448,618,1,3027241,47911330,62948448,15037118,59921207,15037118,44884089,0,0,0
63081771,374,1,1838858,47911330,63081771,15170441,61242913,15170441,46072472,0,0,0
63115018,687,1,3027680,47911330,63115018,15203688,60087338,15203688,44883650,0,0,0
63795557,690,1,3027690,48589805,63795557,15205752,60767867,15205752,45562115,0,0,0
63841780,750,1,3027923,48589805,63841780,15251975,60813857,15251975,45561882,0,0,0
64038431,207,2,961339,48589805,64038431,15448626,63077092,15448626,47628466,0,0,0
64212978,538,4,2394756,48589805,64212978,15623173,61818222,15623173,46195049,0,0,0
64456801,390,1,1839020,48639059,64456801,15817742,62617781,15817742,46800039,0,0,0
64645988,591,1,3027043,48639059,64645988,16006929,61618945,16006929,45612016,0,0,0
64905029,127,2,961058,48639059,64905029,16265970,63943971,16265970,47678001,0,0,0
65780673,454,4,2059076,49497958,65780673,16282715,63721597,16282715,47438882,0,0,0
67074913,1064,4,6243565,50733665,67074913,16341248,60831348,16341248,44490100,0,0,0
67885270,1127,4,6691429,51527955,67885270,16357315,61193841,16357315,44836526,0,0,0
67950484,731,1,3027877,51527955,67950484,16422529,64922607,16422529,48500078,0,0,0
68302356,873,4,3721582,51840604,68302356,16461752,64580774,16461752,48119022,0,0,0
68312755,631,1,3027329,51840604,68312755,16472151,65285426,16472151,48813275,0,0,0
68391782,626,1,3027290,51840604,68391782,16551178,65364492,16551178,48813314,0,0,0
68606953,747,1,3027915,51840604,68606953,16766349,65579038,16766349,48812689,0,0,0
68642096,114,2,961011,51840604,68642096,16801492,67681085,16801492,50879593,0,0,0
68654073,115,2,961015,51840604,68654073,16813469,67693058,16813469,50879589,0,0,0
69012590,1004,4,5564821,52177974,69012590,16834616,63447769,16834616,46613153,0,0,0
71220118,1058,4,6243469,54160968,71220118,17059150,64976649,17059150,47917499,0,0,0
71631753,1123,4,6244357,54469076,71631753,17162677,65387396,17162677,48224719,0,0,0
72518781,554,4,2676502,55289428,72518781,17229353,69842279,17229353,52612926,0,0,0
72562491,109,2,960993,55289428,72562491,17273063,71601498,17273063,54328435,0,0,0
72848576,612,1,3027177,55289428,72848576,17559148,69821399,17559148,52262251,0,0,0
72965519,440,4,2058951,55289428,72965519,17676091,70906568,17676091,53230477,0,0,0
74228673,1021,4,5641113,56222247,74228673,18006426,68587560,18006426,50581134,0,0,0
75301007,533,4,2394735,57248018,75301007,18052989,72906272,18052989,54853283,0,0,0
75819903,84,4,810573,57728309,75819903,18091594,75009330,18091594,56917736,0,0,0
75943091,95,2,960939,57728309,75943091,18214782,74982152,18214782,56767370,0,0,0
76438124,492,4,2230283,58129086,76438124,18309038,74207841,18309038,55898803,0,0,0
77264668,923,4,4442568,58356134,77264668,18908534,72822100,18908534,53913566,0,0,0
77454968,166,2,961194,58356134,77454968,19098834,76493774,19098834,57394940,0,0,0
77907224,696,1,3027713,58356134,77907224,19551090,74879511,19551090,55328421,0,0,0
78621156,217,4,1730177,58958567,78621156,19662589,76890979,19662589,57228390,0,0,0
79208956,129,2,961065,58958567,79208956,20250389,78247891,20250389,57997502,0,0,0
79361007,682,1,3027662,58958567,79361007,20402440,76333345,20402440,55930905,0,0,0
79934637,494,4,2230294,59345408,79934637,20589229,77704343,20589229,57115114,0,0,0
80016663,706,1,3027731,59345408,80016663,20671255,76988932,20671255,56317677,0,0,0
80197130,179,2,961239,59345408,80197130,20851722,79235891,20851722,58384169,0,0,0
81791181,80,4,810528,60317354,81791181,21473827,80980653,21473827,59506826,0,0,0
81823932,668,1,3027628,60317354,81823932,21506578,78796304,21506578,57289726,0,0,0
82451822,521,4,2230417,60894424,82451822,21557398,80221405,21557398,58664007,0,0,0
82500905,654,1,3027580,60894424,82500905,21606481,79473325,21606481,57866844,0,0,0
82625935,619,1,3027259,60894424,82625935,21731511,79598676,21731511,57867165,0,0,0
85385516,460,4,2059129,62733537,85385516,22651979,83326387,22651979,60674408,0,0,0
85614011,688,1,3027681,62733537,85614011,22880474,82586330,22880474,59705856,0,0,0
85839322,1012,4,5640904,62948448,85839322,22890874,80198418,22890874,57307544,0,0,0
86055489,191,2,961280,62948448,86055489,23107041,85094209,23107041,61987168,0,0,0
86559318,596,1,3027073,62948448,86559318,23610870,83532245,23610870,59921375,0,0,0
86870902,1008,4,5564840,63115018,86870902,23755884,81306062,23755884,57550178,0,0,0
86875543,785,1,3028012,63115018,86875543,23760525,83847531,23760525,60087006,0,0,0
86896682,98,2,960951,63115018,86896682,23781664,85935731,23781664,62154067,0,0,0
87666337,670,1,3027631,63795557,87666337,23870780,84638706,23870780,60767926,0,0,0
87785077,610,1,3027164,63841780,87785077,23943297,84757913,23943297,60814616,0,0,0
88006731,728,1,3027872,64038431,88006731,23968300,84978859,23968300,61010559,0,0,0
88819887,611,1,3027172,64038431,88819887,24781456,85792715,24781456,61011259,0,0,0
89067155,1043,4,6077643,64212978,89067155,24854177,82989512,24854177,58135335,0,0,0
89887556,1115,4,6244220,64905029,89887556,24982527,83643336,24982527,58660809,0,0,0
91414812,1054,4,6243415,65780673,91414812,25634139,85171397,25634139,59537258,0,0,0
92799633,81,4,810542,67074913,92799633,25724720,91989091,25724720,66264371,0,0,0
93642423,762,1,3027957,67885270,93642423,25757153,90614466,25757153,64857313,0,0,0
93796965,758,1,3027939,67885270,93796965,25911695,90769026,25911695,64857331,0,0,0
94626690,220,4,1730199,68302356,94626690,26324334,92896491,26324334,66572157,0,0,0
95249114,760,1,3027949,68302356,95249114,26946758,92221165,26946758,65274407,0,0,0
95371921,632,1,3027344,68302356,95371921,27069565,92344577,27069565,65275012,0,0,0
95399002,635,1,3027354,68302356,95399002,27096646,92371648,27096646,65275002,0,0,0
95484159,383,1,1838952,68312755,95484159,27171404,93645207,27171404,66473803,0,0,0
96262969,1033,1,6032619,68391782,96262969,27871187,90230350,27871187,62359163,0,0,0
96532394,197,2,961301,68642096,96532394,27890298,95571093,27890298,67680795,0,0,0
97000263,110,2,960997,68654073,97000263,28346190,96039266,28346190,67693076,0,0,0
97173675,677,1,3027645,68654073,97173675,28519602,94146030,28519602,65626428,0,0,0
97896266,405,2,1900788,69012590,97896266,28883676,95995478,28883676,67111802,0,0,0
98235541,155,2,961157,69012590,98235541,29222951,97274384,29222951,68051433,0,0,0
100457257,508,4,2230360,71220118,100457257,29237139,98226897,29237139,68989758,0,0,0
100943869,497,4,2230308,71631753,100943869,29312116,98713561,29312116,69401445,0,0,0
101833890,588,1,3027017,72518781,101833890,29315109,98806873,29315109,69491764,0,0,0
103088976,748,1,3027919,72518781,103088976,30570195,100061057,30570195,69490862,0,0,0
103287674,254,2,1743163,72518781,103287674,30768893,101544511,30768893,70775618,0,0,0
104120769,1104,4,6244077,72965519,104120769,31155250,97876692,31155250,66721442,0,0,0
107867213,1005,4,5564833,74228673,107867213,33638540,102302380,33638540,68663840,0,0,0
109133119,527,4,2230442,75301007,109133119,33832112,106902677,33832112,73070565,0,0,0
110882238,907,4,4343650,75819903,110882238,35062335,106538588,35062335,71476253,0,0,0
111534224,149,2,961136,75819903,111534224,35714321,110573088,35714321,74858767,0,0,0
112253020,1002,4,5564816,76438124,112253020,35814896,106688204,35814896,70873308,0,0,0
112364023,1038,1,6032653,76438124,112364023,35925899,106331370,35925899,70405471,0,0,0
113775998,547,4,2394789,77264668,113775998,36511330,111381209,36511330,74869879,0,0,0
114353575,745,1,3027908,77264668,114353575,37088907,111325667,37088907,74236760,0,0,0
115914955,444,4,2058983,78621156,115914955,37293799,113855972,37293799,76562173,0,0,0
117526917,218,4,1730179,79934637,117526917,37592280,115796738,37592280,78204458,0,0,0
117663106,134,2,961082,79934637,117663106,37728469,116702024,37728469,78973555,0,0,0
118298667,637,1,3027365,79934637,118298667,38364030,115271302,38364030,76907272,0,0,0
119393928,594,1,3027065,79934637,119393928,39459291,116366863,39459291,76907572,0,0,0
121253312,420,4,2058826,80197130,121253312,41056182,119194486,41056182,78138304,0,0,0
123137643,498,4,2230311,81791181,123137643,41346462,120907332,41346462,79560870,0,0,0
124000422,450,4,2059028,82451822,124000422,41548600,121941394,41548600,80392794,0,0,0
124824101,167,2,961197,82451822,124824101,42372279,123862904,42372279,81490625,0,0,0
125412343,642,1,3027407,82451822,125412343,42960521,122384936,42960521,79424415,0,0,0
125475499,625,1,3027282,82500905,125475499,42974594,122448217,42974594,79473623,0,0,0
129328321,262,2,1743212,85385516,129328321,43942805,127585109,43942805,83642304,0,0,0
131778268,616,1,3027214,85385516,131778268,46392752,128751054,46392752,82358302,0,0,0
132667580,667,1,3027625,85385516,132667580,47282064,129639955,47282064,82357891,0,0,0
133801329,419,4,2058810,85839322,133801329,47962007,131742519,47962007,83780512,0,0,0
135240638,609,1,3027159,85839322,135240638,49401316,132213479,49401316,82812163,0,0,0
136966549,704,1,3027727,85839322,136966549,51127227,133938822,51127227,82811595,0,0,0
138221082,606,1,3027148,86055489,138221082,52165593,135193934,52165593,83028341,0,0,0
140042907,608,1,3027156,86055489,140042907,53987418,137015751,53987418,83028333,0,0,0
144168453,641,1,3027403,86559318,144168453,57609135,141141050,57609135,83531915,0,0,0
146372154,276,2,1829698,86870902,146372154,59501252,144542456,59501252,85041204,0,0,0
147094793,628,1,3027310,86870902,147094793,60223891,144067483,60223891,83843592,0,0,0
147108999,684,1,3027667,86870902,147108999,60238097,144081332,60238097,83843235,0,0,0
149471490,139,2,961099,86896682,149471490,62574808,148510391,62574808,85935583,0,0,0
150879500,646,1,3027514,86896682,150879500,63982818,147851986,63982818,83869168,0,0,0
159945768,522,4,2230420,88819887,159945768,71125881,157715348,71125881,86589467,0,0,0
160784252,501,4,2230326,89067155,160784252,71717097,158553926,71717097,86836829,0,0,0
167991086,461,4,2059136,89887556,167991086,78103530,165931950,78103530,87828420,0,0,0
172853487,585,8,2877694,92799633,172853487,80053854,169975793,80053854,89921939,0,0,0
179613285,589,1,3027020,93642423,179613285,85970862,176586265,85970862,90615403,0,0,0
180100378,664,1,3027613,93796965,180100378,86303413,177072765,86303413,90769352,0,0,0
182785535,447,4,2059011,94626690,182785535,88158845,180726524,88158845,92567679,0,0,0
183931493,229,2,1743052,95371921,183931493,88559572,182188441,88559572,93628869,0,0,0
211615493,242,2,1743111,95484159,211615493,116131334,209872382,116131334,93741048,0,0,0
227978365,113,2,961008,96532394,227978365,131445971,227017357,131445971,95571386,0,0,0
