time,job_id,num_gpu,submit_time,start_time,end_time,executed_time,JCT,duration,pending_time,preempt,promote
2603599,1,1,266564,266564,2603599,2337035,2337035,2337035,0,0,0
3473655,57,1,2717244,2717244,3473655,756411,756411,756411,0,0,0
3617096,18,1,2025050,2025050,3617096,1592046,1592046,1592046,0,0,0
3617693,133,1,3567044,3617096,3617693,597,50649,597,50052,0,0
3618301,124,1,3564757,3617693,3618301,608,53544,608,52936,0,0
3618997,126,1,3564927,3618301,3618997,696,54070,696,53374,0,0
3619747,151,1,3574908,3618997,3619747,750,44839,750,44089,0,0
3620502,159,1,3577410,3619747,3620502,755,43092,755,42337,0,0
3621306,117,1,3551397,3620502,3621306,804,69909,804,69105,0,0
3622128,177,1,3607156,3621306,3622128,822,14972,822,14150,0,0
3624040,142,1,3571105,3622128,3624040,1912,52935,1912,51023,0,0
3626735,165,1,3578780,3624040,3626735,2695,47955,2695,45260,0,0
3630309,157,1,3576571,3626735,3630309,3574,53738,3574,50164,0,0
3635535,141,1,3570115,3630309,3635535,5226,65420,5226,60194,0,0
3642125,162,1,3578012,3635535,3642125,6590,64113,6590,57523,0,0
3643048,195,1,3640288,3642125,3643048,923,2760,923,1837,0,0
3649875,160,1,3577412,3643048,3649875,6827,72463,6827,65636,0,0
3650278,256,1,3647605,3649875,3650278,403,2673,403,2270,0,0
3650772,212,1,3647110,3650278,3650772,494,3662,494,3168,0,0
3651350,247,1,3647341,3650772,3651350,578,4009,578,3431,0,0
3651937,233,1,3647290,3651350,3651937,587,4647,587,4060,0,0
3652549,238,1,3647307,3651937,3652549,612,5242,612,4630,0,0
3653255,259,1,3647663,3652549,3653255,706,5592,706,4886,0,0
3653974,232,1,3647282,3653255,3653974,719,6692,719,5973,0,0
3654703,202,1,3647004,3653974,3654703,729,7699,729,6970,0,0
3655474,223,1,3647208,3654703,3655474,771,8266,771,7495,0,0
3656311,228,1,3647261,3655474,3656311,837,9050,837,8213,0,0
3657224,235,1,3647299,3656311,3657224,913,9925,913,9012,0,0
3659554,205,1,3647031,3657224,3659554,2330,12523,2330,10193,0,0
3660493,275,1,3658350,3659554,3660493,939,2143,939,1204,0,0
3662828,252,1,3647457,3660493,3662828,2335,15371,2335,13036,0,0
3665293,269,1,3654136,3662828,3665293,2465,11157,2465,8692,0,0
3667819,215,1,3647178,3665293,3667819,2526,20641,2526,18115,0,0
3670746,251,1,3647436,3667819,3670746,2927,23310,2927,20383,0,0
3671376,280,1,3670578,3670746,3671376,630,798,630,168,0,0
3671794,283,1,3670980,3671376,3671794,418,814,418,396,0,0
3672476,286,1,3671467,3671794,3672476,682,1009,682,327,0,0
3673124,291,1,3672180,3672476,3673124,648,944,648,296,0,0
3673909,289,1,3671964,3673124,3673909,785,1945,785,1160,0,0
3674717,296,1,3672410,3673909,3674717,808,2307,808,1499,0,0
3675115,301,1,3674271,3674717,3675115,398,844,398,446,0,0
3678644,226,1,3647254,3675115,3678644,3529,31390,3529,27861,0,0
3682217,266,1,3653392,3678644,3682217,3573,28825,3573,25252,0,0
3685862,243,1,3647320,3682217,3685862,3645,38542,3645,34897,0,0
3689709,208,1,3647078,3685862,3689709,3847,42631,3847,38784,0,0
3693696,290,1,3672117,3689709,3693696,3987,21579,3987,17592,0,0
3698554,260,1,3647728,3693696,3698554,4858,50826,4858,45968,0,0
3704480,237,1,3647300,3698554,3704480,5926,57180,5926,51254,0,0
3711451,303,1,3676808,3704480,3711451,6971,34643,6971,27672,0,0
3712624,313,1,3706636,3711451,3712624,1173,5988,1173,4815,0,0
3714097,314,1,3708723,3712624,3714097,1473,5374,1473,3901,0,0
3721097,288,1,3671939,3714097,3721097,7000,49158,7000,42158,0,0
3728557,299,1,3673994,3721097,3728557,7460,54563,7460,47103,0,0
3729436,321,1,3724222,3728557,3729436,879,5214,879,4335,0,0
3741631,328,1,3736349,3739720,3741631,1911,5282,1911,3371,0,0
3745628,338,1,3740212,3741631,3745628,3997,5416,3997,1419,0,0
3746507,347,1,3744774,3745628,3746507,879,1733,879,854,0,0
3747401,341,1,3741711,3746507,3747401,894,5690,894,4796,0,0
3751653,348,1,3744827,3747401,3751653,4252,6826,4252,2574,0,0
3771563,582,1,3762668,3769615,3771563,1948,8895,1948,6947,0,0
3788208,597,1,3786814,3786922,3788208,1286,1394,1286,108,0,0
3788810,603,1,3787055,3788208,3788810,602,1755,602,1153,0,0
3795943,607,1,3787061,3788810,3795943,7133,8882,7133,1749,0,0
3803484,613,1,3800383,3802816,3803484,668,3101,668,2433,0,0
3819653,617,1,3814820,3814858,3819653,4795,4833,4795,38,0,0
3820640,620,1,3815002,3819653,3820640,987,5638,987,4651,0,0
3821648,622,1,3815247,3820640,3821648,1008,6401,1008,5393,0,0
3824345,621,1,3815068,3821648,3824345,2697,9277,2697,6580,0,0
3828566,627,1,3820034,3824345,3828566,4221,8532,4221,4311,0,0
3848596,638,1,3842068,3846677,3848596,1919,6528,1919,4609,0,0
3891366,55,2,2678400,2678400,3891366,1212966,1212966,1212966,0,0,0
3892773,650,1,3883556,3887806,3892773,4967,9217,4967,4250,0,0
3899059,651,1,3887806,3891366,3899059,7693,11253,7693,3560,0,0
3903489,656,1,3902978,3902981,3903489,508,511,508,3,0,0
3925896,665,1,3921476,3921569,3925896,4327,4420,4327,93,0,0
3937248,676,1,3934794,3935091,3937248,2157,2454,2157,297,0,0
3937663,674,1,3931311,3931338,3937663,6325,6352,6325,27,0,0
3972193,918,1,3966753,3968653,3972193,3540,5440,3540,1900,0,0
3980945,927,1,3980158,3980189,3980945,756,787,756,31,0,0
3981220,928,1,3980189,3980461,3981220,759,1031,759,272,0,0
3981496,931,1,3980534,3980571,3981496,925,962,925,37,0,0
4032098,962,1,4030780,4030861,4032098,1237,1318,1237,81,0,0
4033579,966,1,4031617,4031841,4033579,1738,1962,1738,224,0,0
4067327,1006,1,4063022,4063032,4067327,4295,4305,4295,10,0,0
4069000,982,1,4062524,4062551,4069000,6449,6476,6449,27,0,0
4070127,973,1,4062418,4062435,4070127,7692,7709,7692,17,0,0
4071478,1048,1,4063426,4067327,4071478,4151,8052,4151,3901,0,0
4073197,1037,1,4063276,4069000,4073197,4197,9921,4197,5724,0,0
4074396,1011,1,4063079,4070127,4074396,4269,11317,4269,7048,0,0
4077222,1069,1,4063971,4071478,4077222,5744,13251,5744,7507,0,0
4078956,1065,1,4063948,4073197,4078956,5759,15008,5759,9249,0,0
4080158,1067,1,4063969,4074396,4080158,5762,16189,5762,10427,0,0
4083328,1034,1,4063230,4077222,4083328,6106,20098,6106,13992,0,0
4086078,1044,1,4063396,4078956,4086078,7122,22682,7122,15560,0,0
4087401,1026,1,4063184,4080158,4087401,7243,24217,7243,16974,0,0
4090808,1068,1,4063971,4083328,4090808,7480,26837,7480,19357,0,0
4093789,1053,1,4063591,4086078,4093789,7711,30198,7711,22487,0,0
4112965,86,1,3175183,3175183,4112965,937782,937782,937782,0,0,0
4172865,1097,1,4172200,4172202,4172865,663,665,663,2,0,0
4173844,1098,1,4172202,4172865,4173844,979,1642,979,663,0,0
4173967,1091,1,4171913,4172132,4173967,1835,2054,1835,219,0,0
4174630,1129,1,4172872,4173844,4174630,786,1758,786,972,0,0
4174769,1156,1,4172997,4173967,4174769,802,1772,802,970,0,0
4175443,1331,1,4173794,4174630,4175443,813,1649,813,836,0,0
4175604,1176,1,4173090,4174769,4175604,835,2514,835,1679,0,0
4175614,1096,1,4172174,4172200,4175614,3414,3440,3414,26,0,0
4176283,1135,1,4172898,4175443,4176283,840,3385,840,2545,0,0
4176453,1308,1,4173696,4175604,4176453,849,2757,849,1908,0,0
4176498,1373,1,4173983,4175614,4176498,884,2515,884,1631,0,0
4177163,1089,1,4171575,4171848,4177163,5315,5588,5315,273,0,0
4177212,1438,1,4174300,4176283,4177212,929,2912,929,1983,0,0
4177428,1282,1,4173576,4176453,4177428,975,3852,975,2877,0,0
4177504,1445,1,4174329,4176498,4177504,1006,3175,1006,2169,0,0
4177981,1512,1,4176781,4177163,4177981,818,1200,818,382,0,0
4178201,1526,1,4176848,4177212,4178201,989,1353,989,364,0,0
4178433,1613,1,4177232,4177428,4178433,1005,1201,1005,196,0,0
4178651,1580,1,4177101,4177504,4178651,1147,1550,1147,403,0,0
4178793,1763,1,4177920,4177981,4178793,812,873,812,61,0,0
4179027,1764,1,4177929,4178201,4179027,826,1098,826,272,0,0
4179291,1708,1,4177655,4178433,4179291,858,1636,858,778,0,0
4179540,1696,1,4177608,4178651,4179540,889,1932,889,1043,0,0
4179705,1803,1,4178207,4178793,4179705,912,1498,912,586,0,0
4179997,1740,1,4177798,4179027,4179997,970,2199,970,1229,0,0
4180425,1710,1,4177668,4179291,4180425,1134,2757,1134,1623,0,0
4180702,1532,1,4176874,4179540,4180702,1162,3828,1162,2666,0,0
4180867,1599,1,4177179,4179705,4180867,1162,3688,1162,2526,0,0
4181159,1706,1,4177650,4179997,4181159,1162,3509,1162,2347,0,0
4181494,1831,1,4180512,4180702,4181494,792,982,792,190,0,0
4181595,1182,1,4173112,4180425,4181595,1170,8483,1170,7313,0,0
4181730,1862,1,4180661,4180867,4181730,863,1069,863,206,0,0
4181967,1903,1,4180895,4181159,4181967,808,1072,808,264,0,0
4182290,1981,1,4181352,4181494,4182290,796,938,796,142,0,0
4182398,1963,1,4181193,4181595,4182398,803,1205,803,402,0,0
4182605,1859,1,4180646,4181730,4182605,875,1959,875,1084,0,0
4182891,1869,1,4180693,4181967,4182891,924,2198,924,1274,0,0
4183240,1880,1,4180751,4182290,4183240,950,2489,950,1539,0,0
4183372,1917,1,4180962,4182398,4183372,974,2410,974,1436,0,0
4183759,1939,1,4181059,4182605,4183759,1154,2700,1154,1546,0,0
4184061,1686,1,4177567,4182891,4184061,1170,6494,1170,5324,0,0
4184411,1596,1,4177165,4183240,4184411,1171,7246,1171,6075,0,0
4184545,1648,1,4177396,4183372,4184545,1173,7149,1173,5976,0,0
4184936,1319,1,4173738,4183759,4184936,1177,11198,1177,10021,0,0
4185256,1420,1,4174199,4184061,4185256,1195,11057,1195,9862,0,0
4185607,1474,1,4176590,4184411,4185607,1196,9017,1196,7821,0,0
4185741,1633,1,4177329,4184545,4185741,1196,8412,1196,7216,0,0
4186134,1460,1,4176493,4184936,4186134,1198,9641,1198,8443,0,0
4186455,1387,1,4174045,4185256,4186455,1199,12410,1199,11211,0,0
4186810,1634,1,4177331,4185607,4186810,1203,9479,1203,8276,0,0
4186946,1419,1,4174197,4185741,4186946,1205,12749,1205,11544,0,0
4187340,1433,1,4174272,4186134,4187340,1206,13068,1206,11862,0,0
4187670,1574,1,4177063,4186455,4187670,1215,10607,1215,9392,0,0
4188028,1488,1,4176660,4186810,4188028,1218,11368,1218,10150,0,0
4188165,1155,1,4172990,4186946,4188165,1219,15175,1219,13956,0,0
4188561,1992,1,4184050,4187340,4188561,1221,4511,1221,3290,0,0
4188903,1793,1,4178068,4187670,4188903,1233,10835,1233,9602,0,0
4189262,1765,1,4177930,4188028,4189262,1234,11332,1234,10098,0,0
4189408,1214,1,4173242,4188165,4189408,1243,16166,1243,14923,0,0
4189853,1450,1,4174355,4188561,4189853,1292,15498,1292,14206,0,0
4190201,1424,1,4174224,4188903,4190201,1298,15977,1298,14679,0,0
4190565,1649,1,4177405,4189262,4190565,1303,13160,1303,11857,0,0
4190725,1575,1,4177074,4189408,4190725,1317,13651,1317,12334,0,0
4190937,41,1,2595254,2595254,4190937,1595683,1595683,1595683,0,0,0
4191173,1819,1,4180457,4189853,4191173,1320,10716,1320,9396,0,0
4191544,1503,1,4176740,4190201,4191544,1343,14804,1343,13461,0,0
4191911,1919,1,4180967,4190565,4191911,1346,10944,1346,9598,0,0
4192072,1577,1,4177083,4190725,4192072,1347,14989,1347,13642,0,0
4192287,1315,1,4173718,4190937,4192287,1350,18569,1350,17219,0,0
4192524,1830,1,4180511,4191173,4192524,1351,12013,1351,10662,0,0
4192910,1153,1,4172985,4191544,4192910,1366,19925,1366,18559,0,0
4193283,1316,1,4173724,4191911,4193283,1372,19559,1372,18187,0,0
4193446,1667,1,4177485,4192072,4193446,1374,15961,1374,14587,0,0
4193664,1143,1,4172934,4192287,4193664,1377,20730,1377,19353,0,0
4193906,1676,1,4177523,4192524,4193906,1382,16383,1382,15001,0,0
4194298,1290,1,4173612,4192910,4194298,1388,20686,1388,19298,0,0
4194682,1514,1,4176791,4193283,4194682,1399,17891,1399,16492,0,0
4194852,1402,1,4174116,4193446,4194852,1406,20736,1406,19330,0,0
4195072,1818,1,4180451,4193664,4195072,1408,14621,1408,13213,0,0
4195315,1506,1,4176748,4193906,4195315,1409,18567,1409,17158,0,0
4195710,1767,1,4177938,4194298,4195710,1412,17772,1412,16360,0,0
4196097,1687,1,4177569,4194682,4196097,1415,18528,1415,17113,0,0
4196279,1927,1,4181007,4194852,4196279,1427,15272,1427,13845,0,0
4196501,1711,1,4177668,4195072,4196501,1429,18833,1429,17404,0,0
4196748,1755,1,4177888,4195315,4196748,1433,18860,1433,17427,0,0
4197146,1389,1,4174058,4195710,4197146,1436,23088,1436,21652,0,0
4197535,1147,1,4172949,4196097,4197535,1438,24586,1438,23148,0,0
4197719,1224,1,4173287,4196279,4197719,1440,24432,1440,22992,0,0
4197941,1361,1,4173929,4196501,4197941,1440,24012,1440,22572,0,0
4198198,1821,1,4180470,4196748,4198198,1450,17728,1450,16278,0,0
4198598,1317,1,4173730,4197146,4198598,1452,24868,1452,23416,0,0
4198989,1164,1,4173039,4197535,4198989,1454,25950,1454,24496,0,0
4199177,1937,1,4181047,4197719,4199177,1458,18130,1458,16672,0,0
4199400,1883,1,4180779,4197941,4199400,1459,18621,1459,17162,0,0
4199658,1700,1,4177624,4198198,4199658,1460,22034,1460,20574,0,0
4200066,1554,1,4176978,4198598,4200066,1468,23088,1468,21620,0,0
4200458,1925,1,4180992,4198989,4200458,1469,19466,1469,17997,0,0
4200651,1635,1,4177332,4199177,4200651,1474,23319,1474,21845,0,0
4200877,1865,1,4180671,4199400,4200877,1477,20206,1477,18729,0,0
4201150,1523,1,4176834,4199658,4201150,1492,24316,1492,22824,0,0
4201560,1962,1,4181179,4200066,4201560,1494,20381,1494,18887,0,0
4201956,1367,1,4173956,4200458,4201956,1498,28000,1498,26502,0,0
4202152,1293,1,4173626,4200651,4202152,1501,28526,1501,27025,0,0
4202381,1745,1,4177834,4200877,4202381,1504,24547,1504,23043,0,0
4202658,1432,1,4174271,4201150,4202658,1508,28387,1508,26879,0,0
4203071,1878,1,4180739,4201560,4203071,1511,22332,1511,20821,0,0
4203472,1758,1,4177901,4201956,4203472,1516,25571,1516,24055,0,0
4203671,1298,1,4173644,4202152,4203671,1519,30027,1519,28508,0,0
4203902,1597,1,4177171,4202381,4203902,1521,26731,1521,25210,0,0
4204180,1418,1,4174196,4202658,4204180,1522,29984,1522,28462,0,0
4204595,1969,1,4181221,4203071,4204595,1524,23374,1524,21850,0,0
4204997,1522,1,4176834,4203472,4204997,1525,28163,1525,26638,0,0
4205198,1473,1,4176584,4203671,4205198,1527,28614,1527,27087,0,0
4205432,1824,1,4180486,4203902,4205432,1530,24946,1530,23416,0,0
4205713,1274,1,4173533,4204180,4205713,1533,32180,1533,30647,0,0
4206130,1829,1,4180510,4204595,4206130,1535,25620,1535,24085,0,0
4206536,1666,1,4177478,4204997,4206536,1539,29058,1539,27519,0,0
4206739,1891,1,4180831,4205198,4206739,1541,25908,1541,24367,0,0
4206974,1490,1,4176668,4205432,4206974,1542,30306,1542,28764,0,0
4207256,1475,1,4176595,4205713,4207256,1543,30661,1543,29118,0,0
4207675,1822,1,4180482,4206130,4207675,1545,27193,1545,25648,0,0
4208088,1563,1,4177014,4206536,4208088,1552,31074,1552,29522,0,0
4208291,1728,1,4177752,4206739,4208291,1552,30539,1552,28987,0,0
4208528,1134,1,4172897,4206974,4208528,1554,35631,1554,34077,0,0
4208817,1301,1,4173655,4207256,4208817,1561,35162,1561,33601,0,0
4209241,1637,1,4177345,4207675,4209241,1566,31896,1566,30330,0,0
4209672,1145,1,4172941,4208088,4209672,1584,36731,1584,35147,0,0
4209878,1327,1,4173771,4208291,4209878,1587,36107,1587,34520,0,0
4210117,1721,1,4177719,4208528,4210117,1589,32398,1589,30809,0,0
4210407,1491,1,4176675,4208817,4210407,1590,33732,1590,32142,0,0
4210835,1215,1,4173250,4209241,4210835,1594,37585,1594,35991,0,0
4211270,1276,1,4173545,4209672,4211270,1598,37725,1598,36127,0,0
4211477,1158,1,4173003,4209878,4211477,1599,38474,1599,36875,0,0
4211716,1682,1,4177551,4210117,4211716,1599,34165,1599,32566,0,0
4212011,1255,1,4173426,4210407,4212011,1604,38585,1604,36981,0,0
4212442,1233,1,4173326,4210835,4212442,1607,39116,1607,37509,0,0
4212879,1762,1,4177919,4211270,4212879,1609,34960,1609,33351,0,0
4213092,1396,1,4174089,4211477,4213092,1615,39003,1615,37388,0,0
4213333,1578,1,4177089,4211716,4213333,1617,36244,1617,34627,0,0
4213629,1854,1,4180623,4212011,4213629,1618,33006,1618,31388,0,0
4214064,1733,1,4177771,4212442,4214064,1622,36293,1622,34671,0,0
4214528,1357,1,4173912,4212879,4214528,1649,40616,1649,38967,0,0
4214748,1659,1,4177450,4213092,4214748,1656,37298,1656,35642,0,0
4215001,1746,1,4177835,4213333,4215001,1668,37166,1668,35498,0,0
4215306,1806,1,4180385,4213629,4215306,1677,34921,1677,33244,0,0
4215746,1322,1,4173751,4214064,4215746,1682,41995,1682,40313,0,0
4216215,1354,1,4173899,4214528,4216215,1687,42316,1687,40629,0,0
4216437,1539,1,4176913,4214748,4216437,1689,39524,1689,37835,0,0
4216694,1802,1,4178196,4215001,4216694,1693,38498,1693,36805,0,0
4217004,1727,1,4177745,4215306,4217004,1698,39259,1698,37561,0,0
4217456,1540,1,4176914,4215746,4217456,1710,40542,1710,38832,0,0
4217942,1311,1,4173706,4216215,4217942,1727,44236,1727,42509,0,0
4218171,1360,1,4173925,4216437,4218171,1734,44246,1734,42512,0,0
4218435,1581,1,4177105,4216694,4218435,1741,41330,1741,39589,0,0
4218750,1715,1,4177693,4217004,4218750,1746,41057,1746,39311,0,0
4219215,1775,1,4177974,4217456,4219215,1759,41241,1759,39482,0,0
4219707,1791,1,4178054,4217942,4219707,1765,41653,1765,39888,0,0
4219948,1828,1,4180507,4218171,4219948,1777,39441,1777,37664,0,0
4220223,1246,1,4173384,4218435,4220223,1788,46839,1788,45051,0,0
4220542,1216,1,4173253,4218750,4220542,1792,47289,1792,45497,0,0
4221011,1714,1,4177692,4219215,4221011,1796,43319,1796,41523,0,0
4221507,1417,1,4174185,4219707,4221507,1800,47322,1800,45522,0,0
4221775,1413,1,4174169,4219948,4221775,1827,47606,1827,45779,0,0
4222055,1392,1,4174071,4220223,4222055,1832,47984,1832,46152,0,0
4222397,1364,1,4173938,4220542,4222397,1855,48459,1855,46604,0,0
4222945,1559,1,4176998,4221011,4222945,1934,45947,1934,44013,0,0
4223455,1136,1,4172905,4221507,4223455,1948,50550,1948,48602,0,0
4223799,1846,1,4180588,4221775,4223799,2024,43211,2024,41187,0,0
4224105,1970,1,4181233,4222055,4224105,2050,42872,2050,40822,0,0
4224457,1654,1,4177421,4222397,4224457,2060,47036,2060,44976,0,0
4225016,1102,1,4172515,4222945,4225016,2071,52501,2071,50430,0,0
4225613,1820,1,4180464,4223455,4225613,2158,45149,2158,42991,0,0
4225987,1412,1,4174165,4223799,4225987,2188,51822,2188,49634,0,0
4226348,1909,1,4180922,4224105,4226348,2243,45426,2243,43183,0,0
4226704,1501,1,4176728,4224457,4226704,2247,49976,2247,47729,0,0
4227267,1117,1,4172638,4225016,4227267,2251,54629,2251,52378,0,0
4227883,1462,1,4176507,4225613,4227883,2270,51376,2270,49106,0,0
4228313,1583,1,4177114,4225987,4228313,2326,51199,2326,48873,0,0
4228792,1124,1,4172671,4226348,4228792,2444,56121,2444,53677,0,0
4229158,1464,1,4176518,4226704,4229158,2454,52640,2454,50186,0,0
4230249,1299,1,4173651,4227267,4230249,2982,56598,2982,53616,0,0
4230915,1571,1,4177050,4227883,4230915,3032,53865,3032,50833,0,0
4231393,1152,1,4172984,4228313,4231393,3080,58409,3080,55329,0,0
4231878,1631,1,4177317,4228792,4231878,3086,54561,3086,51475,0,0
4232640,1099,1,4172205,4229158,4232640,3482,60435,3482,56953,0,0
4233921,1847,1,4180592,4230249,4233921,3672,53329,3672,49657,0,0
4234935,1931,1,4181025,4230915,4234935,4020,53910,4020,49890,0,0
4235464,1660,1,4177450,4231393,4235464,4071,58014,4071,53943,0,0
4235979,1665,1,4177470,4231878,4235979,4101,58509,4101,54408,0,0
4236755,1678,1,4177531,4232640,4236755,4115,59224,4115,55109,0,0
4238057,1604,1,4177200,4233921,4238057,4136,60857,4136,56721,0,0
4239088,1916,1,4180952,4234935,4239088,4153,58136,4153,53983,0,0
4239659,1159,1,4173011,4235464,4239659,4195,66648,4195,62453,0,0
4240174,1739,1,4177795,4235979,4240174,4195,62379,4195,58184,0,0
4240979,1253,1,4173415,4236755,4240979,4224,67564,4224,63340,0,0
4242287,1451,1,4174356,4238057,4242287,4230,67931,4230,63701,0,0
4243352,1805,1,4178246,4239088,4243352,4264,65106,4264,60842,0,0
4243936,1344,1,4173855,4239659,4243936,4277,70081,4277,65804,0,0
4244469,1477,1,4176609,4240174,4244469,4295,67860,4295,63565,0,0
4245297,1481,1,4176621,4240979,4245297,4318,68676,4318,64358,0,0
4246684,1181,1,4173106,4242287,4246684,4397,73578,4397,69181,0,0
4247815,1508,1,4176761,4243352,4247815,4463,71054,4463,66591,0,0
4248416,1304,1,4173671,4243936,4248416,4480,74745,4480,70265,0,0
4248951,1237,1,4173346,4244469,4248951,4482,75605,4482,71123,0,0
4249800,1744,1,4177825,4245297,4249800,4503,71975,4503,67472,0,0
4251303,1894,1,4180853,4246684,4251303,4619,70450,4619,65831,0,0
4252439,1722,1,4177725,4247815,4252439,4624,74714,4624,70090,0,0
4253076,1695,1,4177606,4248416,4253076,4660,75470,4660,70810,0,0
4253616,1761,1,4177915,4248951,4253616,4665,75701,4665,71036,0,0
4254535,1620,1,4177260,4249800,4254535,4735,77275,4735,72540,0,0
4256150,1266,1,4173482,4251303,4256150,4847,82668,4847,77821,0,0
4257345,1294,1,4173628,4252439,4257345,4906,83717,4906,78811,0,0
4258279,1642,1,4177368,4253076,4258279,5203,80911,5203,75708,0,0
4259710,1149,1,4172960,4253616,4259710,6094,86750,6094,80656,0,0
4260632,1465,1,4176519,4254535,4260632,6097,84113,6097,78016,0,0
4262276,1455,1,4176476,4256150,4262276,6126,85800,6126,79674,0,0
4263502,1248,1,4173393,4257345,4263502,6157,90109,6157,83952,0,0
4264484,1113,1,4172603,4258279,4264484,6205,91881,6205,85676,0,0
4265971,1468,1,4176538,4259710,4265971,6261,89433,6261,83172,0,0
4267308,1938,1,4181055,4260632,4267308,6676,86253,6676,79577,0,0
4269029,1841,1,4180566,4262276,4269029,6753,88463,6753,81710,0,0
4270278,1848,1,4180597,4263502,4270278,6776,89681,6776,82905,0,0
4271317,1668,1,4177485,4264484,4271317,6833,93832,6833,86999,0,0
4272875,1309,1,4173696,4265971,4272875,6904,99179,6904,92275,0,0
4274240,1168,1,4173053,4267308,4274240,6932,101187,6932,94255,0,0
4275976,1221,1,4173275,4269029,4275976,6947,102701,6947,95754,0,0
4277227,1213,1,4173240,4270278,4277227,6949,103987,6949,97038,0,0
4278266,1719,1,4177715,4271317,4278266,6949,100551,6949,93602,0,0
4279839,1284,1,4173579,4272875,4279839,6964,106260,6964,99296,0,0
4281241,1850,1,4180606,4274240,4281241,7001,100635,7001,93634,0,0
4283036,1543,1,4176925,4275976,4283036,7060,106111,7060,99051,0,0
4284293,1743,1,4177823,4277227,4284293,7066,106470,7066,99404,0,0
4285363,1283,1,4173576,4278266,4285363,7097,111787,7097,104690,0,0
4286936,1588,1,4177139,4279839,4286936,7097,109797,7097,102700,0,0
4288375,1558,1,4176991,4281241,4288375,7134,111384,7134,104250,0,0
4290247,1949,1,4181106,4283036,4290247,7211,109141,7211,101930,0,0
4291513,1776,1,4177979,4284293,4291513,7220,113534,7220,106314,0,0
4292662,1570,1,4177049,4285363,4292662,7299,115613,7299,108314,0,0
4294258,1979,1,4181313,4286936,4294258,7322,112945,7322,105623,0,0
4295723,1519,1,4176809,4288375,4295723,7348,118914,7348,111566,0,0
4297660,1422,1,4174217,4290247,4297660,7413,123443,7413,116030,0,0
4299148,1804,1,4178232,4291513,4299148,7635,120916,7635,113281,0,0
4462942,58,1,2740512,2740512,4462942,1722430,1722430,1722430,0,0,0
4473682,64,1,2949862,2949862,4473682,1523820,1523820,1523820,0,0,0
4749823,66,1,2950505,2950505,4749823,1799318,1799318,1799318,0,0,0
5021958,32,4,2532635,2532635,5021958,2489323,2489323,2489323,0,0,0
5035903,24,1,2100304,2100304,5035903,2935599,2935599,2935599,0,0,0
5629609,53,1,2669418,2669418,5629609,2960191,2960191,2960191,0,0,0
5693379,30,1,2454620,2454620,5693379,3238759,3238759,3238759,0,0,0
6885721,2,1,266566,266566,6885721,6619155,6619155,6619155,0,0,0
8339478,92,1,3284451,3284451,8339478,5055027,5055027,5055027,0,0,0
8772233,72,1,3031681,3031681,8772233,5740552,5740552,5740552,0,0,0
9189508,74,1,3046805,3046805,9189508,6142703,6142703,6142703,0,0,0
10087759,96,1,3366387,3366387,10087759,6721372,6721372,6721372,0,0,0
11243386,22,1,2084777,2084777,11243386,9158609,9158609,9158609,0,0,0
11438107,38,1,2592367,2592367,11438107,8845740,8845740,8845740,0,0,0
11939311,63,1,2948117,2948117,11939311,8991194,8991194,8991194,0,0,0
12336900,49,1,2635460,2635460,12336900,9701440,9701440,9701440,0,0,0
12542665,100,1,3383194,3383194,12542665,9159471,9159471,9159471,0,0,0
12557085,4,1,290070,290070,12557085,12267015,12267015,12267015,0,0,0
13117590,68,1,2987445,2987445,13117590,10130145,10130145,10130145,0,0,0
14098570,101,1,3389517,3389517,14098570,10709053,10709053,10709053,0,0,0
14159236,104,1,3502061,3502061,14159236,10657175,10657175,10657175,0,0,0
16408739,21,1,2083781,2083781,16408739,14324958,14324958,14324958,0,0,0
16521478,85,1,3148396,3148396,16521478,13373082,13373082,13373082,0,0,0
17092235,62,1,2890966,2890966,17092235,14201269,14201269,14201269,0,0,0
17331093,47,1,2631213,2631213,17331093,14699880,14699880,14699880,0,0,0
17332598,76,1,3086290,3086290,17332598,14246308,14246308,14246308,0,0,0
18334761,97,2,3367379,3367379,18334761,14967382,14967382,14967382,0,0,0
19843728,70,1,3000822,3000822,19843728,16842906,16842906,16842906,0,0,0
20851471,0,1,0,0,20851471,20851471,20851471,20851471,0,0,0
22291423,91,1,3267762,3267762,22291423,19023661,19023661,19023661,0,0,0
22795555,89,1,3210667,3210667,22795555,19584888,19584888,19584888,0,0,0
22959090,73,1,3033601,3033601,22959090,19925489,19925489,19925489,0,0,0
24386251,79,2,3110214,3110214,24386251,21276037,21276037,21276037,0,0,0
24593515,7,1,1243820,1243820,24593515,23349695,23349695,23349695,0,0,0
25343408,8,1,1279491,1279491,25343408,24063917,24063917,24063917,0,0,0
25944747,56,1,2680341,2680341,25944747,23264406,23264406,23264406,0,0,0
26153935,25,1,2100307,2100307,26153935,24053628,24053628,24053628,0,0,0
26235128,102,1,3416286,3416286,26235128,22818842,22818842,22818842,0,0,0
27025280,71,1,3009876,3009876,27025280,24015404,24015404,24015404,0,0,0
27617132,54,1,2675408,2675408,27617132,24941724,24941724,24941724,0,0,0
27624870,274,8,3658035,27617132,27624870,7738,23966835,7738,23959097,0,0
27624894,1015,1,4063096,27617132,27624894,7762,23561798,7762,23554036,0,0
27624921,1742,1,4177811,27617132,27624921,7789,23447110,7789,23439321,0,0
27624941,1573,1,4177061,27617132,27624941,7809,23447880,7809,23440071,0,0
27624986,1398,1,4174099,27617132,27624986,7854,23450887,7854,23443033,0,0
27625026,1669,1,4177491,27617132,27625026,7894,23447535,7894,23439641,0,0
27625030,1039,1,4063295,27617132,27625030,7898,23561735,7898,23553837,0,0
27625045,996,1,4062807,27617132,27625045,7913,23562238,7913,23554325,0,0
27625188,125,1,3564766,27617132,27625188,8056,24060422,8056,24052366,0,0
27625240,981,1,4062496,27617132,27625240,8108,23562744,8108,23554636,0,0
27625319,1201,1,4173196,27617132,27625319,8187,23452123,8187,23443936,0,0
27625449,977,1,4062463,27617132,27625449,8317,23562986,8317,23554669,0,0
27625473,614,1,3802816,27617132,27625473,8341,23822657,8341,23814316,0,0
27625499,1643,1,4177373,27617132,27625499,8367,23448126,8367,23439759,0,0
27625504,1163,1,4173028,27617132,27625504,8372,23452476,8372,23444104,0,0
27625604,224,1,3647219,27617132,27625604,8472,23978385,8472,23969913,0,0
27625644,1263,1,4173459,27617132,27625644,8512,23452185,8512,23443673,0,0
27625803,1844,1,4180580,27617132,27625803,8671,23445223,8671,23436552,0,0
27625994,583,1,3769615,27617132,27625994,8862,23856379,8862,23847517,0,0
27626146,258,1,3647625,27617132,27626146,9014,23978521,9014,23969507,0,0
27626187,156,1,3575453,27617132,27626187,9055,24050734,9055,24041679,0,0
27626360,210,1,3647103,27617132,27626360,9228,23979257,9228,23970029,0,0
27626713,601,1,3787044,27617132,27626713,9581,23839669,9581,23830088,0,0
27626802,300,1,3674114,27617132,27626802,9670,23952688,9670,23943018,0,0
27626879,1469,1,4176558,27617132,27626879,9747,23450321,9747,23440574,0,0
27626976,1756,1,4177896,27617132,27626976,9844,23449080,9844,23439236,0,0
27627035,649,1,3880144,27617132,27627035,9903,23746891,9903,23736988,0,0
27627036,679,1,3936744,27617132,27627036,9904,23690292,9904,23680388,0,0
27627234,200,1,3643855,27617132,27627234,10102,23983379,10102,23973277,0,0
27627309,1661,1,4177455,27617132,27627309,10177,23449854,10177,23439677,0,0
27627457,961,1,4030755,27617132,27627457,10325,23596702,10325,23586377,0,0
27627610,880,1,3962390,27617132,27627610,10478,23665220,10478,23654742,0,0
27627616,965,1,4030891,27617132,27627616,10484,23596725,10484,23586241,0,0
27627803,837,1,3961937,27617132,27627803,10671,23665866,10671,23655195,0,0
27627814,756,1,3961141,27617132,27627814,10682,23666673,10682,23655991,0,0
27628033,887,1,3962450,27617132,27628033,10901,23665583,10901,23654682,0,0
27628153,885,1,3962428,27617132,27628153,11021,23665725,11021,23654704,0,0
27628182,713,1,3960773,27617132,27628182,11050,23667409,11050,23656359,0,0
27628253,697,1,3960616,27617132,27628253,11121,23667637,11121,23656516,0,0
27628313,692,1,3960581,27617132,27628313,11181,23667732,11181,23656551,0,0
27628340,660,1,3909567,27617132,27628340,11208,23718773,11208,23707565,0,0
27628477,604,1,3787055,27617132,27628477,11345,23841422,11345,23830077,0,0
27636221,186,2,3626966,27624870,27636221,11351,24009255,11351,23997904,0,0
27636369,1521,1,4176823,27624870,27636369,11499,23459546,11499,23448047,0,0
27636372,741,1,3961000,27624870,27636372,11502,23675372,11502,23663870,0,0
27636437,711,1,3960771,27624870,27636437,11567,23675666,11567,23664099,0,0
27636476,675,1,3931338,27624870,27636476,11606,23705138,11606,23693532,0,0
27636481,1944,1,4181081,27624870,27636481,11611,23455400,11611,23443789,0,0
27636552,219,1,3647197,27624870,27636552,11682,23989355,11682,23977673,0,0
27636579,1093,1,4172135,27624870,27636579,11709,23464444,11709,23452735,0,0
27636703,1843,1,4180570,27624894,27636703,11809,23456133,11809,23444324,0,0
27636809,1926,1,4181006,27624921,27636809,11888,23455803,11888,23443915,0,0
27636833,1289,1,4173605,27624941,27636833,11892,23463228,11892,23451336,0,0
27636946,161,1,3577496,27624986,27636946,11960,24059450,11960,24047490,0,0
27636987,1849,1,4180602,27625026,27636987,11961,23456385,11961,23444424,0,0
27637050,1677,1,4177524,27625030,27637050,12020,23459526,12020,23447506,0,0
27637110,1948,1,4181101,27625045,27637110,12065,23456009,12065,23443944,0,0
27637282,1356,1,4173909,27625188,27637282,12094,23463373,12094,23451279,0,0
27637343,132,1,3567039,27625240,27637343,12103,24070304,12103,24058201,0,0
27637422,295,1,3672383,27625319,27637422,12103,23965039,12103,23952936,0,0
27637632,1544,1,4176936,27625449,27637632,12183,23460696,12183,23448513,0,0
27637681,551,1,3747034,27625473,27637681,12208,23890647,12208,23878439,0,0
27637741,1978,1,4181311,27625499,27637741,12242,23456430,12242,23444188,0,0
27637755,1180,1,4173105,27625504,27637755,12251,23464650,12251,23452399,0,0
27637860,1835,1,4180536,27625604,27637860,12256,23457324,12256,23445068,0,0
27637983,484,1,3746468,27625644,27637983,12339,23891515,12339,23879176,0,0
27638193,234,1,3647291,27625803,27638193,12390,23990902,12390,23978512,0,0
27638415,154,1,3575265,27625994,27638415,12421,24063150,12421,24050729,0,0
27638604,1688,1,4177579,27626146,27638604,12458,23461025,12458,23448567,0,0
27638679,1874,1,4180709,27626187,27638679,12492,23457970,12492,23445478,0,0
27638872,1685,1,4177564,27626360,27638872,12512,23461308,12512,23448796,0,0
27639260,1391,1,4174070,27626713,27639260,12547,23465190,12547,23452643,0,0
27639450,605,1,3787058,27626802,27639450,12648,23852392,12648,23839744,0,0
27639535,407,1,3745823,27626879,27639535,12656,23893712,12656,23881056,0,0
27639636,1655,1,4177431,27626976,27639636,12660,23462205,12660,23449545,0,0
27639705,302,1,3676392,27627035,27639705,12670,23963313,12670,23950643,0,0
27639765,1623,1,4177278,27627036,27639765,12729,23462487,12729,23449758,0,0
27639997,214,1,3647127,27627234,27639997,12763,23992870,12763,23980107,0,0
27640127,404,1,3745817,27627309,27640127,12818,23894310,12818,23881492,0,0
27640276,409,1,3745855,27627457,27640276,12819,23894421,12819,23881602,0,0
27640440,227,1,3647259,27627610,27640440,12830,23993181,12830,23980351,0,0
27640478,384,1,3745630,27627616,27640478,12862,23894848,12862,23881986,0,0
27640679,382,1,3745615,27627803,27640679,12876,23895064,12876,23882188,0,0
27640699,1183,1,4173119,27627814,27640699,12885,23467580,12885,23454695,0,0
27640922,560,1,3747112,27628033,27640922,12889,23893810,12889,23880921,0,0
27641054,372,1,3745526,27628153,27641054,12901,23895528,12901,23882627,0,0
27641088,1195,1,4173175,27628182,27641088,12906,23467913,12906,23455007,0,0
27641172,532,1,3746880,27628253,27641172,12919,23894292,12919,23881373,0,0
27641236,1441,1,4174316,27628313,27641236,12923,23466920,12923,23453997,0,0
27641274,363,1,3745440,27628340,27641274,12934,23895834,12934,23882900,0,0
27641455,480,1,3746411,27628477,27641455,12978,23895044,12978,23882066,0,0
27649204,1535,1,4176887,27636221,27649204,12983,23472317,12983,23459334,0,0
27649236,225,1,3647227,27636221,27649236,13015,24002009,13015,23988994,0,0
27649388,1405,1,4174129,27636369,27649388,13019,23475259,13019,23462240,0,0
27649459,1285,1,4173589,27636372,27649459,13087,23475870,13087,23462783,0,0
27649584,1679,1,4177532,27636437,27649584,13147,23472052,13147,23458905,0,0
27649637,1870,1,4180695,27636476,27649637,13161,23468942,13161,23455781,0,0
27649661,1244,1,4173374,27636481,27649661,13180,23476287,13180,23463107,0,0
27649753,1921,1,4180977,27636552,27649753,13201,23468776,13201,23455575,0,0
27649799,1593,1,4177159,27636579,27649799,13220,23472640,13220,23459420,0,0
27649933,246,1,3647338,27636703,27649933,13230,24002595,13230,23989365,0,0
27650108,1699,1,4177623,27636809,27650108,13299,23472485,13299,23459186,0,0
27650187,1497,1,4176705,27636833,27650187,13354,23473482,13354,23460128,0,0
27650334,1967,1,4181209,27636946,27650334,13388,23469125,13388,23455737,0,0
27650410,385,1,3745645,27636987,27650410,13423,23904765,13423,23891342,0,0
27650519,1873,1,4180708,27637050,27650519,13469,23469811,13469,23456342,0,0
27650586,1698,1,4177618,27637110,27650586,13476,23472968,13476,23459492,0,0
27650763,1346,1,4173858,27637282,27650763,13481,23476905,13481,23463424,0,0
27650839,1337,1,4173820,27637343,27650839,13496,23477019,13496,23463523,0,0
27650926,1524,1,4176836,27637422,27650926,13504,23474090,13504,23460586,0,0
27651139,1716,1,4177704,27637632,27651139,13507,23473435,13507,23459928,0,0
27651226,346,1,3744664,27637681,27651226,13545,23906562,13545,23893017,0,0
27651303,1495,1,4176696,27637741,27651303,13562,23474607,13562,23461045,0,0
27651320,1119,1,4172653,27637755,27651320,13565,23478667,13565,23465102,0,0
27651438,1138,1,4172914,27637860,27651438,13578,23478524,13578,23464946,0,0
27651567,1272,1,4173518,27637983,27651567,13584,23478049,13584,23464465,0,0
27651861,1732,1,4177768,27638193,27651861,13668,23474093,13668,23460425,0,0
27652086,1779,1,4177993,27638415,27652086,13671,23474093,13671,23460422,0,0
27652353,281,1,3670734,27638604,27652353,13749,23981619,13749,23967870,0,0
27652465,1236,1,4173344,27638679,27652465,13786,23479121,13786,23465335,0,0
27652670,1759,1,4177911,27638872,27652670,13798,23474759,13798,23460961,0,0
27653078,1225,1,4173291,27639260,27653078,13818,23479787,13818,23465969,0,0
27653328,1187,1,4173140,27639450,27653328,13878,23480188,13878,23466310,0,0
27653449,1832,1,4180521,27639535,27653449,13914,23472928,13914,23459014,0,0
27653561,1562,1,4177009,27639636,27653561,13925,23476552,13925,23462627,0,0
27653643,1594,1,4177159,27639705,27653643,13938,23476484,13938,23462546,0,0
27653708,1256,1,4173427,27639765,27653708,13943,23480281,13943,23466338,0,0
27653968,1414,1,4174169,27639997,27653968,13971,23479799,13971,23465828,0,0
27654099,1976,1,4181268,27640127,27654099,13972,23472831,13972,23458859,0,0
27654280,1329,1,4173781,27640276,27654280,14004,23480499,14004,23466495,0,0
27654501,1731,1,4177762,27640440,27654501,14061,23476739,14061,23462678,0,0
27654548,1541,1,4176916,27640478,27654548,14070,23477632,14070,23463562,0,0
27654778,1546,1,4176938,27640679,27654778,14099,23477840,14099,23463741,0,0
27654806,658,1,3907083,27640699,27654806,14107,23747723,14107,23733616,0,0
27655049,1368,1,4173967,27640922,27655049,14127,23481082,14127,23466955,0,0
27655210,1307,1,4173684,27641054,27655210,14156,23481526,14156,23467370,0,0
27655273,1185,1,4173129,27641088,27655273,14185,23482144,14185,23467959,0,0
27655374,1126,1,4172692,27641172,27655374,14202,23482682,14202,23468480,0,0
27655594,1960,1,4181165,27641236,27655594,14358,23474429,14358,23460071,0,0
27655644,1565,1,4177021,27641274,27655644,14370,23478623,14370,23464253,0,0
27655894,1348,1,4173869,27641455,27655894,14439,23482025,14439,23467586,0,0
27663650,1321,1,4173745,27649204,27663650,14446,23489905,14446,23475459,0,0
27663780,1295,1,4173631,27649236,27663780,14544,23490149,14544,23475605,0,0
27663937,1658,1,4177446,27649388,27663937,14549,23486491,14549,23471942,0,0
27664019,1701,1,4177630,27649459,27664019,14560,23486389,14560,23471829,0,0
27664162,1617,1,4177251,27649584,27664162,14578,23486911,14578,23472333,0,0
27664219,1128,1,4172714,27649637,27664219,14582,23491505,14582,23476923,0,0
27664256,1587,1,4177135,27649661,27664256,14595,23487121,14595,23472526,0,0
27664371,1482,1,4176634,27649753,27664371,14618,23487737,14618,23473119,0,0
27664457,122,1,3561873,27649799,27664457,14658,24102584,14658,24087926,0,0
27664686,936,1,3981118,27649933,27664686,14753,23683568,14753,23668815,0,0
27664907,1499,1,4176721,27650108,27664907,14799,23488186,14799,23473387,0,0
27665036,1690,1,4177581,27650187,27665036,14849,23487455,14849,23472606,0,0
27665233,1726,1,4177745,27650334,27665233,14899,23487488,14899,23472589,0,0
27665317,1220,1,4173267,27650410,27665317,14907,23492050,14907,23477143,0,0
27665526,164,1,3578752,27650519,27665526,15007,24086774,15007,24071767,0,0
27665760,257,1,3647609,27650586,27665760,15174,24018151,15174,24002977,0,0
27666175,1314,1,4173718,27650763,27666175,15412,23492457,15412,23477045,0,0
27666302,1502,1,4176735,27650839,27666302,15463,23489567,15463,23474104,0,0
27666425,782,1,3961421,27650926,27666425,15499,23705004,15499,23689505,0,0
27666669,287,1,3671667,27651139,27666669,15530,23995002,15530,23979472,0,0
27666807,1261,1,4173445,27651226,27666807,15581,23493362,15581,23477781,0,0
27666893,809,1,3961655,27651303,27666893,15590,23705238,15590,23689648,0,0
27666912,1718,1,4177715,27651320,27666912,15592,23489197,15592,23473605,0,0
27667040,808,1,3961643,27651438,27667040,15602,23705397,15602,23689795,0,0
27667325,277,1,3666094,27651567,27667325,15758,24001231,15758,23985473,0,0
27667753,198,1,3642439,27651861,27667753,15892,24025314,15892,24009422,0,0
27667991,1766,1,4177933,27652086,27667991,15905,23490058,15905,23474153,0,0
27668264,272,1,3654830,27652353,27668264,15911,24013434,15911,23997523,0,0
27668387,1741,1,4177811,27652465,27668387,15922,23490576,15922,23474654,0,0
27668613,725,1,3960867,27652670,27668613,15943,23707746,15943,23691803,0,0
27669041,1900,1,4180882,27653078,27669041,15963,23488159,15963,23472196,0,0
27669296,241,1,3647317,27653328,27669296,15968,24021979,15968,24006011,0,0
27669440,715,1,3960798,27653449,27669440,15991,23708642,15991,23692651,0,0
27669566,279,1,3670395,27653561,27669566,16005,23999171,16005,23983166,0,0
27669669,1922,1,4180980,27653643,27669669,16026,23488689,16026,23472663,0,0
27669751,1407,1,4174141,27653708,27669751,16043,23495610,16043,23479567,0,0
27670053,861,1,3962196,27653968,27670053,16085,23707857,16085,23691772,0,0
27670808,1014,2,4063087,27654501,27670808,16307,23607721,16307,23591414,0,0
27670810,1951,1,4181113,27654501,27670810,16309,23489697,16309,23473388,0,0
27671014,1101,1,4172216,27654548,27671014,16466,23498798,16466,23482332,0,0
27671281,1366,1,4173949,27654778,27671281,16503,23497332,16503,23480829,0,0
27671391,1323,1,4173756,27654806,27671391,16585,23497635,16585,23481050,0,0
27671651,749,1,3961082,27655049,27671651,16602,23710569,16602,23693967,0,0
27671960,213,1,3647112,27655210,27671960,16750,24024848,16750,24008098,0,0
27672076,1363,1,4173933,27655273,27672076,16803,23498143,16803,23481340,0,0
27672185,318,1,3715968,27655374,27672185,16811,23956217,16811,23939406,0,0
27672468,1259,1,4173442,27655594,27672468,16874,23499026,16874,23482152,0,0
27672672,297,1,3672580,27655644,27672672,17028,24000092,17028,23983064,0,0
27672925,1449,1,4174348,27655894,27672925,17031,23498577,17031,23481546,0,0
27680810,1472,1,4176576,27663650,27680810,17160,23504234,17160,23487074,0,0
27681043,1636,1,4177342,27663780,27681043,17263,23503701,17263,23486438,0,0
27681360,1401,1,4174112,27663937,27681360,17423,23507248,17423,23489825,0,0
27681597,1977,1,4181287,27664019,27681597,17578,23500310,17578,23482732,0,0
27681750,525,1,3746824,27664162,27681750,17588,23934926,17588,23917338,0,0
27681903,505,1,3746662,27664219,27681903,17684,23935241,17684,23917557,0,0
27681940,561,1,3747175,27664256,27681940,17684,23934765,17684,23917081,0,0
27682146,909,1,3962803,27664371,27682146,17775,23719343,17775,23701568,0,0
27682340,1463,1,4176514,27664457,27682340,17883,23505826,17883,23487943,0,0
27682629,868,1,3962253,27664686,27682629,17943,23720376,17943,23702433,0,0
27682855,477,1,3746376,27664907,27682855,17948,23936479,17948,23918531,0,0
27683105,912,1,3962841,27665036,27683105,18069,23720264,18069,23702195,0,0
27683318,1111,1,4172588,27665233,27683318,18085,23510730,18085,23492645,0,0
27683402,1114,1,4172608,27665317,27683402,18085,23510794,18085,23492709,0,0
27683883,816,1,3961762,27665526,27683883,18357,23722121,18357,23703764,0,0
27684247,552,1,3747050,27665760,27684247,18487,23937197,18487,23918710,0,0
27684689,794,1,3961517,27666175,27684689,18514,23723172,18514,23704658,0,0
27684928,595,1,3784244,27666302,27684928,18626,23900684,18626,23882058,0,0
27685115,556,1,3747066,27666425,27685115,18690,23938049,18690,23919359,0,0
27685372,826,1,3961845,27666669,27685372,18703,23723527,18703,23704824,0,0
27685632,856,1,3962099,27666807,27685632,18825,23723533,18825,23704708,0,0
27685791,716,1,3960807,27666893,27685791,18898,23724984,18898,23706086,0,0
27685861,708,1,3960736,27666912,27685861,18949,23725125,18949,23706176,0,0
27686129,695,1,3960609,27667040,27686129,19089,23725520,19089,23706431,0,0
27686426,255,1,3647572,27667325,27686426,19101,24038854,19101,24019753,0,0
27687143,394,1,3745725,27667753,27687143,19390,23941418,19390,23922028,0,0
27687503,1454,1,4174373,27667991,27687503,19512,23513130,19512,23493618,0,0
27687803,356,1,3745371,27668264,27687803,19539,23942432,19539,23922893,0,0
27687970,759,1,3961161,27668387,27687970,19583,23726809,19583,23707226,0,0
27688200,1385,1,4174042,27668613,27688200,19587,23514158,19587,23494571,0,0
27688786,1444,1,4174329,27669041,27688786,19745,23514457,19745,23494712,0,0
27689049,894,1,3962505,27669296,27689049,19753,23726544,19753,23706791,0,0
27689194,775,1,3961331,27669440,27689194,19754,23727863,19754,23708109,0,0
27689337,757,1,3961154,27669566,27689337,19771,23728183,19771,23708412,0,0
27689523,755,1,3961141,27669669,27689523,19854,23728382,19854,23708528,0,0
27689620,504,1,3746651,27669751,27689620,19869,23942969,19869,23923100,0,0
27690026,1943,1,4181074,27670053,27690026,19973,23508952,19973,23488979,0,0
27690827,736,1,3960939,27670808,27690827,20019,23729888,20019,23709869,0,0
27690847,153,1,3575206,27670808,27690847,20039,24115641,20039,24095602,0,0
27690857,1993,1,4184052,27670810,27690857,20047,23506805,20047,23486758,0,0
27691077,1852,1,4180614,27671014,27691077,20063,23510463,20063,23490400,0,0
27691359,1116,1,4172634,27671281,27691359,20078,23518725,20078,23498647,0,0
27691471,1513,1,4176781,27671391,27691471,20080,23514690,20080,23494610,0,0
27691739,1534,1,4176887,27671651,27691739,20088,23514852,20088,23494764,0,0
27692105,703,1,3960664,27671960,27692105,20145,23731441,20145,23711296,0,0
27692239,702,1,3960641,27672076,27692239,20163,23731598,20163,23711435,0,0
27692349,685,1,3960546,27672185,27692349,20164,23731803,20164,23711639,0,0
27692655,1121,1,4172654,27672468,27692655,20187,23520001,20187,23499814,0,0
27692892,1947,1,4181098,27672672,27692892,20220,23511794,20220,23491574,0,0
27693211,1382,1,4174028,27672925,27693211,20286,23519183,20286,23498897,0,0
27701194,810,1,3961657,27680810,27701194,20384,23739537,20384,23719153,0,0
27701510,1150,1,4172962,27681043,27701510,20467,23528548,20467,23508081,0,0
27702033,1898,1,4180872,27681360,27702033,20673,23521161,20673,23500488,0,0
27702344,569,1,3747314,27681597,27702344,20747,23955030,20747,23934283,0,0
27702538,1476,1,4176597,27681750,27702538,20788,23525941,20788,23505153,0,0
27702692,875,1,3962325,27681903,27702692,20789,23740367,20789,23719578,0,0
27702764,724,1,3960865,27681940,27702764,20824,23741899,20824,23721075,0,0
27702980,960,1,4030723,27682146,27702980,20834,23672257,20834,23651423,0,0
27703179,1112,1,4172601,27682340,27703179,20839,23530578,20839,23509739,0,0
27703515,1810,1,4180410,27682629,27703515,20886,23523105,20886,23502219,0,0
27703750,1770,1,4177955,27682855,27703750,20895,23525795,20895,23504900,0,0
27704033,1161,1,4173015,27683105,27704033,20928,23531018,20928,23510090,0,0
27704254,248,1,3647344,27683318,27704254,20936,24056910,20936,24035974,0,0
27704425,163,1,3578169,27683402,27704425,21023,24126256,21023,24105233,0,0
27704961,568,1,3747314,27683883,27704961,21078,23957647,21078,23936569,0,0
27705345,513,1,3746718,27684247,27705345,21098,23958627,21098,23937529,0,0
27705852,1466,1,4176527,27684689,27705852,21163,23529325,21163,23508162,0,0
27706119,812,1,3961692,27684928,27706119,21191,23744427,21191,23723236,0,0
27706322,470,1,3746329,27685115,27706322,21207,23959993,21207,23938786,0,0
27706629,1188,1,4173141,27685372,27706629,21257,23533488,21257,23512231,0,0
27706893,1997,1,4184070,27685632,27706893,21261,23522823,21261,23501562,0,0
27707056,1737,1,4177787,27685791,27707056,21265,23529269,21265,23508004,0,0
27707147,777,1,3961377,27685861,27707147,21286,23745770,21286,23724484,0,0
27707460,1280,1,4173566,27686129,27707460,21331,23533894,21331,23512563,0,0
27707760,787,1,3961469,27686426,27707760,21334,23746291,21334,23724957,0,0
27708678,1040,1,4063330,27687143,27708678,21535,23645348,21535,23623813,0,0
27709047,524,1,3746804,27687503,27709047,21544,23962243,21544,23940699,0,0
27709447,1933,1,4181033,27687803,27709447,21644,23528414,21644,23506770,0,0
27709662,602,1,3787054,27687970,27709662,21692,23922608,21692,23900916,0,0
27709992,1871,1,4180695,27688200,27709992,21792,23529297,21792,23507505,0,0
27710624,426,1,3745965,27688786,27710624,21838,23964659,21838,23942821,0,0
27710921,1800,1,4178159,27689049,27710921,21872,23532762,21872,23510890,0,0
27711114,406,1,3745820,27689194,27711114,21920,23965294,21920,23943374,0,0
27711294,1010,1,4063066,27689337,27711294,21957,23648228,21957,23626271,0,0
27711582,520,1,3746776,27689523,27711582,22059,23964806,22059,23942747,0,0
27725061,956,8,3999595,27702980,27725061,22081,23725466,22081,23703385,0,0
27725077,1692,1,4177592,27702980,27725077,22097,23547485,22097,23525388,0,0
27725097,298,1,3673190,27702980,27725097,22117,24051907,22117,24029790,0,0
27725110,1875,1,4180712,27702980,27725110,22130,23544398,22130,23522268,0,0
27725161,599,1,3786963,27702980,27725161,22181,23938198,22181,23916017,0,0
27725163,353,1,3745349,27702980,27725163,22183,23979814,22183,23957631,0,0
27725184,1250,1,4173401,27702980,27725184,22204,23551783,22204,23529579,0,0
27725275,629,1,3823211,27702980,27725275,22295,23902064,22295,23879769,0,0
27725435,999,1,4062845,27702980,27725435,22455,23662590,22455,23640135,0,0
27725459,648,1,3874264,27702980,27725459,22479,23851195,22479,23828716,0,0
27725473,429,1,3745993,27702980,27725473,22493,23979480,22493,23956987,0,0
27725620,1725,1,4177739,27702980,27725620,22640,23547881,22640,23525241,0,0
27725793,1199,1,4173189,27702980,27725793,22813,23552604,22813,23529791,0,0
27725801,1239,1,4173357,27702980,27725801,22821,23552444,22821,23529623,0,0
27725838,1786,1,4178039,27702980,27725838,22858,23547799,22858,23524941,0,0
27725884,1966,1,4181206,27702980,27725884,22904,23544678,22904,23521774,0,0
27726084,402,1,3745807,27703179,27726084,22905,23980277,22905,23957372,0,0
27726427,1240,1,4173359,27703515,27726427,22912,23553068,22912,23530156,0,0
27726736,600,1,3787039,27703750,27726736,22986,23939697,22986,23916711,0,0
27727071,231,1,3647281,27704033,27727071,23038,24079790,23038,24056752,0,0
27727300,367,1,3745488,27704254,27727300,23046,23981812,23046,23958766,0,0
27727560,1264,1,4173469,27704425,27727560,23135,23554091,23135,23530956,0,0
27728120,1729,1,4177757,27704961,27728120,23159,23550363,23159,23527204,0,0
27728597,451,1,3746184,27705345,27728597,23252,23982413,23252,23959161,0,0
27729131,1223,1,4173279,27705852,27729131,23279,23555852,23279,23532573,0,0
27729436,1530,1,4176868,27706119,27729436,23317,23552568,23317,23529251,0,0
27729840,1896,1,4180858,27706322,27729840,23518,23548982,23518,23525464,0,0
27730209,354,1,3745366,27706629,27730209,23580,23984843,23580,23961263,0,0
27730487,1902,1,4180895,27706893,27730487,23594,23549592,23594,23525998,0,0
27730803,1132,1,4172885,27707056,27730803,23747,23557918,23747,23534171,0,0
27730900,490,1,3746510,27707147,27730900,23753,23984390,23753,23960637,0,0
27731274,1537,1,4176899,27707460,27731274,23814,23554375,23814,23530561,0,0
27731599,1707,1,4177654,27707760,27731599,23839,23553945,23839,23530106,0,0
27732528,445,1,3746129,27708678,27732528,23850,23986399,23850,23962549,0,0
27732900,1953,1,4181123,27709047,27732900,23853,23551777,23853,23527924,0,0
27733321,1078,1,4093922,27709447,27733321,23874,23639399,23874,23615525,0,0
27733546,1231,1,4173315,27709662,27733546,23884,23560231,23884,23536347,0,0
27733912,1330,1,4173784,27709992,27733912,23920,23560128,23920,23536208,0,0
27734651,1166,1,4173044,27710624,27734651,24027,23561607,24027,23537580,0,0
27734998,1403,1,4174124,27710921,27734998,24077,23560874,24077,23536797,0,0
27735234,1566,1,4177026,27711114,27735234,24120,23558208,24120,23534088,0,0
27735430,1205,1,4173209,27711294,27735430,24136,23562221,24136,23538085,0,0
27735745,1627,1,4177301,27711582,27735745,24163,23558444,24163,23534281,0,0
27749248,1380,1,4174018,27725061,27749248,24187,23575230,24187,23551043,0,0
27749416,1211,1,4173235,27725061,27749416,24355,23576181,24355,23551826,0,0
27749425,1589,1,4177140,27725061,27749425,24364,23572285,24364,23547921,0,0
27749445,1212,1,4173237,27725061,27749445,24384,23576208,24384,23551824,0,0
27749455,476,1,3746364,27725061,27749455,24394,24003091,24394,23978697,0,0
27749497,1148,1,4172953,27725061,27749497,24436,23576544,24436,23552108,0,0
27749654,1842,1,4180570,27725061,27749654,24593,23569084,24593,23544491,0,0
27749852,1208,1,4173222,27725061,27749852,24791,23576630,24791,23551839,0,0
27749918,1296,1,4173641,27725077,27749918,24841,23576277,24841,23551436,0,0
27750088,1957,1,4181156,27725097,27750088,24991,23568932,24991,23543941,0,0
27750160,1092,1,4172132,27725110,27750160,25050,23578028,25050,23552978,0,0
27750240,1639,1,4177354,27725161,27750240,25079,23572886,25079,23547807,0,0
27750307,1834,1,4180533,27725163,27750307,25144,23569774,25144,23544630,0,0
27750342,239,1,3647308,27725184,27750342,25158,24103034,25158,24077876,0,0
27750500,401,1,3745789,27725275,27750500,25225,24004711,25225,23979486,0,0
27750771,1787,1,4178045,27725435,27750771,25336,23572726,25336,23547390,0,0
27751120,1313,1,4173708,27725459,27751120,25661,23577412,25661,23551751,0,0
27751152,216,1,3647178,27725473,27751152,25679,24103974,25679,24078295,0,0
27751319,1703,1,4177637,27725620,27751319,25699,23573682,25699,23547983,0,0
27751497,1675,1,4177517,27725793,27751497,25704,23573980,25704,23548276,0,0
27751577,1369,1,4173969,27725801,27751577,25776,23577608,25776,23551832,0,0
27751623,1709,1,4177664,27725838,27751623,25785,23573959,25785,23548174,0,0
27751704,261,1,3647753,27725884,27751704,25820,24103951,25820,24078131,0,0
27752204,1790,1,4178052,27726084,27752204,26120,23574152,26120,23548032,0,0
27752557,1189,1,4173145,27726427,27752557,26130,23579412,26130,23553282,0,0
27752900,1561,1,4177004,27726736,27752900,26164,23575896,26164,23549732,0,0
27753258,1342,1,4173844,27727071,27753258,26187,23579414,26187,23553227,0,0
27753487,1691,1,4177590,27727300,27753487,26187,23575897,26187,23549710,0,0
27753788,657,1,3902981,27727560,27753788,26228,23850807,26228,23824579,0,0
27754359,1453,1,4174370,27728120,27754359,26239,23579989,26239,23553750,0,0
27754844,1095,1,4172160,27728597,27754844,26247,23582684,26247,23556437,0,0
27755730,1610,1,4177228,27729131,27755730,26599,23578502,26599,23551903,0,0
27756152,1582,1,4177111,27729436,27756152,26716,23579041,26716,23552325,0,0
27756630,1747,1,4177843,27729840,27756630,26790,23578787,26790,23551997,0,0
27757034,1868,1,4180682,27730209,27757034,26825,23576352,26825,23549527,0,0
27757344,1173,1,4173076,27730487,27757344,26857,23584268,26857,23557411,0,0
27757700,1277,1,4173546,27730803,27757700,26897,23584154,26897,23557257,0,0
27757871,1090,1,4171848,27730900,27757871,26971,23586023,26971,23559052,0,0
27758246,1435,1,4174284,27731274,27758246,26972,23583962,26972,23556990,0,0
27758652,1757,1,4177898,27731599,27758652,27053,23580754,27053,23553701,0,0
27759595,1600,1,4177182,27732528,27759595,27067,23582413,27067,23555346,0,0
27760003,1950,1,4181111,27732900,27760003,27103,23578892,27103,23551789,0,0
27760533,1249,1,4173398,27733321,27760533,27212,23587135,27212,23559923,0,0
27760776,1929,1,4181019,27733546,27760776,27230,23579757,27230,23552527,0,0
27761144,933,1,3980571,27733912,27761144,27232,23780573,27232,23753341,0,0
27761900,1206,1,4173214,27734651,27761900,27249,23588686,27249,23561437,0,0
27762276,1428,1,4174254,27734998,27762276,27278,23588022,27278,23560744,0,0
27762512,1611,1,4177231,27735234,27762512,27278,23585281,27278,23558003,0,0
27762898,285,1,3671357,27735430,27762898,27468,24091541,27468,24064073,0,0
27763318,194,1,3637534,27735745,27763318,27573,24125784,27573,24098211,0,0
27776976,1735,1,4177780,27749248,27776976,27728,23599196,27728,23571468,0,0
27777501,1409,1,4174152,27749416,27777501,28085,23603349,28085,23575264,0,0
27777778,932,1,3980571,27749425,27777778,28353,23797207,28353,23768854,0,0
27777976,1986,1,4181428,27749445,27777976,28531,23596548,28531,23568017,0,0
27778073,146,1,3573828,27749455,27778073,28618,24204245,28618,24175627,0,0
27778134,1771,1,4177957,27749497,27778134,28637,23600177,28637,23571540,0,0
27778701,1914,1,4180946,27749654,27778701,29047,23597755,29047,23568708,0,0
27779028,1355,1,4173900,27749852,27779028,29176,23605128,29176,23575952,0,0
27779282,1273,1,4173521,27749918,27779282,29364,23605761,29364,23576397,0,0
27779504,1797,1,4178088,27750088,27779504,29416,23601416,29416,23572000,0,0
27779788,1197,1,4173181,27750160,27779788,29628,23606607,29628,23576979,0,0
27779931,1586,1,4177127,27750240,27779931,29691,23602804,29691,23573113,0,0
27780010,1998,1,4184074,27750307,27780010,29703,23595936,29703,23566233,0,0
27780055,1109,1,4172573,27750342,27780055,29713,23607482,29713,23577769,0,0
27780227,924,1,3976568,27750500,27780227,29727,23803659,29727,23773932,0,0
27780499,1673,1,4177507,27750771,27780499,29728,23602992,29728,23573264,0,0
27781043,1760,1,4177914,27751120,27781043,29923,23603129,29923,23573206,0,0
27781292,1196,1,4173176,27751152,27781292,30140,23608116,30140,23577976,0,0
27781496,1520,1,4176821,27751319,27781496,30177,23604675,30177,23574498,0,0
27781699,1167,1,4173052,27751497,27781699,30202,23608647,30202,23578445,0,0
27781929,1889,1,4180818,27751577,27781929,30352,23601111,30352,23570759,0,0
27782039,1362,1,4173932,27751623,27782039,30416,23608107,30416,23577691,0,0
27782366,1663,1,4177464,27751704,27782366,30662,23604902,30662,23574240,0,0
27782880,1615,1,4177244,27752204,27782880,30676,23605636,30676,23574960,0,0
27783246,1494,1,4176688,27752557,27783246,30689,23606558,30689,23575869,0,0
27783652,1550,1,4176963,27752900,27783652,30752,23606689,30752,23575937,0,0
27784046,1674,1,4177510,27753258,27784046,30788,23606536,30788,23575748,0,0
27784303,1416,1,4174184,27753487,27784303,30816,23610119,30816,23579303,0,0
27784646,1942,1,4181072,27753788,27784646,30858,23603574,30858,23572716,0,0
27785278,1175,1,4173089,27754359,27785278,30919,23612189,30919,23581270,0,0
27785904,1146,1,4172949,27754844,27785904,31060,23612955,31060,23581895,0,0
27786818,1542,1,4176925,27755730,27786818,31088,23609893,31088,23578805,0,0
27787302,1531,1,4176874,27756152,27787302,31150,23610428,31150,23579278,0,0
27787819,1333,1,4173797,27756630,27787819,31189,23614022,31189,23582833,0,0
27788338,1297,1,4173642,27757034,27788338,31304,23614696,31304,23583392,0,0
27788700,1548,1,4176952,27757344,27788700,31356,23611748,31356,23580392,0,0
27789062,1906,1,4180910,27757700,27789062,31362,23608152,31362,23576790,0,0
27789258,1845,1,4180585,27757871,27789258,31387,23608673,31387,23577286,0,0
27789721,1411,1,4174155,27758246,27789721,31475,23615566,31475,23584091,0,0
27790164,1265,1,4173471,27758652,27790164,31512,23616693,31512,23585181,0,0
27791130,170,1,3586063,27759595,27791130,31535,24205067,31535,24173532,0,0
27791616,1320,1,4173743,27760003,27791616,31613,23617873,31613,23586260,0,0
27792170,1985,1,4181417,27760533,27792170,31637,23610753,31637,23579116,0,0
27792525,1749,1,4177856,27760776,27792525,31749,23614669,31749,23582920,0,0
27793079,926,1,3977569,27761144,27793079,31935,23815510,31935,23783575,0,0
27794198,661,1,3913270,27761900,27794198,32298,23880928,32298,23848630,0,0
27794574,1190,1,4173152,27762276,27794574,32298,23621422,32298,23589124,0,0
27794899,1423,1,4174218,27762512,27794899,32387,23620681,32387,23588294,0,0
27795333,1210,1,4173232,27762898,27795333,32435,23622101,32435,23589666,0,0
27795753,1940,1,4181061,27763318,27795753,32435,23614692,32435,23582257,0,0
27809475,1662,1,4177461,27776976,27809475,32499,23632014,32499,23599515,0,0
27810077,1326,1,4173769,27777501,27810077,32576,23636308,32576,23603732,0,0
27810937,1395,1,4174087,27777778,27810937,33159,23636850,33159,23603691,0,0
27811197,1866,1,4180678,27777976,27811197,33221,23630519,33221,23597298,0,0
27811304,1579,1,4177095,27778073,27811304,33231,23634209,33231,23600978,0,0
27811480,1899,1,4180873,27778134,27811480,33346,23630607,33346,23597261,0,0
27812284,1328,1,4173781,27778701,27812284,33583,23638503,33583,23604920,0,0
27813172,1200,1,4173195,27779028,27813172,34144,23639977,34144,23605833,0,0
27813439,1879,1,4180748,27779282,27813439,34157,23632691,34157,23598534,0,0
27813673,1446,1,4174337,27779504,27813673,34169,23639336,34169,23605167,0,0
27814150,1269,1,4173497,27779788,27814150,34362,23640653,34362,23606291,0,0
27814383,1218,1,4173262,27779931,27814383,34452,23641121,34452,23606669,0,0
27814666,1404,1,4174126,27780010,27814666,34656,23640540,34656,23605884,0,0
27814853,1457,1,4176486,27780055,27814853,34798,23638367,34798,23603569,0,0
27815102,1100,1,4172214,27780227,27815102,34875,23642888,34875,23608013,0,0
27815554,1406,1,4174139,27780499,27815554,35055,23641415,35055,23606360,0,0
27816148,1603,1,4177195,27781043,27816148,35105,23638953,35105,23603848,0,0
27816475,1094,1,4172138,27781292,27816475,35183,23644337,35183,23609154,0,0
27816713,1965,1,4181205,27781496,27816713,35217,23635508,35217,23600291,0,0
27816918,1110,1,4172583,27781699,27816918,35219,23644335,35219,23609116,0,0
27817254,1383,1,4174032,27781929,27817254,35325,23643222,35325,23607897,0,0
27817554,1120,1,4172654,27782039,27817554,35515,23644900,35515,23609385,0,0
27818430,666,1,3921569,27782366,27818430,36064,23896861,36064,23860797,0,0
27819014,1614,1,4177239,27782880,27819014,36134,23641775,36134,23605641,0,0
27819380,1920,1,4180975,27783246,27819380,36134,23638405,36134,23602271,0,0
27819842,1107,1,4172556,27783652,27819842,36190,23647286,36190,23611096,0,0
27820284,1118,1,4172653,27784046,27820284,36238,23647631,36238,23611393,0,0
27820980,1777,1,4177989,27784303,27820980,36677,23642991,36677,23606314,0,0
27821358,1217,1,4173255,27784646,27821358,36712,23648103,36712,23611391,0,0
27822000,925,1,3977543,27785278,27822000,36722,23844457,36722,23807735,0,0
27823002,1140,1,4172922,27785904,27823002,37098,23650080,37098,23612982,0,0
27824242,969,1,4062358,27786818,27824242,37424,23761884,37424,23724460,0,0
27825063,1618,1,4177256,27787302,27825063,37761,23647807,37761,23610046,0,0
27825587,158,1,3577076,27787819,27825587,37768,24248511,37768,24210743,0,0
27826166,130,1,3566453,27788338,27826166,37828,24259713,37828,24221885,0,0
27826577,989,1,4062634,27788700,27826577,37877,23763943,37877,23726066,0,0
27827403,978,1,4062475,27789062,27827403,38341,23764928,38341,23726587,0,0
27827884,1275,1,4173535,27789258,27827884,38626,23654349,38626,23615723,0,0
27828822,244,1,3647325,27789721,27828822,39101,24181497,39101,24142396,0,0
27829464,655,1,3902974,27790164,27829464,39300,23926490,39300,23887190,0,0
27830475,1122,1,4172663,27791130,27830475,39345,23657812,39345,23618467,0,0
27831476,1612,1,4177232,27791616,27831476,39860,23654244,39860,23614384,0,0
27832043,653,1,3889964,27792170,27832043,39873,23942079,39873,23902206,0,0
27832581,1905,1,4180906,27792525,27832581,40056,23651675,40056,23611619,0,0
27833576,1782,1,4178008,27793079,27833576,40497,23655568,40497,23615071,0,0
27834712,174,1,3605302,27794198,27834712,40514,24229410,40514,24188896,0,0
27835105,1624,1,4177283,27794574,27835105,40531,23657822,40531,23617291,0,0
27835515,1910,1,4180923,27794899,27835515,40616,23654592,40616,23613976,0,0
27836085,1349,1,4173869,27795333,27836085,40752,23662216,40752,23621464,0,0
27836627,1079,1,4093941,27795753,27836627,40874,23742686,40874,23701812,0,0
27850607,1234,1,4173329,27809475,27850607,41132,23677278,41132,23636146,0,0
27851407,1372,1,4173982,27810077,27851407,41330,23677425,41330,23636095,0,0
27852340,1646,1,4177386,27810937,27852340,41403,23674954,41403,23633551,0,0
27852687,1945,1,4181084,27811197,27852687,41490,23671603,41490,23630113,0,0
27852828,1861,1,4180652,27811304,27852828,41524,23672176,41524,23630652,0,0
27853099,131,1,3566765,27811480,27853099,41619,24286334,41619,24244715,0,0
27854034,1500,1,4176727,27812284,27854034,41750,23677307,41750,23635557,0,0
27855061,1705,1,4177646,27813172,27855061,41889,23677415,41889,23635526,0,0
27855380,1853,1,4180620,27813439,27855380,41941,23674760,41941,23632819,0,0
27855682,1533,1,4176883,27813673,27855682,42009,23678799,42009,23636790,0,0
27856244,344,1,3743085,27814150,27856244,42094,24113159,42094,24071065,0,0
27856477,1816,1,4180446,27814383,27856477,42094,23676031,42094,23633937,0,0
27856879,1347,1,4173864,27814666,27856879,42213,23683015,42213,23640802,0,0
27857066,1773,1,4177968,27814853,27857066,42213,23679098,42213,23636885,0,0
27857443,222,1,3647208,27815102,27857443,42341,24210235,42341,24167894,0,0
27858069,1538,1,4176899,27815554,27858069,42515,23681170,42515,23638655,0,0
27858684,1684,1,4177557,27816148,27858684,42536,23681127,42536,23638591,0,0
27859042,1505,1,4176747,27816475,27859042,42567,23682295,42567,23639728,0,0
27859521,1628,1,4177306,27816713,27859521,42808,23682215,42808,23639407,0,0
27859780,514,1,3746733,27816918,27859780,42862,24113047,42862,24070185,0,0
27860266,1452,1,4174358,27817254,27860266,43012,23685908,43012,23642896,0,0
27860583,1857,1,4180638,27817554,27860583,43029,23679945,43029,23636916,0,0
27861713,1609,1,4177224,27818430,27861713,43283,23684489,43283,23641206,0,0
27862380,1084,1,4094054,27819014,27862380,43366,23768326,43366,23724960,0,0
27862917,553,1,3747052,27819380,27862917,43537,24115865,43537,24072328,0,0
27863920,647,1,3874091,27819842,27863920,44078,23989829,44078,23945751,0,0
27864380,1335,1,4173806,27820284,27864380,44096,23690574,44096,23646478,0,0
27865232,1425,1,4174228,27820980,27865232,44252,23691004,44252,23646752,0,0
27865894,1592,1,4177152,27821358,27865894,44536,23688742,44536,23644206,0,0
27866634,1350,1,4173871,27822000,27866634,44634,23692763,44634,23648129,0,0
27867671,1131,1,4172885,27823002,27867671,44669,23694786,44669,23650117,0,0
27869172,1959,1,4181162,27824242,27869172,44930,23688010,44930,23643080,0,0
27869998,938,1,3986190,27825063,27869998,44935,23883808,44935,23838873,0,0
27870541,1081,1,4093947,27825587,27870541,44954,23776594,44954,23731640,0,0
27871228,1426,1,4174239,27826166,27871228,45062,23696989,45062,23651927,0,0
27871698,1258,1,4173441,27826577,27871698,45121,23698257,45121,23653136,0,0
27872561,207,1,3647066,27827403,27872561,45158,24225495,45158,24180337,0,0
27873356,1105,1,4172553,27827884,27873356,45472,23700803,45472,23655331,0,0
27874411,1751,1,4177867,27828822,27874411,45589,23696544,45589,23650955,0,0
27875158,1137,1,4172914,27829464,27875158,45694,23702244,45694,23656550,0,0
27876246,1799,1,4178141,27830475,27876246,45771,23698105,45771,23652334,0,0
27877257,1496,1,4176703,27831476,27877257,45781,23700554,45781,23654773,0,0
27877980,1840,1,4180555,27832043,27877980,45937,23697425,45937,23651488,0,0
27878739,1461,1,4176503,27832581,27878739,46158,23702236,46158,23656078,0,0
27879764,1336,1,4173812,27833576,27879764,46188,23705952,46188,23659764,0,0
27881020,1458,1,4176486,27834712,27881020,46308,23704534,46308,23658226,0,0
27881703,1621,1,4177270,27835105,27881703,46598,23704433,46598,23657835,0,0
27882131,1994,1,4184054,27835515,27882131,46616,23698077,46616,23651461,0,0
27882714,1811,1,4180412,27836085,27882714,46629,23702302,46629,23655673,0,0
27883381,1928,1,4181010,27836627,27883381,46754,23702371,46754,23655617,0,0
27897390,1353,1,4173894,27850607,27897390,46783,23723496,46783,23676713,0,0
27898213,1601,1,4177183,27851407,27898213,46806,23721030,46806,23674224,0,0
27899210,681,1,3955416,27852340,27899210,46870,23943794,46870,23896924,0,0
27899623,1602,1,4177191,27852687,27899623,46936,23722432,46936,23675496,0,0
27899817,1227,1,4173299,27852828,27899817,46989,23726518,46989,23679529,0,0
27900548,1877,1,4180734,27853099,27900548,47449,23719814,47449,23672365,0,0
27901622,1388,1,4174055,27854034,27901622,47588,23727567,47588,23679979,0,0
27902733,196,1,3640478,27855061,27902733,47672,24262255,47672,24214583,0,0
27903199,1247,1,4173388,27855380,27903199,47819,23729811,47819,23681992,0,0
27903549,1341,1,4173838,27855682,27903549,47867,23729711,47867,23681844,0,0
27904172,1421,1,4174210,27856244,27904172,47928,23729962,47928,23682034,0,0
27904857,1492,1,4176676,27856477,27904857,48380,23728181,48380,23679801,0,0
27905579,1720,1,4177717,27856879,27905579,48700,23727862,48700,23679162,0,0
27905856,1415,1,4174182,27857066,27905856,48790,23731674,48790,23682884,0,0
27906366,1680,1,4177541,27857443,27906366,48923,23728825,48923,23679902,0,0
27907026,1399,1,4174101,27858069,27907026,48957,23732925,48957,23683968,0,0
27907777,1486,1,4176647,27858684,27907777,49093,23731130,49093,23682037,0,0
27908237,1365,1,4173945,27859042,27908237,49195,23734292,49195,23685097,0,0
27909649,343,1,3742286,27859521,27909649,50128,24167363,50128,24117235,0,0
27909926,1515,1,4176793,27859780,27909926,50146,23733133,50146,23682987,0,0
27910582,1434,1,4174284,27860266,27910582,50316,23736298,50316,23685982,0,0
27910933,1262,1,4173456,27860583,27910933,50350,23737477,50350,23687127,0,0
27953132,916,8,3963547,27902733,27953132,50399,23989585,50399,23939186,0,0
27953275,1292,1,4173616,27902733,27953275,50542,23779659,50542,23729117,0,0
27953657,1650,1,4177405,27902733,27953657,50924,23776252,50924,23725328,0,0
27953796,1736,1,4177783,27902733,27953796,51063,23776013,51063,23724950,0,0
27954913,1855,1,4180626,27902733,27954913,52180,23774287,52180,23722107,0,0
27954961,860,1,3962151,27902733,27954961,52228,23992810,52228,23940582,0,0
27955274,169,1,3584166,27902733,27955274,52541,24371108,52541,24318567,0,0
27955290,1644,1,4177379,27902733,27955290,52557,23777911,52557,23725354,0,0
27956119,294,1,3672253,27902733,27956119,53386,24283866,53386,24230480,0,0
27956413,871,1,3962280,27902733,27956413,53680,23994133,53680,23940453,0,0
27956550,893,1,3962505,27902733,27956550,53817,23994045,53817,23940228,0,0
27956690,327,1,3735060,27902733,27956690,53957,24221630,53957,24167673,0,0
27957085,678,1,3936391,27902733,27957085,54352,24020694,54352,23966342,0,0
27957305,278,1,3670151,27902733,27957305,54572,24287154,54572,24232582,0,0
27957436,284,1,3670988,27902733,27957436,54703,24286448,54703,24231745,0,0
27957685,878,1,3962377,27902733,27957685,54952,23995308,54952,23940356,0,0
27958161,783,1,3961428,27902733,27958161,55428,23996733,55428,23941305,0,0
27958622,245,1,3647332,27902733,27958622,55889,24311290,55889,24255401,0,0
27958679,774,1,3961320,27902733,27958679,55946,23997359,55946,23941413,0,0
27958887,768,1,3961273,27902733,27958887,56154,23997614,56154,23941460,0,0
27958989,771,1,3961307,27902733,27958989,56256,23997682,56256,23941426,0,0
27959097,874,1,3962325,27902733,27959097,56364,23996772,56364,23940408,0,0
27959189,761,1,3961182,27902733,27959189,56456,23998007,56456,23941551,0,0
27959210,891,1,3962480,27902733,27959210,56477,23996730,56477,23940253,0,0
28011075,1072,8,4068815,27953132,28011075,57943,23942260,57943,23884317,0,0
28011259,781,1,3961409,27953132,28011259,58127,24049850,58127,23991723,0,0
28011934,766,1,3961223,27953132,28011934,58802,24050711,58802,23991909,0,0
28013279,206,1,3647031,27953132,28013279,60147,24366248,60147,24306101,0,0
28013543,176,1,3607097,27953132,28013543,60411,24406446,60411,24346035,0,0
28013963,1815,1,4180439,27953132,28013963,60831,23833524,60831,23772693,0,0
28014643,1456,1,4176480,27953132,28014643,61511,23838163,61511,23776652,0,0
28014983,1807,1,4180399,27953132,28014983,61851,23834584,61851,23772733,0,0
28015022,680,1,3955412,27953132,28015022,61890,24059610,61890,23997720,0,0
28015186,1881,1,4180765,27953132,28015186,62054,23834421,62054,23772367,0,0
28015237,1106,1,4172555,27953132,28015237,62105,23842682,62105,23780577,0,0
28015459,292,1,3672227,27953132,28015459,62327,24343232,62327,24280905,0,0
28015628,1801,1,4178177,27953132,28015628,62496,23837451,62496,23774955,0,0
28015870,1999,1,4184082,27953132,28015870,62738,23831788,62738,23769050,0,0
28015888,1459,1,4176491,27953132,28015888,62756,23839397,62756,23776641,0,0
28016183,1483,1,4176635,27953132,28016183,63051,23839548,63051,23776497,0,0
28016257,1809,1,4180405,27953132,28016257,63125,23835852,63125,23772727,0,0
28016406,1629,1,4177308,27953132,28016406,63274,23839098,63274,23775824,0,0
28016513,1908,1,4180918,27953132,28016513,63381,23835595,63381,23772214,0,0
28016875,472,1,3746331,27953132,28016875,63743,24270544,63743,24206801,0,0
28017299,1172,1,4173076,27953275,28017299,64024,23844223,64024,23780199,0,0
28017849,598,1,3786922,27953657,28017849,64192,24230927,64192,24166735,0,0
28018376,1108,1,4172568,27953796,28018376,64580,23845808,64580,23781228,0,0
28020171,457,1,3746224,27954913,28020171,65258,24273947,65258,24208689,0,0
28020539,988,1,4062630,27954961,28020539,65578,23957909,65578,23892331,0,0
28020949,1814,1,4180428,27955274,28020949,65675,23840521,65675,23774846,0,0
28021057,221,1,3647202,27955290,28021057,65767,24373855,65767,24308088,0,0
28021967,507,1,3746665,27956119,28021967,65848,24275302,65848,24209454,0,0
28022280,410,1,3745861,27956413,28022280,65867,24276419,65867,24210552,0,0
28022655,1934,1,4181034,27956550,28022655,66105,23841621,66105,23775516,0,0
28023033,515,1,3746740,27956690,28023033,66343,24276293,66343,24209950,0,0
28024117,1103,1,4172522,27957085,28024117,67032,23851595,67032,23784563,0,0
28024648,1833,1,4180529,27957305,28024648,67343,23844119,67343,23776776,0,0
28025270,1070,1,4064003,27957436,28025270,67834,23961267,67834,23893433,0,0
28026096,584,1,3769618,27957685,28026096,68411,24256478,68411,24188067,0,0
28027610,268,1,3654012,27958161,28027610,69449,24373598,69449,24304149,0,0
28029659,1061,1,4063641,27958622,28029659,71037,23966018,71037,23894981,0,0
28029913,587,1,3769659,27958679,28029913,71234,24260254,71234,24189020,0,0
28030283,143,1,3571167,27958887,28030283,71396,24459116,71396,24387720,0,0
28030832,995,1,4062771,27958989,28030832,71843,23968061,71843,23896218,0,0
28031138,652,1,3888614,27959097,28031138,72041,24142524,72041,24070483,0,0
28031733,1029,1,4063200,27959189,28031733,72544,23968533,72544,23895989,0,0
28031915,168,1,3583573,27959210,28031915,72705,24448342,72705,24375637,0,0
28083977,1954,1,4181126,28011075,28083977,72902,23902851,72902,23829949,0,0
28084007,1652,1,4177419,28011075,28084007,72932,23906588,72932,23833656,0,0
28084098,1510,1,4176768,28011075,28084098,73023,23907330,73023,23834307,0,0
28084249,1310,1,4173697,28011075,28084249,73174,23910552,73174,23837378,0,0
28084401,1480,1,4176619,28011075,28084401,73326,23907782,73326,23834456,0,0
28084673,1291,1,4173613,28011075,28084673,73598,23911060,73598,23837462,0,0
28084964,618,1,3814858,28011075,28084964,73889,24270106,73889,24196217,0,0
28086380,185,2,3623941,28011934,28086380,74446,24462439,74446,24387993,0,0
28086774,1955,1,4181136,28011934,28086774,74840,23905638,74840,23830798,0,0
28088120,178,1,3607159,28013279,28088120,74841,24480961,74841,24406120,0,0
28089094,1017,2,4063102,28013963,28089094,75131,24025992,75131,23950861,0,0
28090180,1241,1,4173363,28014643,28090180,75537,23916817,75537,23841280,0,0
28091065,1590,1,4177148,28014983,28091065,76082,23913917,76082,23837835,0,0
28091134,942,1,3997088,28015022,28091134,76112,24094046,76112,24017934,0,0
28092116,1904,1,4180897,28015186,28092116,76930,23911219,76930,23834289,0,0
28092409,1192,1,4173158,28015237,28092409,77172,23919251,77172,23842079,0,0
28093422,974,1,4062435,28015459,28093422,77963,24030987,77963,23953024,0,0
28093678,1245,1,4173381,28015628,28093678,78050,23920297,78050,23842247,0,0
28094011,1893,1,4180844,28015870,28094011,78141,23913167,78141,23835026,0,0
28094191,970,1,4062374,28015888,28094191,78303,24031817,78303,23953514,0,0
28095233,1306,1,4173681,28016183,28095233,79050,23921552,79050,23842502,0,0
28095489,1564,1,4177017,28016257,28095489,79232,23918472,79232,23839240,0,0
28095919,339,1,3741251,28016406,28095919,79513,24354668,79513,24275155,0,0
28096350,1267,1,4173483,28016513,28096350,79837,23922867,79837,23843030,0,0
28096894,677,1,3935091,28016875,28096894,80019,24161803,80019,24081784,0,0
28097713,201,1,3646276,28017299,28097713,80414,24451437,80414,24371023,0,0
28098263,236,1,3647300,28017849,28098263,80414,24450963,80414,24370549,0,0
28098937,209,1,3647099,28018376,28098937,80561,24451838,80561,24371277,0,0
28101074,211,1,3647105,28020171,28101074,80903,24453969,80903,24373066,0,0
28101990,1912,1,4180935,28020539,28101990,81451,23921055,81451,23839604,0,0
28102416,217,1,3647188,28020949,28102416,81467,24455228,81467,24373761,0,0
28103820,128,1,3565644,28021057,28103820,82763,24538176,82763,24455413,0,0
28105216,619,1,3814979,28021967,28105216,83249,24290237,83249,24206988,0,0
28106367,575,1,3756158,28022280,28106367,84087,24350209,84087,24266122,0,0
28107035,309,1,3680101,28022655,28107035,84380,24426934,84380,24342554,0,0
28107461,682,1,3957014,28023033,28107461,84428,24150447,84428,24066019,0,0
28109114,110,1,3525795,28024117,28109114,84997,24583319,84997,24498322,0,0
28110149,1734,1,4177775,28024648,28110149,85501,23932374,85501,23846873,0,0
28111083,940,1,3987637,28025270,28111083,85813,24123446,85813,24037633,0,0
28112163,230,1,3647274,28026096,28112163,86067,24464889,86067,24378822,0,0
28114179,282,1,3670951,28027610,28114179,86569,24443228,86569,24356659,0,0
28171065,111,4,3538206,28084249,28171065,86816,24632859,86816,24546043,0,0
28171143,148,1,3574099,28084249,28171143,86894,24597044,86894,24510150,0,0
28172955,905,1,3962691,28084249,28172955,88706,24210264,88706,24121558,0,0
28173042,632,1,3829995,28084249,28173042,88793,24343047,88793,24254254,0,0
28173746,950,1,3998041,28084249,28173746,89497,24175705,89497,24086208,0,0
28174293,1287,1,4173594,28084249,28174293,90044,24000699,90044,23910655,0,0
28177014,319,4,3719205,28086774,28177014,90240,24457809,90240,24367569,0,0
28181260,746,1,3961066,28086774,28181260,94486,24220194,94486,24125708,0,0
28181622,944,1,3997209,28086774,28181622,94848,24184413,94848,24089565,0,0
28181928,220,1,3647201,28086774,28181928,95154,24534727,95154,24439573,0,0
28182058,1375,1,4173995,28086774,28182058,95284,24008063,95284,23912779,0,0
28183452,293,1,3672229,28088120,28183452,95332,24511223,95332,24415891,0,0
28185339,827,1,3961858,28089094,28185339,96245,24223481,96245,24127236,0,0
28185729,788,1,3961483,28089094,28185729,96635,24224246,96635,24127611,0,0
28187006,253,1,3647459,28090180,28187006,96826,24539547,96826,24442721,0,0
28188407,249,1,3647345,28091065,28188407,97342,24541062,97342,24443720,0,0
28193066,166,1,3578792,28091134,28193066,101932,24614274,101932,24512342,0,0
28194757,1050,1,4063445,28092116,28194757,102641,24131312,102641,24028671,0,0
28195789,662,1,3913630,28092409,28195789,103380,24282159,103380,24178779,0,0
28198039,1031,1,4063212,28093422,28198039,104617,24134827,104617,24030210,0,0
28198370,511,1,3746694,28093678,28198370,104692,24451676,104692,24346984,0,0
28199643,1193,1,4173164,28094011,28199643,105632,24026479,105632,23920847,0,0
28200174,1936,1,4181044,28094191,28200174,105983,24019130,105983,23913147,0,0
28201348,1638,1,4177345,28095233,28201348,106115,24024003,106115,23917888,0,0
28201735,1895,1,4180856,28095489,28201735,106246,24020879,106246,23914633,0,0
28202297,1184,1,4173127,28095919,28202297,106378,24029170,106378,23922792,0,0
28202772,1516,1,4176794,28096350,28202772,106422,24025978,106422,23919556,0,0
28203572,240,1,3647317,28096894,28203572,106678,24556255,106678,24449577,0,0
28204461,1178,1,4173097,28097713,28204461,106748,24031364,106748,23924616,0,0
28206309,1961,1,4181172,28098263,28206309,108046,24025137,108046,23917091,0,0
28207093,1792,1,4178063,28098937,28207093,108156,24029030,108156,23920874,0,0
28209232,150,1,3574847,28101074,28209232,108158,24634385,108158,24526227,0,0
28210194,199,1,3643016,28101990,28210194,108204,24567178,108204,24458974,0,0
28210770,1913,1,4180941,28102416,28210770,108354,24029829,108354,23921475,0,0
28212369,1990,1,4181472,28103820,28212369,108549,24030897,108549,23922348,0,0
28214587,421,1,3745934,28105216,28214587,109371,24468653,109371,24359282,0,0
28215777,375,1,3745557,28106367,28215777,109410,24470220,109410,24360810,0,0
28216706,1288,1,4173601,28107035,28216706,109671,24043105,109671,23933434,0,0
28217176,1935,1,4181043,28107461,28217176,109715,24036133,109715,23926418,0,0
28218863,395,1,3745735,28109114,28218863,109749,24473128,109749,24363379,0,0
28220541,389,1,3745672,28110149,28220541,110392,24474869,110392,24364477,0,0
28221544,1517,1,4176805,28111083,28221544,110461,24044739,110461,23934278,0,0
28222680,380,1,3745600,28112163,28222680,110517,24477080,110517,24366563,0,0
28224758,964,1,4030872,28114179,28224758,110579,24193886,110579,24083307,0,0
28282243,975,1,4062437,28171065,28282243,111178,24219806,111178,24108628,0,0
28282570,530,1,3746863,28171065,28282570,111505,24535707,111505,24424202,0,0
28282667,1487,1,4176660,28171065,28282667,111602,24106007,111602,23994405,0,0
28282863,342,1,3742276,28171065,28282863,111798,24540587,111798,24428789,0,0
28283021,263,1,3652003,28171143,28283021,111878,24631018,111878,24519140,0,0
28285627,1022,2,4063151,28173746,28285627,111881,24222476,111881,24110595,0,0
28286397,203,1,3647016,28173746,28286397,112651,24639381,112651,24526730,0,0
28287213,1139,1,4172916,28174293,28287213,112920,24114297,112920,24001377,0,0
28291115,433,1,3746033,28177014,28291115,114101,24545082,114101,24430981,0,0
28291778,1924,1,4180992,28177014,28291778,114764,24110786,114764,23996022,0,0
28291953,1697,1,4177608,28177014,28291953,114939,24114345,114939,23999406,0,0
28292480,1872,1,4180703,28177014,28292480,115466,24111777,115466,23996311,0,0
28296919,1837,1,4180546,28181260,28296919,115659,24116373,115659,24000714,0,0
28297331,366,1,3745475,28181622,28297331,115709,24551856,115709,24436147,0,0
28297686,1088,1,4170618,28181928,28297686,115758,24127068,115758,24011310,0,0
28297962,1243,1,4173371,28182058,28297962,115904,24124591,115904,24008687,0,0
28299401,1379,1,4174009,28183452,28299401,115949,24125392,115949,24009443,0,0
28301585,1784,1,4178019,28185339,28301585,116246,24123566,116246,24007320,0,0
28302293,1511,1,4176771,28185729,28302293,116564,24125522,116564,24008958,0,0
28303745,1657,1,4177437,28187006,28303745,116739,24126308,116739,24009569,0,0
28305541,1279,1,4173561,28188407,28305541,117134,24131980,117134,24014846,0,0
28310905,1059,1,4063637,28193066,28310905,117839,24247268,117839,24129429,0,0
28313545,1229,1,4173305,28194757,28313545,118788,24140240,118788,24021452,0,0
28314821,1647,1,4177392,28195789,28314821,119032,24137429,119032,24018397,0,0
28317609,1529,1,4176862,28198039,28317609,119570,24140747,119570,24021177,0,0
28317941,1036,1,4063261,28198370,28317941,119571,24254680,119571,24135109,0,0
28319236,323,1,3725137,28199643,28319236,119593,24594099,119593,24474506,0,0
28321172,1270,1,4173508,28200174,28321172,120998,24147664,120998,24026666,0,0
28322478,1141,1,4172923,28201348,28322478,121130,24149555,121130,24028425,0,0
28324043,1179,1,4173102,28201735,28324043,122308,24150941,122308,24028633,0,0
28324845,1057,1,4063622,28202297,28324845,122548,24261223,122548,24138675,0,0
28325422,1738,1,4177794,28202772,28325422,122650,24147628,122650,24024978,0,0
28326466,1242,1,4173370,28203572,28326466,122894,24153096,122894,24030202,0,0
28327566,1400,1,4174109,28204461,28327566,123105,24153457,123105,24030352,0,0
28329552,637,1,3833225,28206309,28329552,123243,24496327,123243,24373084,0,0
28330476,1984,1,4181395,28207093,28330476,123383,24149081,123383,24025698,0,0
28333153,1892,1,4180839,28209232,28333153,123921,24152314,123921,24028393,0,0
28334670,304,1,3679613,28210194,28334670,124476,24655057,124476,24530581,0,0
28335669,1640,1,4177365,28210770,28335669,124899,24158304,124899,24033405,0,0
28337318,1376,1,4173996,28212369,28337318,124949,24163322,124949,24038373,0,0
28340062,1041,1,4063345,28214587,28340062,125475,24276717,125475,24151242,0,0
28341262,1352,1,4173883,28215777,28341262,125485,24167379,125485,24041894,0,0
28343192,1748,1,4177855,28216706,28343192,126486,24165337,126486,24038851,0,0
28343883,1324,1,4173757,28217176,28343883,126707,24170126,126707,24043419,0,0
28345656,1370,1,4173970,28218863,28345656,126793,24171686,126793,24044893,0,0
28348384,1983,1,4181374,28220541,28348384,127843,24167010,127843,24039167,0,0
28349522,1130,1,4172878,28221544,28349522,127978,24176644,127978,24048666,0,0
28350992,1007,1,4063032,28222680,28350992,128312,24287960,128312,24159648,0,0
28353400,979,1,4062490,28224758,28353400,128642,24290910,128642,24162268,0,0
28411218,1016,2,4063098,28282570,28411218,128648,24348120,128648,24219472,0,0
28412014,1930,1,4181020,28282667,28412014,129347,24230994,129347,24101647,0,0
28413090,1194,1,4173168,28282863,28413090,130227,24239922,130227,24109695,0,0
28422903,935,4,3980652,28292480,28422903,130423,24442251,130423,24311828,0,0
28423093,1251,1,4173406,28292480,28423093,130613,24249687,130613,24119074,0,0
28423342,1973,1,4181252,28292480,28423342,130862,24242090,130862,24111228,0,0
28423530,983,1,4062551,28292480,28423530,131050,24360979,131050,24229929,0,0
28424516,1207,1,4173222,28292480,28424516,132036,24251294,132036,24119258,0,0
28425493,1397,1,4174096,28292480,28425493,133013,24251397,133013,24118384,0,0
28430666,1142,1,4172929,28296919,28430666,133747,24257737,133747,24123990,0,0
28431850,305,1,3679652,28297331,28431850,134519,24752198,134519,24617679,0,0
28433926,1507,1,4176755,28297686,28433926,136240,24257171,136240,24120931,0,0
28434479,577,1,3756196,28297962,28434479,136517,24678283,136517,24541766,0,0
28436618,1867,1,4180681,28299401,28436618,137217,24255937,137217,24118720,0,0
28438949,1723,1,4177731,28301585,28438949,137364,24261218,137364,24123854,0,0
28442492,1447,1,4174342,28302293,28442492,140199,24268150,140199,24127951,0,0
28444368,1191,1,4173153,28303745,28444368,140623,24271215,140623,24130592,0,0
28563965,947,8,3997335,28422903,28563965,141062,24566630,141062,24425568,0,0
28564007,596,1,3786472,28422903,28564007,141104,24777535,141104,24636431,0,0
28564227,1887,1,4180805,28422903,28564227,141324,24383422,141324,24242098,0,0
28710096,917,8,3963785,28563965,28710096,146131,24746311,146131,24600180,0,0
28710908,610,1,3790016,28563965,28710908,146943,24920892,146943,24773949,0,0
28712035,1252,1,4173412,28563965,28712035,148070,24538623,148070,24390553,0,0
28712267,579,1,3756217,28563965,28712267,148302,24956050,148302,24807748,0,0
28713211,663,1,3920952,28563965,28713211,149246,24792259,149246,24643013,0,0
28714746,911,1,3962837,28563965,28714746,150781,24751909,150781,24601128,0,0
28717190,1013,2,4063082,28563965,28717190,153225,24654108,153225,24500883,0,0
28719094,850,1,3962053,28563965,28719094,155129,24757041,155129,24601912,0,0
28719604,934,1,3980576,28563965,28719604,155639,24739028,155639,24583389,0,0
28719923,1864,1,4180665,28563965,28719923,155958,24539258,155958,24383300,0,0
28720106,184,2,3623909,28563965,28720106,156141,25096197,156141,24940056,0,0
28720217,1046,1,4063414,28563965,28720217,156252,24656803,156252,24500551,0,0
28720976,1858,1,4180642,28563965,28720976,157011,24540334,157011,24383323,0,0
28721700,1885,1,4180792,28563965,28721700,157735,24540908,157735,24383173,0,0
28721766,1448,1,4174342,28563965,28721766,157801,24547424,157801,24389623,0,0
28722237,1808,1,4180404,28563965,28722237,158272,24541833,158272,24383561,0,0
28722722,943,1,3997158,28563965,28722722,158757,24725564,158757,24566807,0,0
28723806,1527,1,4176850,28563965,28723806,159841,24546956,159841,24387115,0,0
28724069,1560,1,4177003,28563965,28724069,160104,24547066,160104,24386962,0,0
28724563,903,1,3962642,28563965,28724563,160598,24761921,160598,24601323,0,0
28724638,1051,1,4063459,28563965,28724638,160673,24661179,160673,24500506,0,0
28724727,1204,1,4173208,28563965,28724727,160762,24551519,160762,24390757,0,0
28724793,1823,1,4180483,28563965,28724793,160828,24544310,160828,24383482,0,0
28724848,779,1,3961399,28563965,28724848,160883,24763449,160883,24602566,0,0
28724925,1169,1,4173054,28563965,28724925,160960,24551871,160960,24390911,0,0
28725344,659,1,3909553,28563965,28725344,161379,24815791,161379,24654412,0,0
28725451,1226,1,4173292,28563965,28725451,161486,24552159,161486,24390673,0,0
28725783,262,1,3647974,28563965,28725783,161818,25077809,161818,24915991,0,0
28725871,1018,1,4063109,28563965,28725871,161906,24662762,161906,24500856,0,0
28726964,1974,1,4181255,28563965,28726964,162999,24545709,162999,24382710,0,0
28727284,1035,1,4063246,28563965,28727284,163319,24664038,163319,24500719,0,0
28727294,1170,1,4173064,28563965,28727294,163329,24554230,163329,24390901,0,0
28727294,1915,1,4180951,28563965,28727294,163329,24546343,163329,24383014,0,0
28727401,732,1,3960919,28563965,28727401,163436,24766482,163436,24603046,0,0
28727716,719,1,3960827,28563965,28727716,163751,24766889,163751,24603138,0,0
28728242,722,1,3960841,28563965,28728242,164277,24767401,164277,24603124,0,0
28728688,992,1,4062748,28563965,28728688,164723,24665940,164723,24501217,0,0
28728705,701,1,3960640,28563965,28728705,164740,24768065,164740,24603325,0,0
28728939,1125,1,4172679,28563965,28728939,164974,24556260,164974,24391286,0,0
28729639,1568,1,4177039,28564007,28729639,165632,24552600,165632,24386968,0,0
28731701,1408,1,4174142,28564227,28731701,167474,24557559,167474,24390085,0,0
28877570,1989,1,4181460,28710096,28877570,167474,24696110,167474,24528636,0,0
28877899,1133,1,4172892,28710096,28877899,167803,24705007,167803,24537204,0,0
28878031,1442,1,4174318,28710096,28878031,167935,24703713,167935,24535778,0,0
28878168,1001,1,4062849,28710096,28878168,168072,24815319,168072,24647247,0,0
28878348,1000,1,4062849,28710096,28878348,168252,24815499,168252,24647247,0,0
28878360,1607,1,4177214,28710096,28878360,168264,24701146,168264,24532882,0,0
28878755,572,1,3754953,28710096,28878755,168659,25123802,168659,24955143,0,0
28879385,851,1,3962055,28710096,28879385,169289,24917330,169289,24748041,0,0
28880389,1838,1,4180552,28710908,28880389,169481,24699837,169481,24530356,0,0
28882135,959,1,4009826,28712035,28882135,170100,24872309,170100,24702209,0,0
28883101,740,1,3960994,28712267,28883101,170834,24922107,170834,24751273,0,0
28884064,729,1,3960899,28713211,28884064,170853,24923165,170853,24752312,0,0
28885618,990,1,4062648,28714746,28885618,170872,24822970,170872,24652098,0,0
28888274,726,1,3960873,28717190,28888274,171084,24927401,171084,24756317,0,0
28888598,98,1,3367585,3367585,28888598,25521013,25521013,25521013,0,0,0
28890042,1160,1,4173014,28717190,28890042,172852,24717028,172852,24544176,0,0
28892130,242,1,3647319,28719094,28892130,173036,25244811,173036,25071775,0,0
28892738,1918,1,4180964,28719604,28892738,173134,24711774,173134,24538640,0,0
28893108,980,1,4062492,28719923,28893108,173185,24830616,173185,24657431,0,0
28893766,1553,1,4176972,28720106,28893766,173660,24716794,173660,24543134,0,0
28894110,854,1,3962090,28720106,28894110,174004,24932020,174004,24758016,0,0
28894238,819,1,3961778,28720217,28894238,174021,24932460,174021,24758439,0,0
28895031,1235,1,4173336,28720976,28895031,174055,24721695,174055,24547640,0,0
28896544,1410,1,4174152,28721700,28896544,174844,24722392,174844,24547548,0,0
28897466,1693,1,4177593,28721766,28897466,175700,24719873,175700,24544173,0,0
28898603,1774,1,4177968,28722237,28898603,176366,24720635,176366,24544269,0,0
28899430,847,1,3962025,28722722,28899430,176708,24937405,176708,24760697,0,0
28900625,1796,1,4178080,28723806,28900625,176819,24722545,176819,24545726,0,0
28901540,204,1,3647020,28724069,28901540,177471,25254520,177471,25077049,0,0
28902115,800,1,3961571,28724563,28902115,177552,24940544,177552,24762992,0,0
28902295,1941,1,4181071,28724638,28902295,177657,24721224,177657,24543567,0,0
28903056,1789,1,4178047,28724727,28903056,178329,24725009,178329,24546680,0,0
28903526,1556,1,4176985,28724793,28903526,178733,24726541,178733,24547808,0,0
28903772,1572,1,4177059,28724848,28903772,178924,24726713,178924,24547789,0,0
28903915,1768,1,4177947,28724925,28903915,178990,24725968,178990,24546978,0,0
28904877,855,1,3962099,28725344,28904877,179533,24942778,179533,24763245,0,0
28905033,1518,1,4176809,28725451,28905033,179582,24728224,179582,24548642,0,0
28905377,1576,1,4177075,28725783,28905377,179594,24728302,179594,24548708,0,0
28905585,1305,1,4173681,28725871,28905585,179714,24731904,179714,24552190,0,0
28906939,883,1,3962423,28726964,28906939,179975,24944516,179975,24764541,0,0
28907523,1897,1,4180868,28727284,28907523,180239,24726655,180239,24546416,0,0
28907677,1479,1,4176619,28727294,28907677,180383,24731058,180383,24550675,0,0
28908324,1923,1,4180987,28727294,28908324,181030,24727337,181030,24546307,0,0
28908495,866,1,3962220,28727401,28908495,181094,24946275,181094,24765181,0,0
28908857,175,1,3607083,28727716,28908857,181141,25301774,181141,25120633,0,0
28909557,1606,1,4177208,28728242,28909557,181315,24732349,181315,24551034,0,0
28910446,502,1,3746628,28728688,28910446,181758,25163818,181758,24982060,0,0
28910591,1151,1,4172965,28728705,28910591,181886,24737626,181886,24555740,0,0
28911832,1689,1,4177580,28728939,28911832,182893,24734252,182893,24551359,0,0
28912567,606,1,3787058,28729639,28912567,182928,25125509,182928,24942581,0,0
28915317,890,1,3962465,28731701,28915317,183616,24952852,183616,24769236,0,0
29061430,1964,1,4181193,28877570,29061430,183860,24880237,183860,24696377,0,0
29063733,1651,1,4177408,28877899,29063733,185834,24886325,185834,24700491,0,0
29063901,1484,1,4176637,28878031,29063901,185870,24887264,185870,24701394,0,0
29064265,1127,1,4172708,28878168,29064265,186097,24891557,186097,24705460,0,0
29064605,1702,1,4177634,28878348,29064605,186257,24886971,186257,24700714,0,0
29064694,1946,1,4181087,28878360,29064694,186334,24883607,186334,24697273,0,0
29065244,1436,1,4174285,28878755,29065244,186489,24890959,186489,24704470,0,0
29066040,218,1,3647189,28879385,29066040,186655,25418851,186655,25232196,0,0
29067187,1778,1,4177989,28880389,29067187,186798,24889198,186798,24702400,0,0
29069552,1525,1,4176839,28882135,29069552,187417,24892713,187417,24705296,0,0
29070580,1257,1,4173430,28883101,29070580,187479,24897150,187479,24709671,0,0
29071611,483,1,3746460,28884064,29071611,187547,25325151,187547,25137604,0,0
29073189,1681,1,4177542,28885618,29073189,187571,24895647,187571,24708076,0,0
29075993,464,1,3746278,28888274,29075993,187719,25329715,187719,25141996,0,0
29076552,753,1,3961113,28888598,29076552,187954,25115439,187954,24927485,0,0
29078975,1987,1,4181442,28890042,29078975,188933,24897533,188933,24708600,0,0
29082176,1752,1,4177875,28892130,29082176,190046,24904301,190046,24714255,0,0
29083234,1312,1,4173706,28892738,29083234,190496,24909528,190496,24719032,0,0
29084081,1230,1,4173311,28893108,29084081,190973,24910770,190973,24719797,0,0
29084962,378,1,3745591,28893766,29084962,191196,25339371,191196,25148175,0,0
29085621,733,1,3960920,28894110,29085621,191511,25124701,191511,24933190,0,0
29085963,550,1,3747026,28894238,29085963,191725,25338937,191725,25147212,0,0
29086847,254,1,3647500,28895031,29086847,191816,25439347,191816,25247531,0,0
29088474,1772,1,4177962,28896544,29088474,191930,24910512,191930,24718582,0,0
29089661,465,1,3746285,28897466,29089661,192195,25343376,192195,25151181,0,0
29091035,1334,1,4173805,28898603,29091035,192432,24917230,192432,24724798,0,0
29091944,424,1,3745960,28899430,29091944,192514,25345984,192514,25153470,0,0
29093252,534,1,3746901,28900625,29093252,192627,25346351,192627,25153724,0,0
29094446,1907,1,4180910,28901540,29094446,192906,24913536,192906,24720630,0,0
29095283,700,1,3960634,28902115,29095283,193168,25134649,193168,24941481,0,0
29095820,1605,1,4177205,28902295,29095820,193525,24918615,193525,24725090,0,0
29096923,1717,1,4177707,28903056,29096923,193867,24919216,193867,24725349,0,0
29097608,1359,1,4173919,28903526,29097608,194082,24923689,194082,24729607,0,0
29098147,1174,1,4173079,28903772,29098147,194375,24925068,194375,24730693,0,0
29098754,1300,1,4173655,28903915,29098754,194839,24925099,194839,24730260,0,0
29099871,1980,1,4181328,28904877,29099871,194994,24918543,194994,24723549,0,0
29100321,487,1,3746497,28905033,29100321,195288,25353824,195288,25158536,0,0
29100835,1630,1,4177314,28905377,29100835,195458,24923521,195458,24728063,0,0
29101120,1911,1,4180934,28905585,29101120,195535,24920186,195535,24724651,0,0
29102958,1343,1,4173844,28906939,29102958,196019,24929114,196019,24733095,0,0
29104761,1371,1,4173980,28907523,29104761,197238,24930781,197238,24733543,0,0
29105273,1724,1,4177731,28907677,29105273,197596,24927542,197596,24729946,0,0
29106565,1958,1,4181156,28908324,29106565,198241,24925409,198241,24727168,0,0
29107046,1622,1,4177272,28908495,29107046,198551,24929774,198551,24731223,0,0
29108103,1788,1,4178045,28908857,29108103,199246,24930058,199246,24730812,0,0
29108815,1626,1,4177294,28909557,29108815,199258,24931521,199258,24732263,0,0
29109905,377,1,3745585,28910446,29109905,199459,25364320,199459,25164861,0,0
29110224,1754,1,4177887,28910591,29110224,199633,24932337,199633,24732704,0,0
29112238,1890,1,4180825,28911832,29112238,200406,24931413,200406,24731007,0,0
29113205,1956,1,4181140,28912567,29113205,200638,24932065,200638,24731427,0,0
29116031,229,1,3647266,28915317,29116031,200714,25468765,200714,25268051,0,0
29262510,721,1,3960838,29061430,29262510,201080,25301672,201080,25100592,0,0
29265222,1202,1,4173201,29063733,29265222,201489,25092021,201489,24890532,0,0
29266323,565,1,3747310,29063901,29266323,202422,25519013,202422,25316591,0,0
29267687,345,1,3743769,29064265,29267687,203422,25523918,203422,25320496,0,0
29269346,510,1,3746692,29064605,29269346,204741,25522654,204741,25317913,0,0
29269661,1077,1,4093909,29064694,29269661,204967,25175752,204967,24970785,0,0
29270470,667,1,3922094,29065244,29270470,205226,25348376,205226,25143150,0,0
29271813,1785,1,4178038,29066040,29271813,205773,25093775,205773,24888002,0,0
29274586,491,1,3746534,29067187,29274586,207399,25528052,207399,25320653,0,0
29277226,1498,1,4176715,29069552,29277226,207674,25100511,207674,24892837,0,0
29279164,446,1,3746138,29070580,29279164,208584,25533026,208584,25324442,0,0
29281060,923,1,3976538,29071611,29281060,209449,25304522,209449,25095073,0,0
29283337,1384,1,4174035,29073189,29283337,210148,25109302,210148,24899154,0,0
29286636,1052,1,4063582,29075993,29286636,210643,25223054,210643,25012411,0,0
29288865,1345,1,4173857,29076552,29288865,212313,25115008,212313,24902695,0,0
29291520,1443,1,4174328,29078975,29291520,212545,25117192,212545,24904647,0,0
29294729,482,1,3746435,29082176,29294729,212553,25548294,212553,25335741,0,0
29296320,1713,1,4177682,29083234,29296320,213086,25118638,213086,24905552,0,0
29298714,1177,1,4173093,29084081,29298714,214633,25125621,214633,24910988,0,0
29299749,1664,1,4177465,29084962,29299749,214787,25122284,214787,24907497,0,0
29300804,1439,1,4174303,29085621,29300804,215183,25126501,215183,24911318,0,0
29301356,493,1,3746545,29085963,29301356,215393,25554811,215393,25339418,0,0
29302597,541,1,3746955,29086847,29302597,215750,25555642,215750,25339892,0,0
29304576,1377,1,4174006,29088474,29304576,216102,25130570,216102,24914468,0,0
29305893,1032,1,4063213,29089661,29305893,216232,25242680,216232,25026448,0,0
29307279,1625,1,4177291,29091035,29307279,216244,25129988,216244,24913744,0,0
29308456,529,1,3746844,29091944,29308456,216512,25561612,216512,25345100,0,0
29310049,1338,1,4173826,29093252,29310049,216797,25136223,216797,24919426,0,0
29311374,1023,1,4063165,29094446,29311374,216928,25248209,216928,25031281,0,0
29313472,1440,1,4174315,29095283,29313472,218189,25139157,218189,24920968,0,0
29314646,1591,1,4177150,29095820,29314646,218826,25137496,218826,24918670,0,0
29316128,119,1,3554308,29096923,29316128,219205,25761820,219205,25542615,0,0
29317266,967,1,4031841,29097608,29317266,219658,25285425,219658,25065767,0,0
29318497,630,1,3828002,29098147,29318497,220350,25490495,220350,25270145,0,0
29319572,1003,1,4062955,29098754,29319572,220818,25256617,220818,25035799,0,0
29320974,250,1,3647346,29099871,29320974,221103,25673628,221103,25452525,0,0
29321860,439,1,3746078,29100321,29321860,221539,25575782,221539,25354243,0,0
29322705,1024,1,4063167,29100835,29322705,221870,25259538,221870,25037668,0,0
29323115,454,1,3746186,29101120,29323115,221995,25576929,221995,25354934,0,0
29325980,415,1,3745895,29102958,29325980,223022,25580085,223022,25357063,0,0
29329347,371,1,3745521,29104761,29329347,224586,25583826,224586,25359240,0,0
29329886,930,1,3980499,29105273,29329886,224613,25349387,224613,25124774,0,0
29332236,496,1,3746581,29106565,29332236,225671,25585655,225671,25359984,0,0
29334694,1860,1,4180650,29107046,29334694,227648,25154044,227648,24926396,0,0
29336054,997,1,4062826,29108103,29336054,227951,25273228,227951,25045277,0,0
29337960,951,1,3998093,29108815,29337960,229145,25339867,229145,25110722,0,0
29342000,1932,1,4181028,29109905,29342000,232095,25160972,232095,24928877,0,0
29344618,609,1,3789053,29110224,29344618,234394,25555565,234394,25321171,0,0
29348150,1478,1,4176609,29112238,29348150,235912,25171541,235912,24935629,0,0
29351815,1995,1,4184055,29113205,29351815,238610,25167760,238610,24929150,0,0
29355431,1431,1,4174270,29116031,29355431,239400,25181161,239400,24941761,0,0
29502239,1813,1,4180423,29262510,29502239,239729,25321816,239729,25082087,0,0
29505345,1826,1,4180504,29265222,29505345,240123,25324841,240123,25084718,0,0
29511518,118,1,3552772,29266323,29511518,245195,25958746,245195,25713551,0,0
29514462,273,1,3655387,29267687,29514462,246775,25859075,246775,25612300,0,0
29518296,1123,1,4172668,29269346,29518296,248950,25345628,248950,25096678,0,0
29521659,322,1,3724797,29269661,29521659,251998,25796862,251998,25544864,0,0
29524162,325,1,3726342,29270470,29524162,253692,25797820,253692,25544128,0,0
29526903,108,1,3510315,29271813,29526903,255090,26016588,255090,25761498,0,0
29529991,1595,1,4177163,29274586,29529991,255405,25352828,255405,25097423,0,0
29532853,326,1,3730697,29277226,29532853,255627,25802156,255627,25546529,0,0
29535625,1286,1,4173592,29279164,29535625,256461,25362033,256461,25105572,0,0
29537900,1836,1,4180544,29281060,29537900,256840,25357356,256840,25100516,0,0
29540185,939,1,3986343,29283337,29540185,256848,25553842,256848,25296994,0,0
29543882,1827,1,4180504,29286636,29543882,257246,25363378,257246,25106132,0,0
29546924,1429,1,4174257,29288865,29546924,258059,25372667,258059,25114608,0,0
29549630,1598,1,4177175,29291520,29549630,258110,25372455,258110,25114345,0,0
29553081,267,1,3653578,29294729,29553081,258352,25899503,258352,25641151,0,0
29554738,1608,1,4177224,29296320,29554738,258418,25377514,258418,25119096,0,0
29557364,1694,1,4177597,29298714,29557364,258650,25379767,258650,25121117,0,0
29558723,1555,1,4176981,29299749,29558723,258974,25381742,258974,25122768,0,0
29560209,1884,1,4180780,29300804,29560209,259405,25379429,259405,25120024,0,0
29561409,1975,1,4181260,29301356,29561409,260053,25380149,260053,25120096,0,0
29564645,197,1,3640564,29302597,29564645,262048,25924081,262048,25662033,0,0
29566653,683,1,3960060,29304576,29566653,262077,25606593,262077,25344516,0,0
29568205,896,1,3962538,29305893,29568205,262312,25605667,262312,25343355,0,0
29571317,1427,1,4174242,29307279,29571317,264038,25397075,264038,25133037,0,0
29573979,884,1,3962427,29308456,29573979,265523,25611552,265523,25346029,0,0
29577119,1839,1,4180554,29310049,29577119,267070,25396565,267070,25129495,0,0
29579092,1302,1,4173658,29311374,29579092,267718,25405434,267718,25137716,0,0
29582593,1318,1,4173732,29313472,29582593,269121,25408861,269121,25139740,0,0
29586261,1769,1,4177949,29314646,29586261,271615,25408312,271615,25136697,0,0
29589135,1641,1,4177366,29316128,29589135,273007,25411769,273007,25138762,0,0
29590273,1886,1,4180795,29317266,29590273,273007,25409478,273007,25136471,0,0
29591701,738,1,3960950,29318497,29591701,273204,25630751,273204,25357547,0,0
29593056,734,1,3960923,29319572,29593056,273484,25632133,273484,25358649,0,0
29594521,1856,1,4180637,29320974,29594521,273547,25413884,273547,25140337,0,0
29597345,822,1,3961813,29321860,29597345,275485,25635532,275485,25360047,0,0
29598437,709,1,3960743,29322705,29598437,275732,25637694,275732,25361962,0,0
29599756,1467,1,4176533,29323115,29599756,276641,25423223,276641,25146582,0,0
29605173,1798,1,4178110,29325980,29605173,279193,25427063,279193,25147870,0,0
29609158,1547,1,4176950,29329347,29609158,279811,25432208,279811,25152397,0,0
29609825,780,1,3961402,29329886,29609825,279939,25648423,279939,25368484,0,0
29615822,1281,1,4173567,29332236,29615822,283586,25442255,283586,25158669,0,0
29618604,1268,1,4173497,29334694,29618604,283910,25445107,283910,25161197,0,0
29620813,1569,1,4177048,29336054,29620813,284759,25443765,284759,25159006,0,0
29622874,1996,1,4184064,29337960,29622874,284914,25438810,284914,25153896,0,0
29627146,963,1,4030861,29342000,29627146,285146,25596285,285146,25311139,0,0
29630298,1509,1,4176765,29344618,29630298,285680,25453533,285680,25167853,0,0
29634111,1557,1,4176990,29348150,29634111,285961,25457121,285961,25171160,0,0
29639612,1186,1,4173131,29351815,29639612,287797,25466481,287797,25178684,0,0
29643767,1198,1,4173183,29355431,29643767,288336,25470584,288336,25182248,0,0
29791344,1619,1,4177257,29502239,29791344,289105,25614087,289105,25324982,0,0
29797160,825,1,3961834,29505345,29797160,291815,25835326,291815,25543511,0,0
30089665,594,8,3784160,29797160,30089665,292505,26305505,292505,26013000,0,0
30090354,1228,1,4173305,29797160,30090354,293194,25917049,293194,25623855,0,0
30095212,1670,1,4177492,29797160,30095212,298052,25917720,298052,25619668,0,0
30096723,1271,1,4173510,29797160,30096723,299563,25923213,299563,25623650,0,0
30096926,898,1,3962564,29797160,30096926,299766,26134362,299766,25834596,0,0
30098983,542,1,3746970,29797160,30098983,301823,26352013,301823,26050190,0,0
30099206,1394,1,4174087,29797160,30099206,302046,25925119,302046,25623073,0,0
30099700,886,1,3962436,29797160,30099700,302540,26137264,302540,25834724,0,0
30100286,1656,1,4177433,29797160,30100286,303126,25922853,303126,25619727,0,0
30100848,897,1,3962562,29797160,30100848,303688,26138286,303688,25834598,0,0
30103947,500,1,3746605,29797160,30103947,306787,26357342,306787,26050555,0,0
30105422,831,1,3961880,29797160,30105422,308262,26143542,308262,25835280,0,0
30105422,859,1,3962144,29797160,30105422,308262,26143278,308262,25835016,0,0
30106226,815,1,3961725,29797160,30106226,309066,26144501,309066,25835435,0,0
30106871,1339,1,4173830,29797160,30106871,309711,25933041,309711,25623330,0,0
30108914,796,1,3961526,29797160,30108914,311754,26147388,311754,25835634,0,0
30109048,793,1,3961504,29797160,30109048,311888,26147544,311888,25835656,0,0
30109048,797,1,3961527,29797160,30109048,311888,26147521,311888,25835633,0,0
30109969,1952,1,4181115,29797160,30109969,312809,25928854,312809,25616045,0,0
30112512,739,1,3960968,29797160,30112512,315352,26151544,315352,25836192,0,0
30113413,616,1,3807618,29797160,30113413,316253,26305795,316253,25989542,0,0
30114559,523,1,3746785,29797160,30114559,317399,26367774,317399,26050375,0,0
30115201,881,1,3962399,29797160,30115201,318041,26152802,318041,25834761,0,0
30115291,1794,1,4178072,29797160,30115291,318131,25937219,318131,25619088,0,0
30116058,376,1,3745584,29797160,30116058,318898,26370474,318898,26051576,0,0
30116802,1430,1,4174257,29797160,30116802,319642,25942545,319642,25622903,0,0
30116930,830,1,3961878,29797160,30116930,319770,26155052,319770,25835282,0,0
30117475,807,1,3961638,29797160,30117475,320315,26155837,320315,25835522,0,0
30118249,805,1,3961612,29797160,30118249,321089,26156637,321089,25835548,0,0
30119417,540,1,3746946,29797160,30119417,322257,26372471,322257,26050214,0,0
30120041,1254,1,4173419,29797160,30120041,322881,25946622,322881,25623741,0,0
30121133,801,1,3961574,29797160,30121133,323973,26159559,323973,25835586,0,0
30122078,562,1,3747308,29797160,30122078,324918,26374770,324918,26049852,0,0
30124864,790,1,3961484,29797160,30124864,327704,26163380,327704,25835676,0,0
30127783,735,1,3960931,29797160,30127783,330623,26166852,330623,25836229,0,0
30129189,408,1,3745840,29797160,30129189,332029,26383349,332029,26051320,0,0
30129638,699,1,3960630,29797160,30129638,332478,26169008,332478,25836530,0,0
30130825,698,1,3960628,29797160,30130825,333665,26170197,333665,25836532,0,0
30136637,1671,1,4177500,29797160,30136637,339477,25959137,339477,25619660,0,0
30139082,752,1,3961108,29797160,30139082,341922,26177974,341922,25836052,0,0
30140620,1493,1,4176677,29797160,30140620,343460,25963943,343460,25620483,0,0
30142217,737,1,3960949,29797160,30142217,345057,26181268,345057,25836211,0,0
30142287,954,1,3999450,29797160,30142287,345127,26142837,345127,25797710,0,0
30142912,730,1,3960904,29797160,30142912,345752,26182008,345752,25836256,0,0
30438604,1549,1,4176958,30089665,30438604,348939,26261646,348939,25912707,0,0
30438604,1991,1,4181474,30089665,30438604,348939,26257130,348939,25908191,0,0
30438747,1645,1,4177380,30089665,30438747,349082,26261367,349082,25912285,0,0
30439321,1851,1,4180612,30089665,30439321,349656,26258709,349656,25909053,0,0
30439464,1901,1,4180885,30089665,30439464,349799,26258579,349799,25908780,0,0
30443909,535,1,3746903,30089665,30443909,354244,26697006,354244,26342762,0,0
30445772,1781,1,4178006,30089665,30445772,356107,26267766,356107,25911659,0,0
30446375,581,1,3756219,30089665,30446375,356710,26690156,356710,26333446,0,0
30447088,509,1,3746686,30090354,30447088,356734,26700402,356734,26343668,0,0
30452036,1536,1,4176899,30095212,30452036,356824,26275137,356824,25918313,0,0
30454580,1386,1,4174044,30096723,30454580,357857,26280536,357857,25922679,0,0
30456187,1303,1,4173667,30096926,30456187,359261,26282520,359261,25923259,0,0
30459991,654,1,3889964,30098983,30459991,361008,26570027,361008,26209019,0,0
30461621,1219,1,4173265,30099206,30461621,362415,26288356,362415,25925941,0,0
30462419,270,1,3654151,30099700,30462419,362719,26808268,362719,26445549,0,0
30464063,539,1,3746938,30100286,30464063,363777,26717125,363777,26353348,0,0
30467420,1863,1,4180662,30100848,30467420,366572,26286758,366572,25920186,0,0
30470612,425,1,3745960,30103947,30470612,366665,26724652,366665,26357987,0,0
30472414,531,1,3746867,30105422,30472414,366992,26725547,366992,26358555,0,0
30472771,526,1,3746827,30105422,30472771,367349,26725944,367349,26358595,0,0
30475033,516,1,3746740,30106226,30475033,368807,26728293,368807,26359486,0,0
30475880,1378,1,4174008,30106871,30475880,369009,26301872,369009,25932863,0,0
30478124,517,1,3746744,30108914,30478124,369210,26731380,369210,26362170,0,0
30479206,398,1,3745765,30109048,30479206,370158,26733441,370158,26363283,0,0
30479598,1171,1,4173067,30109048,30479598,370550,26306531,370550,25935981,0,0
30481256,386,1,3745650,30109969,30481256,371287,26735606,371287,26364319,0,0
30484068,937,1,3985686,30112512,30484068,371556,26498382,371556,26126826,0,0
30485157,506,1,3746664,30113413,30485157,371744,26738493,371744,26366749,0,0
30486436,1485,1,4176646,30114559,30486436,371877,26309790,371877,25937913,0,0
30487884,664,1,3921076,30115201,30487884,372683,26566808,372683,26194125,0,0
30489318,1489,1,4176662,30115291,30489318,374027,26312656,374027,25938629,0,0
30490802,1325,1,4173769,30116058,30490802,374744,26317033,374744,25942289,0,0
30492406,1209,1,4173229,30116802,30492406,375604,26319177,375604,25943573,0,0
30493296,152,1,3575019,30116930,30493296,376366,26918277,376366,26541911,0,0
30494040,489,1,3746505,30117475,30494040,376565,26747535,376565,26370970,0,0
30495213,1470,1,4176564,30118249,30495213,376964,26318649,376964,25941685,0,0
30496869,838,1,3961953,30119417,30496869,377452,26534916,377452,26157464,0,0
30500312,895,1,3962536,30120041,30500312,380271,26537776,380271,26157505,0,0
30501875,414,1,3745890,30121133,30501875,380742,26755985,380742,26375243,0,0
30504547,1157,1,4173001,30122078,30504547,382469,26331546,382469,25949077,0,0
30507604,438,1,3746077,30124864,30507604,382740,26761527,382740,26378787,0,0
30512562,1351,1,4173883,30127783,30512562,384779,26338679,384779,25953900,0,0
30514148,411,1,3745866,30129189,30514148,384959,26768282,384959,26383323,0,0
30515042,393,1,3745712,30129638,30515042,385404,26769330,385404,26383926,0,0
30517324,1683,1,4177555,30130825,30517324,386499,26339769,386499,25953270,0,0
30528451,180,2,3612767,30140620,30528451,387831,26915684,387831,26527853,0,0
30528723,351,1,3745325,30140620,30528723,388103,26783398,388103,26395295,0,0
30531870,1585,1,4177125,30142217,30531870,389653,26354745,389653,25965092,0,0
30532268,1009,1,4063065,30142287,30532268,389981,26469203,389981,26079222,0,0
30533712,1730,1,4177761,30142912,30533712,390800,26355951,390800,25965151,0,0
30830003,567,1,3747311,30438604,30830003,391399,27082692,391399,26691293,0,0
30831269,899,1,3962565,30438604,30831269,392665,26868704,392665,26476039,0,0
30831694,1082,1,4093966,30438747,30831694,392947,26737728,392947,26344781,0,0
30832988,1653,1,4177420,30439321,30832988,393667,26655568,393667,26261901,0,0
30833808,1504,1,4176742,30439464,30833808,394344,26657066,394344,26262722,0,0
30841491,592,2,3778068,30445772,30841491,395719,27063423,395719,26667704,0,0
30842265,852,1,3962075,30446375,30842265,395890,26880190,395890,26484300,0,0
30843294,1750,1,4177866,30447088,30843294,396206,26665428,396206,26269222,0,0
30848427,1340,1,4173832,30452036,30848427,396391,26674595,396391,26278204,0,0
30853335,1632,1,4177320,30454580,30853335,398755,26676015,398755,26277260,0,0
30855497,993,1,4062754,30456187,30855497,399310,26792743,399310,26393433,0,0
30862072,858,1,3962124,30459991,30862072,402081,26899948,402081,26497867,0,0
30865041,364,1,3745448,30461621,30865041,403420,27119593,403420,26716173,0,0
30866170,879,1,3962384,30462419,30866170,403751,26903786,403751,26500035,0,0
30868118,360,1,3745409,30464063,30868118,404055,27122709,404055,26718654,0,0
30872451,1471,1,4176572,30467420,30872451,405031,26695879,405031,26290848,0,0
30875717,1332,1,4173794,30470612,30875717,405105,26701923,405105,26296818,0,0
30877822,671,1,3927740,30472414,30877822,405408,26950082,405408,26544674,0,0
30878211,1988,1,4181446,30472771,30878211,405440,26696765,405440,26291325,0,0
30881308,1165,1,4173040,30475033,30881308,406275,26708268,406275,26301993,0,0
30884458,976,1,4062444,30475880,30884458,408578,26822014,408578,26413436,0,0
30887418,1888,1,4180809,30478124,30887418,409294,26706609,409294,26297315,0,0
30890996,1972,1,4181246,30479206,30890996,411790,26709750,411790,26297960,0,0
30891555,1552,1,4176970,30479598,30891555,411957,26714585,411957,26302628,0,0
30895155,872,1,3962289,30481256,30895155,413899,26932866,413899,26518967,0,0
30898019,834,1,3961916,30484068,30898019,413951,26936103,413951,26522152,0,0
30900123,1162,1,4173027,30485157,30900123,414966,26727096,414966,26312130,0,0
30901837,475,1,3746351,30486436,30901837,415401,27155486,415401,26740085,0,0
30903518,1437,1,4174298,30487884,30903518,415634,26729220,415634,26313586,0,0
30905324,814,1,3961723,30489318,30905324,416006,26943601,416006,26527595,0,0
30906840,712,1,3960771,30490802,30906840,416038,26946069,416038,26530031,0,0
30910213,1528,1,4176862,30492406,30910213,417807,26733351,417807,26315544,0,0
30911629,693,1,3960585,30493296,30911629,418333,26951044,418333,26532711,0,0
30913518,1616,1,4177245,30494040,30913518,419478,26736273,419478,26316795,0,0
30914829,1154,1,4172988,30495213,30914829,419616,26741841,419616,26322225,0,0
30916514,1780,1,4178000,30496869,30916514,419645,26738514,419645,26318869,0,0
30921951,832,1,3961887,30500312,30921951,421639,26960064,421639,26538425,0,0
30923525,1232,1,4173317,30501875,30923525,421650,26750208,421650,26328558,0,0
30926359,845,1,3962022,30504547,30926359,421812,26964337,421812,26542525,0,0
30929691,958,1,4004715,30507604,30929691,422087,26924976,422087,26502889,0,0
30936018,763,1,3961202,30512562,30936018,423456,26974816,423456,26551360,0,0
30939929,786,1,3961457,30514148,30939929,425781,26978472,425781,26552691,0,0
30943046,718,1,3960819,30515042,30943046,428004,26982227,428004,26554223,0,0
30946034,723,1,3960860,30517324,30946034,428710,26985174,428710,26556464,0,0
30959962,1882,1,4180765,30528451,30959962,431511,26779197,431511,26347686,0,0
30960296,1567,1,4177033,30528451,30960296,431845,26783263,431845,26351418,0,0
30962249,120,1,3555137,30528723,30962249,433526,27407112,433526,26973586,0,0
30965526,835,1,3961920,30531870,30965526,433656,27003606,433656,26569950,0,0
30968124,1238,1,4173349,30532268,30968124,435856,26794775,435856,26358919,0,0
30971068,578,1,3756214,30533712,30971068,437356,27214854,437356,26777498,0,0
31270371,1390,1,4174069,30830003,31270371,440368,27096302,440368,26655934,0,0
31275982,1260,1,4173442,30831269,31275982,444713,27102540,444713,26657827,0,0
31278914,1545,1,4176937,30831694,31278914,447220,27101977,447220,26654757,0,0
31281545,1971,1,4181233,30832988,31281545,448557,27100312,448557,26651755,0,0
31282526,1144,1,4172936,30833808,31282526,448718,27109590,448718,26660872,0,0
31290782,1968,1,4181221,30841491,31290782,449291,27109561,449291,26660270,0,0
31294214,307,1,3679668,30841491,31294214,452723,27614546,452723,27161823,0,0
31299938,574,1,3756157,30842265,31299938,457673,27543781,457673,27086108,0,0
31302714,1795,1,4178073,30843294,31302714,459420,27124641,459420,26665221,0,0
31309351,1393,1,4174073,30848427,31309351,460924,27135278,460924,26674354,0,0
31314501,625,1,3816384,30853335,31314501,461166,27498117,461166,27036951,0,0
31318981,1278,1,4173556,30855497,31318981,463484,27145425,463484,26681941,0,0
31332522,1358,1,4173917,30862072,31332522,470450,27158605,470450,26688155,0,0
31338540,466,1,3746290,30865041,31338540,473499,27592250,473499,27118751,0,0
31343681,499,1,3746602,30866170,31343681,477511,27597079,477511,27119568,0,0
31345734,455,1,3746202,30868118,31345734,477616,27599532,477616,27121916,0,0
31350424,474,1,3746345,30872451,31350424,477973,27604079,477973,27126106,0,0
31354052,949,1,3998040,30875717,31354052,478335,27356012,478335,26877677,0,0
31357054,669,1,3927598,30877822,31357054,479232,27429456,479232,26950224,0,0
31357726,672,1,3927747,30878211,31357726,479515,27429979,479515,26950464,0,0
31361456,428,1,3745987,30881308,31361456,480148,27615469,480148,27135321,0,0
31365080,557,1,3747093,30884458,31365080,480622,27617987,480622,27137365,0,0
31368265,463,1,3746263,30887418,31368265,480847,27622002,480847,27141155,0,0
31371855,422,1,3745937,30890996,31371855,480859,27625918,480859,27145059,0,0
31372701,1374,1,4173993,30891555,31372701,481146,27198708,481146,26717562,0,0
31378359,397,1,3745759,30895155,31378359,483204,27632600,483204,27149396,0,0
31385690,349,1,3745310,30898019,31385690,487671,27640380,487671,27152709,0,0
31769548,611,4,3790542,31281545,31769548,488003,27979006,488003,27491003,0,0
31770546,1222,1,4173278,31281545,31770546,489001,27597268,489001,27108267,0,0
31772916,456,1,3746209,31281545,31772916,491371,28026707,491371,27535336,0,0
31774920,448,1,3746146,31281545,31774920,493375,28028774,493375,27535399,0,0
31775434,442,1,3746109,31281545,31775434,493889,28029325,493889,27535436,0,0
31781429,423,1,3745941,31281545,31781429,499884,28035488,499884,27535604,0,0
31782294,365,1,3745454,31281545,31782294,500749,28036840,500749,27536091,0,0
31794767,453,1,3746186,31281545,31794767,513222,28048581,513222,27535359,0,0
31796617,437,1,3746060,31281545,31796617,515072,28050557,515072,27535485,0,0
31796907,910,1,3962830,31281545,31796907,515362,27834077,515362,27318715,0,0
31815345,112,4,3538257,31299938,31815345,515407,28277088,515407,27761681,0,0
31815485,417,1,3745905,31299938,31815485,515547,28069580,515547,27554033,0,0
31816681,1381,1,4174022,31299938,31816681,516743,27642659,516743,27125916,0,0
31819190,876,1,3962325,31299938,31819190,519252,27856865,519252,27337613,0,0
31821626,1825,1,4180495,31299938,31821626,521688,27641131,521688,27119443,0,0
31822487,1812,1,4180417,31299938,31822487,522549,27642070,522549,27119521,0,0
31827027,171,1,3587805,31299938,31827027,527089,28239222,527089,27712133,0,0
31828364,1104,1,4172552,31299938,31828364,528426,27655812,528426,27127386,0,0
31830113,548,1,3747002,31299938,31830113,530175,28083111,530175,27552936,0,0
31835254,1056,1,4063608,31299938,31835254,535316,27771646,535316,27236330,0,0
31836702,857,1,3962122,31299938,31836702,536764,27874580,536764,27337816,0,0
32352477,952,8,3998825,31815345,32352477,537132,28353652,537132,27816520,0,0
32355486,1753,1,4177878,31815345,32355486,540141,28177608,540141,27637467,0,0
32358006,863,1,3962197,31815345,32358006,542661,28395809,542661,27853148,0,0
32361064,870,1,3962266,31815345,32361064,545719,28398798,545719,27853079,0,0
32361091,798,1,3961544,31815345,32361091,545746,28399547,545746,27853801,0,0
32364139,820,1,3961796,31815345,32364139,548794,28402343,548794,27853549,0,0
32367315,804,1,3961609,31815345,32367315,551970,28405706,551970,27853736,0,0
32371012,846,1,3962023,31815345,32371012,555667,28408989,555667,27853322,0,0
32372683,776,1,3961356,31815345,32372683,557338,28411327,557338,27853989,0,0
32376989,821,1,3961810,31815345,32376989,561644,28415179,561644,27853535,0,0
32377229,271,1,3654677,31815345,32377229,561884,28722552,561884,28160668,0,0
32378751,129,1,3566016,31815345,32378751,563406,28812735,563406,28249329,0,0
32379050,646,1,3874036,31815345,32379050,563705,28505014,563705,27941309,0,0
32379767,849,1,3962047,31815345,32379767,564422,28417720,564422,27853298,0,0
32380260,478,1,3746383,31815345,32380260,564915,28633877,564915,28068962,0,0
32380599,720,1,3960836,31815345,32380599,565254,28419763,565254,27854509,0,0
32380633,686,1,3960546,31815345,32380633,565288,28420087,565288,27854799,0,0
32381558,902,1,3962591,31815345,32381558,566213,28418967,566213,27852754,0,0
32383114,1783,1,4178019,31815345,32383114,567769,28205095,567769,27637326,0,0
32385033,691,1,3960580,31815345,32385033,569688,28424453,569688,27854765,0,0
32387139,848,1,3962030,31815345,32387139,571794,28425109,571794,27853315,0,0
32389925,828,1,3961863,31815345,32389925,574580,28428062,574580,27853482,0,0
32395762,1115,1,4172623,31815345,32395762,580417,28223139,580417,27642722,0,0
32396815,1704,1,4177642,31815345,32396815,581470,28219173,581470,27637703,0,0
32935260,913,8,3963501,32352477,32935260,582783,28971759,582783,28388976,0,0
32937657,765,1,3961223,32352477,32937657,585180,28976434,585180,28391254,0,0
32938458,984,1,4062582,32352477,32938458,585981,28875876,585981,28289895,0,0
32938897,839,1,3961958,32352477,32938897,586420,28976939,586420,28390519,0,0
32939087,1066,1,4063948,32352477,32939087,586610,28875139,586610,28288529,0,0
32939722,1064,1,4063930,32352477,32939722,587245,28875792,587245,28288547,0,0
32942420,1712,1,4177676,32352477,32942420,589943,28764744,589943,28174801,0,0
32951109,320,1,3724197,32352477,32951109,598632,29226912,598632,28628280,0,0
32965316,1817,1,4180449,32352477,32965316,612839,28784867,612839,28172028,0,0
32984118,441,1,3746100,32352477,32984118,631641,29238018,631641,28606377,0,0
32985868,537,1,3746922,32352477,32985868,633391,29238946,633391,28605555,0,0
32986717,544,1,3746982,32352477,32986717,634240,29239735,634240,28605495,0,0
32995597,998,1,4062828,32352477,32995597,643120,28932769,643120,28289649,0,0
33003663,987,1,4062626,32352477,33003663,651186,28941037,651186,28289851,0,0
33004978,435,1,3746035,32352477,33004978,652501,29258943,652501,28606442,0,0
33004995,420,1,3745919,32352477,33004995,652518,29259076,652518,28606558,0,0
33005325,985,1,4062586,32352477,33005325,652848,28942739,652848,28289891,0,0
33011128,388,1,3745663,32352477,33011128,658651,29265465,658651,28606814,0,0
33222000,27,1,2274866,2274866,33222000,30947134,30947134,30947134,0,0,0
33595703,1087,4,4143882,32935260,33595703,660443,29451821,660443,28791378,0,0
33596782,1672,1,4177505,32935260,33596782,661522,29419277,661522,28757755,0,0
33612635,368,1,3745498,32935260,33612635,677375,29867137,677375,29189762,0,0
33613747,479,1,3746400,32935260,33613747,678487,29867347,678487,29188860,0,0
33618067,419,1,3745914,32935260,33618067,682807,29872153,682807,29189346,0,0
33618152,381,1,3745608,32935260,33618152,682892,29872544,682892,29189652,0,0
33629314,449,1,3746173,32935260,33629314,694054,29883141,694054,29189087,0,0
33631695,413,1,3745887,32935260,33631695,696435,29885808,696435,29189373,0,0
33633588,434,1,3746034,32935260,33633588,698328,29887554,698328,29189226,0,0
33686707,645,1,3874024,32935260,33686707,751447,29812683,751447,29061236,0,0
33693013,115,1,3551250,32935260,33693013,757753,30141763,757753,29384010,0,0
33695501,628,1,3823198,32935260,33695501,760241,29872303,760241,29112062,0,0
33713420,1203,1,4173203,32935260,33713420,778160,29540217,778160,28762057,0,0
33725319,1055,1,4063607,32935260,33725319,790059,29661712,790059,28871653,0,0
33725668,586,1,3769658,32935260,33725668,790408,29956010,790408,29165602,0,0
33729236,588,1,3769662,32935260,33729236,793976,29959574,793976,29165598,0,0
33749733,1049,1,4063430,32935260,33749733,814473,29686303,814473,28871830,0,0
33755794,1551,1,4176964,32935260,33755794,820534,29578830,820534,28758296,0,0
34427103,315,4,3709672,33595703,34427103,831400,30717431,831400,29886031,0,0
34595089,310,4,3702039,33755794,34595089,839295,30893050,839295,30053755,0,0
35277318,919,4,3968653,34427103,35277318,850215,31308665,850215,30458450,0,0
35305407,986,1,4062608,34427103,35305407,878304,31242799,878304,30364495,0,0
35316407,1071,1,4064340,34427103,35316407,889304,31252067,889304,30362763,0,0
35326026,615,1,3806182,34427103,35326026,898923,31519844,898923,30620921,0,0
35329315,644,1,3873972,34427103,35329315,902212,31455343,902212,30553131,0,0
35330711,1062,1,4063859,34427103,35330711,903608,31266852,903608,30363244,0,0
35337455,590,1,3769670,34427103,35337455,910352,31567785,910352,30657433,0,0
35340022,1982,1,4181366,34427103,35340022,912919,31158656,912919,30245737,0,0
35341141,1030,1,4063202,34427103,35341141,914038,31277939,914038,30363901,0,0
35347166,1021,1,4063146,34427103,35347166,920063,31284020,920063,30363957,0,0
35352028,1080,1,4093944,34427103,35352028,924925,31258084,924925,30333159,0,0
35352128,276,1,3659789,34427103,35352128,925025,31692339,925025,30767314,0,0
35354400,123,1,3564060,34427103,35354400,927297,31790340,927297,30863043,0,0
35364307,1004,1,4062976,34427103,35364307,937204,31301331,937204,30364127,0,0
35368264,1584,1,4177117,34427103,35368264,941161,31191147,941161,30249986,0,0
35377858,842,1,3961992,34427103,35377858,950755,31415866,950755,30465111,0,0
35379421,1058,1,4063637,34427103,35379421,952318,31315784,952318,30363466,0,0
35379493,904,1,3962658,34427103,35379493,952390,31416835,952390,30464445,0,0
35399810,972,1,4062379,34427103,35399810,972707,31337431,972707,30364724,0,0
35402936,811,1,3961691,34427103,35402936,975833,31441245,975833,30465412,0,0
35404965,906,1,3962692,34427103,35404965,977862,31442273,977862,30464411,0,0
35419775,773,1,3961318,34427103,35419775,992672,31458457,992672,30465785,0,0
35424076,792,1,3961499,34427103,35424076,996973,31462577,996973,30465604,0,0
35429982,823,1,3961816,34427103,35429982,1002879,31468166,1002879,30465287,0,0
35434768,727,1,3960881,34427103,35434768,1007665,31473887,1007665,30466222,0,0
35436615,714,1,3960798,34427103,35436615,1009512,31475817,1009512,30466305,0,0
35445732,545,1,3746995,34427103,35445732,1018629,31698737,1018629,30680108,0,0
35461918,155,1,3575294,34427103,35461918,1034815,31886624,1034815,30851809,0,0
35462693,770,1,3961291,34427103,35462693,1035590,31501402,1035590,30465812,0,0
35464459,888,1,3962450,34427103,35464459,1037356,31502009,1037356,30464653,0,0
35469265,764,1,3961210,34427103,35469265,1042162,31508055,1042162,30465893,0,0
35481093,968,1,4062357,34427103,35481093,1053990,31418736,1053990,30364746,0,0
35487862,705,1,3960677,34427103,35487862,1060759,31527185,1060759,30466426,0,0
35489982,694,1,3960605,34427103,35489982,1062879,31529377,1062879,30466498,0,0
35492611,336,1,3740084,34427103,35492611,1065508,31752527,1065508,30687019,0,0
35500673,527,1,3746837,34427103,35500673,1073570,31753836,1073570,30680266,0,0
35691827,593,4,3778324,34595089,35691827,1096738,31913503,1096738,30816765,0,0
35694369,107,1,3509664,34595089,35694369,1099280,32184705,1099280,31085425,0,0
35701491,459,1,3746238,34595089,35701491,1106402,31955253,1106402,30848851,0,0
35707458,538,1,3746934,34595089,35707458,1112369,31960524,1112369,30848155,0,0
35710153,495,1,3746573,34595089,35710153,1115064,31963580,1115064,30848516,0,0
35713409,181,1,3615055,34595089,35713409,1118320,32098354,1118320,30980034,0,0
35715031,179,1,3612318,34595089,35715031,1119942,32102713,1119942,30982771,0,0
35715908,518,1,3746756,34595089,35715908,1120819,31969152,1120819,30848333,0,0
35722753,467,1,3746294,34595089,35722753,1127664,31976459,1127664,30848795,0,0
35744983,127,1,3565275,34595089,35744983,1149894,32179708,1149894,31029814,0,0
36436269,443,1,3746113,35277318,36436269,1158951,32690156,1158951,31531205,0,0
36456471,469,1,3746320,35277318,36456471,1179153,32710151,1179153,31530998,0,0
36459015,361,1,3745423,35277318,36459015,1181697,32713592,1181697,31531895,0,0
36465375,369,1,3745500,35277318,36465375,1188057,32719875,1188057,31531818,0,0
36515339,145,1,3572960,35305407,36515339,1209932,32942379,1209932,31732447,0,0
36526968,458,1,3746232,35316407,36526968,1210561,32780736,1210561,31570175,0,0
36542770,576,1,3756179,35326026,36542770,1216744,32786591,1216744,31569847,0,0
36552415,387,1,3745654,35329315,36552415,1223100,32806761,1223100,31583661,0,0
36554192,1083,1,4093968,35330711,36554192,1223481,32460224,1223481,31236743,0,0
36567733,379,1,3745595,35337455,36567733,1230278,32822138,1230278,31591860,0,0
36574389,359,1,3745399,35340022,36574389,1234367,32828990,1234367,31594623,0,0
36583503,1876,1,4180721,35341141,36583503,1242362,32402782,1242362,31160420,0,0
36595701,636,1,3833006,35347166,36595701,1248535,32762695,1248535,31514160,0,0
36623291,337,1,3740191,35352028,36623291,1271263,32883100,1271263,31611837,0,0
36659700,39,1,2593223,2593223,36659700,34066477,34066477,34066477,0,0,0
36693778,908,1,3962748,35352128,36693778,1341650,32731030,1341650,31389380,0,0
36720373,864,1,3962200,35354400,36720373,1365973,32758173,1365973,31392200,0,0
36741112,1033,1,4063214,35364307,36741112,1376805,32677898,1376805,31301093,0,0
36755216,1012,1,4063081,35368264,36755216,1386952,32692135,1386952,31305183,0,0
36769884,1008,1,4063064,35377858,36769884,1392026,32706820,1392026,31314794,0,0
36799395,818,1,3961771,35379421,36799395,1419974,32837624,1419974,31417650,0,0
36807765,803,1,3961596,35379493,36807765,1428272,32846169,1428272,31417897,0,0
36829187,991,1,4062716,35399810,36829187,1429377,32766471,1429377,31337094,0,0
36838898,340,1,3741326,35402936,36838898,1435962,33097572,1435962,31661610,0,0
36866779,717,1,3960809,35404965,36866779,1461814,32905970,1461814,31444156,0,0
36885058,710,1,3960755,35419775,36885058,1465283,32924303,1465283,31459020,0,0
36894803,707,1,3960727,35424076,36894803,1470727,32934076,1470727,31463349,0,0
36902377,690,1,3960562,35429982,36902377,1472395,32941815,1472395,31469420,0,0
36908430,869,1,3962260,35434768,36908430,1473662,32946170,1473662,31472508,0,0
36910810,689,1,3960557,35436615,36910810,1474195,32950253,1474195,31476058,0,0
36930559,957,1,4003381,35445732,36930559,1484827,32927178,1484827,31442351,0,0
36989939,901,1,3962586,35461918,36989939,1528021,33027353,1528021,31499332,0,0
36998291,882,1,3962406,35462693,36998291,1535598,33035885,1535598,31500287,0,0
37011545,841,1,3961981,35464459,37011545,1547086,33049564,1547086,31502478,0,0
37026515,139,1,3569055,35469265,37026515,1557250,33457460,1557250,31900210,0,0
37255729,591,4,3773175,35691827,37255729,1563902,33482554,1563902,31918652,0,0
37257210,536,1,3746910,35691827,37257210,1565383,33510300,1565383,31944917,0,0
37262035,867,1,3962222,35691827,37262035,1570208,33299813,1570208,31729605,0,0
37281540,802,1,3961590,35691827,37281540,1589713,33319950,1589713,31730237,0,0
37286722,791,1,3961490,35691827,37286722,1594895,33325232,1594895,31730337,0,0
37288677,789,1,3961483,35691827,37288677,1596850,33327194,1596850,31730344,0,0
37291806,772,1,3961312,35694369,37291806,1597437,33330494,1597437,31733057,0,0
37307336,769,1,3961273,35701491,37307336,1605845,33346063,1605845,31740218,0,0
37315112,754,1,3961119,35707458,37315112,1607654,33353993,1607654,31746339,0,0
37327192,742,1,3961024,35710153,37327192,1617039,33366168,1617039,31749129,0,0
37347677,564,1,3747309,35713409,37347677,1634268,33600368,1634268,31966100,0,0
37349869,546,1,3746998,35715031,37349869,1634838,33602871,1634838,31968033,0,0
37386264,631,1,3828327,35715908,37386264,1670356,33557937,1670356,31887581,0,0
37411154,430,1,3746009,35722753,37411154,1688401,33665145,1688401,31976744,0,0
37462799,403,1,3745808,35744983,37462799,1717816,33716991,1717816,31999175,0,0
38138922,37,1,2592337,2592337,38138922,35546585,35546585,35546585,0,0,0
38158602,1063,1,4063930,36436269,38158602,1722333,34094672,1722333,32372339,0,0
38243918,362,1,3745431,36456471,38243918,1787447,34498487,1787447,32711040,0,0
38251687,358,1,3745392,36459015,38251687,1792672,34506295,1792672,32713623,0,0
38267099,519,1,3746775,36465375,38267099,1801724,34520324,1801724,32718600,0,0
38317093,1045,1,4063413,36515339,38317093,1801754,34253680,1801754,32451926,0,0
38350885,485,1,3746473,36526968,38350885,1823917,34604412,1823917,32780495,0,0
38371869,508,1,3746679,36542770,38371869,1829099,34625190,1829099,32796091,0,0
38396461,1002,1,4062889,36552415,38396461,1844046,34333572,1844046,32489526,0,0
38411284,1005,1,4062995,36554192,38411284,1857092,34348289,1857092,32491197,0,0
38426651,486,1,3746489,36567733,38426651,1858918,34680162,1858918,32821244,0,0
38435165,488,1,3746504,36574389,38435165,1860776,34688661,1860776,32827885,0,0
38451465,452,1,3746184,36583503,38451465,1867962,34705281,1867962,32837319,0,0
38475395,427,1,3745986,36595701,38475395,1879694,34729409,1879694,32849715,0,0
40155056,1073,8,4077849,38267099,40155056,1887957,36077207,1887957,34189250,0,0
40155690,373,1,3745546,38267099,40155690,1888591,36410144,1888591,34521553,0,0
40161608,994,1,4062762,38267099,40161608,1894509,36098846,1894509,34204337,0,0
40214078,971,1,4062375,38267099,40214078,1946979,36151703,1946979,34204724,0,0
40244431,580,1,3756218,38267099,40244431,1977332,36488213,1977332,34510881,0,0
40258200,1054,1,4063600,38267099,40258200,1991101,36194600,1991101,34203499,0,0
40324381,1060,1,4063638,38267099,40324381,2057282,36260743,2057282,34203461,0,0
41178193,65,1,2950237,2950237,41178193,38227956,38227956,38227956,0,0,0
41616300,45,1,2597371,2597371,41616300,39018929,39018929,39018929,0,0,0
42225223,914,8,3963533,40155056,42225223,2070167,38261690,2070167,36191523,0,0
42254453,1047,1,4063422,40155056,42254453,2099397,38191031,2099397,36091634,0,0
42254787,1043,1,4063379,40155056,42254787,2099731,38191408,2099731,36091677,0,0
42256960,1042,1,4063361,40155056,42256960,2101904,38193599,2101904,36091695,0,0
42275176,1038,1,4063292,40155056,42275176,2120120,38211884,2120120,36091764,0,0
42287673,626,1,3819993,40155056,42287673,2132617,38467680,2132617,36335063,0,0
42329200,889,1,3962457,40155056,42329200,2174144,38366743,2174144,36192599,0,0
42332293,743,1,3961039,40155056,42332293,2177237,38371254,2177237,36194017,0,0
42333609,744,1,3961053,40155056,42333609,2178553,38372556,2178553,36194003,0,0
42338637,334,1,3739980,40155056,42338637,2183581,38598657,2183581,36415076,0,0
42354996,706,1,3960680,40155056,42354996,2199940,38394316,2199940,36194376,0,0
42358221,862,1,3962197,40155056,42358221,2203165,38396024,2203165,36192859,0,0
42362498,688,1,3960553,40155056,42362498,2207442,38401945,2207442,36194503,0,0
44450697,182,4,3621198,42225223,44450697,2225474,40829499,2225474,38604025,0,0
44453050,1074,1,4082659,42225223,44453050,2227827,40370391,2227827,38142564,0,0
44472543,473,1,3746339,42225223,44472543,2247320,40726204,2247320,38478884,0,0
44485933,877,1,3962331,42225223,44485933,2260710,40523602,2260710,38262892,0,0
44487439,844,1,3962002,42225223,44487439,2262216,40525437,2262216,38263221,0,0
44514856,731,1,3960909,42225223,44514856,2289633,40553947,2289633,38264314,0,0
44528102,140,1,3569099,42225223,44528102,2302879,40959003,2302879,38656124,0,0
44533613,589,1,3769663,42225223,44533613,2308390,40763950,2308390,38455560,0,0
44536713,840,1,3961969,42225223,44536713,2311490,40574744,2311490,38263254,0,0
44548045,549,1,3747023,42225223,44548045,2322822,40801022,2322822,38478200,0,0
44593445,751,1,3961091,42225223,44593445,2368222,40632354,2368222,38264132,0,0
44599470,481,1,3746422,42225223,44599470,2374247,40853048,2374247,38478801,0,0
44662575,566,1,3747311,42225223,44662575,2437352,40915264,2437352,38477912,0,0
44670694,892,1,3962498,42225223,44670694,2445471,40708196,2445471,38262725,0,0
44686805,533,1,3746899,42225223,44686805,2461582,40939906,2461582,38478324,0,0
44696798,750,1,3961082,42225223,44696798,2471575,40735716,2471575,38264141,0,0
44700671,767,1,3961236,42225223,44700671,2475448,40739435,2475448,38263987,0,0
44715015,116,1,3551333,42225223,44715015,2489792,41163682,2489792,38673890,0,0
44719790,829,1,3961866,42225223,44719790,2494567,40757924,2494567,38263357,0,0
44733553,813,1,3961718,42225223,44733553,2508330,40771835,2508330,38263505,0,0
44737573,784,1,3961439,42225223,44737573,2512350,40776134,2512350,38263784,0,0
44738965,806,1,3961614,42225223,44738965,2513742,40777351,2513742,38263609,0,0
44744841,795,1,3961526,42225223,44744841,2519618,40783315,2519618,38263697,0,0
44746851,799,1,3961550,42225223,44746851,2521628,40785301,2521628,38263673,0,0
46348624,29,1,2449642,2449642,46348624,43898982,43898982,43898982,0,0,0
46972616,312,4,3704512,44450697,46972616,2521919,43268104,2521919,40746185,0,0
46978348,432,1,3746025,44450697,46978348,2527651,43232323,2527651,40704672,0,0
46982441,684,1,3960355,44450697,46982441,2531744,43022086,2531744,40490342,0,0
46990340,778,1,3961394,44450697,46990340,2539643,43028946,2539643,40489303,0,0
46992759,391,1,3745694,44450697,46992759,2542062,43247065,2542062,40705003,0,0
46995260,400,1,3745779,44450697,46995260,2544563,43249481,2544563,40704918,0,0
47003832,585,1,3769636,44450697,47003832,2553135,43234196,2553135,40681061,0,0
47024675,431,1,3746016,44450697,47024675,2573978,43278659,2573978,40704681,0,0
47037040,687,1,3960550,44450697,47037040,2586343,43076490,2586343,40490147,0,0
47041292,865,1,3962202,44450697,47041292,2590595,43079090,2590595,40488495,0,0
47054900,817,1,3961771,44450697,47054900,2604203,43093129,2604203,40488926,0,0
47057183,492,1,3746536,44450697,47057183,2606486,43310647,2606486,40704161,0,0
47080807,447,1,3746144,44450697,47080807,2630110,43334663,2630110,40704553,0,0
47105955,503,1,3746629,44450697,47105955,2655258,43359326,2655258,40704068,0,0
47113710,392,1,3745699,44450697,47113710,2663013,43368011,2663013,40704998,0,0
47132372,747,1,3961070,44450697,47132372,2681675,43171302,2681675,40489627,0,0
47135218,512,1,3746704,44450697,47135218,2684521,43388514,2684521,40703993,0,0
47202853,416,1,3745895,44450697,47202853,2752156,43456958,2752156,40704802,0,0
47203211,436,1,3746057,44450697,47203211,2752514,43457154,2752514,40704640,0,0
47227884,399,1,3745776,44450697,47227884,2777187,43482108,2777187,40704921,0,0
47257024,149,1,3574639,44450697,47257024,2806327,43682385,2806327,40876058,0,0
47325124,494,1,3746555,44450697,47325124,2874427,43578569,2874427,40704142,0,0
47406694,521,1,3746777,44450697,47406694,2955997,43659917,2955997,40703920,0,0
47460507,374,1,3745556,44450697,47460507,3009810,43714951,3009810,40705141,0,0
47473110,355,1,3745366,44450697,47473110,3022413,43727744,3022413,40705331,0,0
47476203,350,1,3745314,44450697,47476203,3025506,43730889,3025506,40705383,0,0
47566819,418,1,3745914,44450697,47566819,3116122,43820905,3116122,40704783,0,0
47575633,390,1,3745678,44450697,47575633,3124936,43829955,3124936,40705019,0,0
47606869,352,1,3745338,44450697,47606869,3156172,43861531,3156172,40705359,0,0
47613030,1075,1,4085427,44450697,47613030,3162333,43527603,3162333,40365270,0,0
47742163,1028,2,4063199,44514856,47742163,3227307,43678964,3227307,40451657,0,0
47816209,907,1,3962699,44514856,47816209,3301353,43853510,3301353,40552157,0,0
47844600,563,1,3747308,44514856,47844600,3329744,44097292,3329744,40767548,0,0
47850429,873,1,3962292,44514856,47850429,3335573,43888137,3335573,40552564,0,0
47964506,945,1,3997223,44528102,47964506,3436404,43967283,3436404,40530879,0,0
47975410,543,1,3746977,44533613,47975410,3441797,44228433,3441797,40786636,0,0
48012299,843,1,3961996,44536713,48012299,3475586,44050303,3475586,40574717,0,0
48059980,643,1,3846746,44548045,48059980,3511935,44213234,3511935,40701299,0,0
48186355,1019,2,4063114,44599470,48186355,3586885,44123241,3586885,40536356,0,0
48287349,696,1,3960615,44662575,48287349,3624774,44326734,3624774,40701960,0,0
48314899,836,1,3961935,44670694,48314899,3644205,44352964,3644205,40708759,0,0
48400882,332,1,3739856,44686805,48400882,3714077,44661026,3714077,40946949,0,0
48500218,109,1,3510998,44696798,48500218,3803420,44989220,3803420,41185800,0,0
48634283,121,1,3556468,44700671,48634283,3933612,45077815,3933612,41144203,0,0
48693635,173,1,3598054,44715015,48693635,3978620,45095581,3978620,41116961,0,0
49696617,42,1,2595255,2595255,49696617,47101362,47101362,47101362,0,0,0
50277273,11,4,1487280,1487280,50277273,48789993,48789993,48789993,0,0,0
50456280,87,2,3197839,3197839,50456280,47258441,47258441,47258441,0,0,0
51011280,114,4,3539025,46972616,51011280,4038664,47472255,4038664,43433591,0,0
51025739,497,1,3746594,46972616,51025739,4053123,47279145,4053123,43226022,0,0
51122787,412,1,3745874,46972616,51122787,4150171,47376913,4150171,43226742,0,0
51264418,460,1,3746251,46972616,51264418,4291802,47518167,4291802,43226365,0,0
51292054,440,1,3746090,46972616,51292054,4319438,47545964,4319438,43226526,0,0
51337825,396,1,3745737,46972616,51337825,4365209,47592088,4365209,43226879,0,0
51404456,1020,2,4063139,46982441,51404456,4422015,47341317,4422015,42919302,0,0
52622331,1086,4,4138938,48186355,52622331,4435976,48483393,4435976,44047417,0,0
52629625,13,2,1537172,1537172,52629625,51092453,51092453,51092453,0,0,0
52745362,522,1,3746783,48186355,52745362,4559007,48998579,4559007,44439572,0,0
52904922,760,1,3961180,48186355,52904922,4718567,48943742,4718567,44225175,0,0
52917968,762,1,3961187,48186355,52917968,4731613,48956781,4731613,44225168,0,0
52951515,853,1,3962087,48186355,52951515,4765160,48989428,4765160,44224268,0,0
52958760,190,2,3630424,48186355,52958760,4772405,49328336,4772405,44555931,0,0
53914076,67,1,2964979,2964979,53914076,50949097,50949097,50949097,0,0,0
55768462,83,1,3147031,3147031,55768462,52621431,52621431,52621431,0,0,0
55831270,955,8,3999587,51011280,55831270,4819990,51831683,4819990,47011693,0,0
55937501,634,1,3831777,51011280,55937501,4926221,52105724,4926221,47179503,0,0
55967109,758,1,3961161,51011280,55967109,4955829,52005948,4955829,47050119,0,0
55979151,748,1,3961071,51011280,55979151,4967871,52018080,4967871,47050209,0,0
56006533,728,1,3960899,51011280,56006533,4995253,52045634,4995253,47050381,0,0
56046101,573,1,3755066,51011280,56046101,5034821,52291035,5034821,47256214,0,0
56176988,1085,1,4094141,51011280,56176988,5165708,52082847,5165708,46917139,0,0
56273143,900,1,3962569,51011280,56273143,5261863,52310574,5261863,47048711,0,0
56318199,498,1,3746598,51011280,56318199,5306919,52571601,5306919,47264682,0,0
56373966,554,1,3747063,51011280,56373966,5362686,52626903,5362686,47264217,0,0
56375159,147,1,3574004,51011280,56375159,5363879,52801155,5363879,47437276,0,0
56397983,833,1,3961899,51011280,56397983,5386703,52436084,5386703,47049381,0,0
56405003,785,1,3961453,51011280,56405003,5393723,52443550,5393723,47049827,0,0
56512739,450,1,3746173,51011280,56512739,5501459,52766566,5501459,47265107,0,0
56538534,745,1,3961056,51011280,56538534,5527254,52577478,5527254,47050224,0,0
56568018,948,1,3997939,51011280,56568018,5556738,52570079,5556738,47013341,0,0
56575244,383,1,3745624,51011280,56575244,5563964,52829620,5563964,47265656,0,0
56576247,333,1,3739943,51011280,56576247,5564967,52836304,5564967,47271337,0,0
56578826,1076,1,4093902,51011280,56578826,5567546,52484924,5567546,46917378,0,0
56633125,824,1,3961825,51011280,56633125,5621845,52671300,5621845,47049455,0,0
56856903,704,1,3960669,51011280,56856903,5845623,52896234,5845623,47050611,0,0
56864833,357,1,3745374,51011280,56864833,5853553,53119459,5853553,47265906,0,0
56948653,528,1,3746843,51011280,56948653,5937373,53201810,5937373,47264437,0,0
56958514,559,1,3747107,51011280,56958514,5947234,53211407,5947234,47264173,0,0
57129767,571,1,3747840,51011280,57129767,6118487,53381927,6118487,47263440,0,0
57162403,501,1,3746618,51011280,57162403,6151123,53415785,6151123,47264662,0,0
57179283,558,1,3747098,51011280,57179283,6168003,53432185,6168003,47264182,0,0
57209866,471,1,3746330,51011280,57209866,6198586,53463536,6198586,47264950,0,0
57247135,468,1,3746306,51011280,57247135,6235855,53500829,6235855,47264974,0,0
57271869,547,1,3746999,51011280,57271869,6260589,53524870,6260589,47264281,0,0
57293919,172,1,3591558,51011280,57293919,6282639,53702361,6282639,47419722,0,0
57315161,17,1,2003517,2003517,57315161,55311644,55311644,55311644,0,0,0
57396543,444,1,3746127,51011280,57396543,6385263,53650416,6385263,47265153,0,0
57399049,461,1,3746260,51011280,57399049,6387769,53652789,6387769,47265020,0,0
57469575,405,1,3745817,51011280,57469575,6458295,53723758,6458295,47265463,0,0
57490131,370,1,3745515,51011280,57490131,6478851,53744616,6478851,47265765,0,0
57521216,555,1,3747065,51011280,57521216,6509936,53774151,6509936,47264215,0,0
57680484,462,1,3746261,51011280,57680484,6669204,53934223,6669204,47265019,0,0
57829486,633,1,3831552,51011280,57829486,6818206,53997934,6818206,47179728,0,0
57970526,570,1,3747524,51011280,57970526,6959246,54223002,6959246,47263756,0,0
58074807,33,4,2532663,2532663,58074807,55542144,55542144,55542144,0,0,0
58433583,93,1,3348382,3348382,58433583,55085201,55085201,55085201,0,0,0
60022377,9,1,1362192,1362192,60022377,58660185,58660185,58660185,0,0,0
62807556,915,8,3963544,55831270,62807556,6976286,58844012,6976286,51867726,0,0
63779216,920,1,3968929,55831270,63779216,7947946,59810287,7947946,51862341,0,0
63829311,137,1,3568406,55831270,63829311,7998041,60260905,7998041,52262864,0,0
64023159,135,1,3568044,55831270,64023159,8191889,60455115,8191889,52263226,0,0
64040235,60,1,2777576,2777576,64040235,61262659,61262659,61262659,0,0,0
65180144,1027,2,4063194,55831270,65180144,9348874,61116950,9348874,51768076,0,0
65267057,106,1,3509374,55831270,65267057,9435787,61757683,9435787,52321896,0,0
65436849,16,1,1896806,1896806,65436849,63540043,63540043,63540043,0,0,0
65809640,921,2,3973578,55831270,65809640,9978370,61836062,9978370,51857692,0,0
66481317,105,1,3509351,55831270,66481317,10650047,62971966,10650047,52321919,0,0
67075267,929,4,3980461,55831270,67075267,11243997,63094806,11243997,51850809,0,0
67155722,308,1,3679672,55831270,67155722,11324452,63476050,11324452,52151598,0,0
69004046,28,1,2449488,2449488,69004046,66554558,66554558,66554558,0,0,0
69205372,324,1,3726225,55831270,69205372,13374102,65479147,13374102,52105045,0,0
69298124,265,1,3652759,55831270,69298124,13466854,65645365,13466854,52178511,0,0
70179194,673,1,3927772,55831270,70179194,14347924,66251422,14347924,51903498,0,0
71606266,95,1,3360721,3360721,71606266,68245545,68245545,68245545,0,0,0
72925097,188,4,3630214,58074807,72925097,14850290,69294883,14850290,54444593,0,0
73217415,612,1,3790927,58074807,73217415,15142608,69426488,15142608,54283880,0,0
73305537,941,1,3987760,58074807,73305537,15230730,69317777,15230730,54087047,0,0
74134807,78,1,3106680,3106680,74134807,71028127,71028127,71028127,0,0,0
78131117,193,4,3637273,62807556,78131117,15323561,74493844,15323561,59170283,0,0
78357403,1025,2,4063180,62807556,78357403,15549847,74294223,15549847,58744376,0,0
83044551,192,4,3637262,67075267,83044551,15969284,79407289,15969284,63438005,0,0
84089505,138,1,3568584,67075267,84089505,17014238,80520921,17014238,63506683,0,0
84939610,306,1,3679667,67075267,84939610,17864343,81259943,17864343,63395600,0,0
85183756,922,2,3973590,67075267,85183756,18108489,81210166,18108489,63101677,0,0
85418766,99,1,3376792,3376792,85418766,82041974,82041974,82041974,0,0,0
86023445,639,1,3846677,67075267,86023445,18948178,82176768,18948178,63228590,0,0
86844713,640,1,3846717,67075267,86844713,19769446,82997996,19769446,63228550,0,0
87888987,624,1,3815608,67075267,87888987,20813720,84073379,20813720,63259659,0,0
88171338,623,1,3815527,67075267,88171338,21096071,84355811,21096071,63259740,0,0
88731940,329,1,3739720,67075267,88731940,21656673,84992220,21656673,63335547,0,0
89276650,15,1,1559948,1559948,89276650,87716702,87716702,87716702,0,0,0
92403509,26,1,2113144,2113144,92403509,90290365,90290365,90290365,0,0,0
94594902,317,4,3710144,70179194,94594902,24415708,90884758,24415708,66469050,0,0
95097332,330,1,3739756,70179194,95097332,24918138,91357576,24918138,66439438,0,0
97534732,82,1,3129852,3129852,97534732,94404880,94404880,94404880,0,0,0
99546568,19,1,2026073,2026073,99546568,97520495,97520495,97520495,0,0,0
99743529,183,4,3622101,72925097,99743529,26818432,96121428,26818432,69302996,0,0
100347020,953,1,3999448,72925097,100347020,27421923,96347572,27421923,68925649,0,0
105687929,77,1,3086292,3086292,105687929,102601637,102601637,102601637,0,0,0
106080909,94,1,3360689,3360689,106080909,102720220,102720220,102720220,0,0,0
108256349,113,4,3539024,78131117,108256349,30125232,104717325,30125232,74592093,0,0
115216716,668,1,3927597,78131117,115216716,37085599,111289119,37085599,74203520,0,0
116339894,48,1,2635455,2635455,116339894,113704439,113704439,113704439,0,0,0
116902807,335,1,3740001,78131117,116902807,38771690,113162806,38771690,74391116,0,0
119421384,670,1,3927628,78131117,119421384,41290267,115493756,41290267,74203489,0,0
120181423,144,1,3572850,78131117,120181423,42050306,116608573,42050306,74558267,0,0
124875315,189,4,3630251,78357403,124875315,46517912,121245064,46517912,74727152,0,0
128799244,20,1,2026383,2026383,128799244,126772861,126772861,126772861,0,0,0
133289286,69,1,3000159,3000159,133289286,130289127,130289127,130289127,0,0,0
133518474,331,1,3739855,78357403,133518474,55161071,129778619,55161071,74617548,0,0
141500566,946,1,3997242,78357403,141500566,63143163,137503324,63143163,74360161,0,0
143436003,103,2,3473876,3473876,143436003,139962127,139962127,139962127,0,0,0
144971443,84,1,3148287,3148287,144971443,141823156,141823156,141823156,0,0,0
147056530,31,1,2486553,2486553,147056530,144569977,144569977,144569977,0,0,0
147367842,75,1,3046811,3046811,147367842,144321031,144321031,144321031,0,0,0
154436586,187,2,3629169,78357403,154436586,76079183,150807417,76079183,74728234,0,0
157042200,191,2,3633062,78357403,157042200,78684797,153409138,78684797,74724341,0,0
159707369,36,1,2592271,2592271,159707369,157115098,157115098,157115098,0,0,0
165274287,59,1,2770101,2770101,165274287,162504186,162504186,162504186,0,0,0
179946566,316,4,3709729,83044551,179946566,96902015,176236837,96902015,79334822,0,0
191411428,311,4,3704458,85418766,191411428,105992662,187706970,105992662,81714308,0,0
207151981,642,1,3846744,85418766,207151981,121733215,203305237,121733215,81572022,0,0
210534536,40,1,2593602,2593602,210534536,207940934,207940934,207940934,0,0,0
211940374,264,1,3652672,85418766,211940374,126521608,208287702,126521608,81766094,0,0
213998613,167,1,3579062,85418766,213998613,128579847,210419551,128579847,81839704,0,0
227863446,23,1,2097261,2097261,227863446,225766185,225766185,225766185,0,0,0
229599504,608,4,3787189,94594902,229599504,135004602,225812315,135004602,90807713,0,0
230674267,90,1,3257189,3257189,230674267,227417078,227417078,227417078,0,0,0
234327393,52,1,2669417,2669417,234327393,231657976,231657976,231657976,0,0,0
237042111,635,1,3831780,94594902,237042111,142447209,233210331,142447209,90763122,0,0
259705672,61,1,2877615,2877615,259705672,256828057,256828057,256828057,0,0,0
283929375,3,1,289185,289185,283929375,283640190,283640190,283640190,0,0,0
284494624,88,1,3210601,3210601,284494624,281284023,281284023,281284023,0,0,0
306881859,641,1,3846742,94594902,306881859,212286957,303035117,212286957,90748160,0,0
313867941,80,1,3129585,3129585,313867941,310738356,310738356,310738356,0,0,0
339181677,12,4,1494845,1494845,339181677,337686832,337686832,337686832,0,0,0
353341087,35,1,2580746,2580746,353341087,350760341,350760341,350760341,0,0,0
369472225,51,1,2663374,2663374,369472225,366808851,366808851,366808851,0,0,0
438755240,136,1,3568314,94594902,438755240,344160338,435186926,344160338,91026588,0,0
438811686,134,1,3567705,94594902,438811686,344216784,435243981,344216784,91027197,0,0
474066984,81,1,3129645,3129645,474066984,470937339,470937339,470937339,0,0,0
514637545,50,1,2663373,2663373,514637545,511974172,511974172,511974172,0,0,0
562303480,43,1,2595591,2595591,562303480,559707889,559707889,559707889,0,0,0
616705095,5,1,291876,291876,616705095,616413219,616413219,616413219,0,0,0
691659570,46,1,2614324,2614324,691659570,689045246,689045246,689045246,0,0,0
736002708,6,4,786808,786808,736002708,735215900,735215900,735215900,0,0,0
739860515,14,4,1537243,1537243,739860515,738323272,738323272,738323272,0,0,0
806901182,44,1,2597361,2597361,806901182,804303821,804303821,804303821,0,0,0
847968566,10,2,1452854,1452854,847968566,846515712,846515712,846515712,0,0,0
869397499,34,1,2532908,2532908,869397499,866864591,866864591,866864591,0,0,0
