time,job_id,num_gpu,submit_time,start_time,end_time,executed_time,JCT,duration,pending_time,preempt,promote
618920,1,1,303,303,618920,618617,618617,618617,0,0,0
678979,24,4,677527,677527,678979,1452,1452,1452,0,0,0
686451,30,4,685458,685458,686451,993,993,993,0,0,0
689538,25,4,677552,677552,689538,11986,11986,11986,0,0,0
703043,41,4,702387,702387,703043,656,656,656,0,0,0
706442,32,8,691530,691530,706442,14912,14912,14912,0,0,0
710902,22,1,659689,659689,710902,51213,51213,51213,0,0,0
722516,42,1,707298,707298,722516,15218,15218,15218,0,0,0
746173,21,4,659244,659244,746173,86929,86929,86929,0,0,0
764185,28,1,681960,681960,764185,82225,82225,82225,0,0,0
767080,47,4,752051,752051,767080,15029,15029,15029,0,0,0
772317,55,1,770172,770172,772317,2145,2145,2145,0,0,0
772476,53,1,770107,770107,772476,2369,2369,2369,0,0,0
785082,58,1,784631,784631,785082,451,451,451,0,0,0
789453,49,1,758467,758467,789453,30986,30986,30986,0,0,0
797570,63,1,790989,790989,797570,6581,6581,6581,0,0,0
797872,64,8,791731,791731,797872,6141,6141,6141,0,0,0
799004,54,1,770166,770166,799004,28838,28838,28838,0,0,0
799132,27,1,681903,681903,799132,117229,117229,117229,0,0,0
816350,62,1,788131,788131,816350,28219,28219,28219,0,0,0
868412,29,1,682053,682053,868412,186359,186359,186359,0,0,0
875735,76,1,859912,859912,875735,15823,15823,15823,0,0,0
881966,66,1,797852,797852,881966,84114,84114,84114,0,0,0
887837,79,1,860230,860230,887837,27607,27607,27607,0,0,0
892586,38,1,699991,699991,892586,192595,192595,192595,0,0,0
893892,68,1,828427,828427,893892,65465,65465,65465,0,0,0
915278,34,4,698186,698186,915278,217092,217092,217092,0,0,0
947099,86,1,916069,916069,947099,31030,31030,31030,0,0,0
956029,26,1,681808,681808,956029,274221,274221,274221,0,0,0
964065,77,1,859942,859942,964065,104123,104123,104123,0,0,0
990991,78,1,860177,860177,990991,130814,130814,130814,0,0,0
993008,85,8,914753,914753,993008,78255,78255,78255,0,0,0
1004724,43,1,731609,731609,1004724,273115,273115,273115,0,0,0
1015358,52,1,770107,770107,1015358,245251,245251,245251,0,0,0
1097215,33,8,691532,691532,1097215,405683,405683,405683,0,0,0
1138849,88,8,919520,993008,1138849,145841,219329,145841,73488,0,0
1140549,45,1,737715,737715,1140549,402834,402834,402834,0,0,0
1158807,61,1,788129,788129,1158807,370678,370678,370678,0,0,0
1159385,87,8,916934,916934,1159385,242451,242451,242451,0,0,0
1165221,51,1,769898,769898,1165221,395323,395323,395323,0,0,0
1172546,92,8,927085,1159385,1172546,13161,245461,13161,232300,0,0
1175128,91,8,927061,1138849,1175128,36279,248067,36279,211788,0,0
1187870,101,4,942406,1175128,1187870,12742,245464,12742,232722,0,0
1200020,100,1,939909,1172546,1200020,27474,260111,27474,232637,0,0
1210690,89,8,920721,1097215,1210690,113475,289969,113475,176494,0,0
1258097,48,4,756463,756463,1258097,501634,501634,501634,0,0,0
1269195,104,4,945005,1210690,1269195,58505,324190,58505,265685,0,0
1274161,102,8,943745,1187870,1274161,86291,330416,86291,244125,0,0
1279592,95,1,933847,1159385,1279592,120207,345745,120207,225538,0,0
1295308,106,1,949480,1269195,1295308,26113,345828,26113,319715,0,0
1320956,107,4,951714,1274161,1320956,46795,369242,46795,322447,0,0
1337081,90,1,925798,1097215,1337081,239866,411283,239866,171417,0,0
1344977,56,1,777378,777378,1344977,567599,567599,567599,0,0,0
1354921,99,4,938126,1172546,1354921,182375,416795,182375,234420,0,0
1384884,96,8,934096,1172546,1384884,212338,450788,212338,238450,0,0
1415650,93,1,928926,1159385,1415650,256265,486724,256265,230459,0,0
1525047,110,4,952575,1354921,1525047,170126,572472,170126,402346,0,0
1552099,57,1,784329,784329,1552099,767770,767770,767770,0,0,0
1558915,112,8,953698,1384884,1558915,174031,605217,174031,431186,0,0
1601259,111,1,953581,1354921,1601259,246338,647678,246338,401340,0,0
1679282,18,1,497648,497648,1679282,1181634,1181634,1181634,0,0,0
1703411,97,1,934234,1172546,1703411,530865,769177,530865,238312,0,0
1753244,105,8,945497,1269195,1753244,484049,807747,484049,323698,0,0
1753498,2,1,328,328,1753498,1753170,1753170,1753170,0,0,0
1784852,94,1,933791,1159385,1784852,625467,851061,625467,225594,0,0
1906436,65,1,797846,797846,1906436,1108590,1108590,1108590,0,0,0
1963214,39,1,700542,700542,1963214,1262672,1262672,1262672,0,0,0
1971307,50,8,765496,765496,1971307,1205811,1205811,1205811,0,0,0
1973229,116,4,960929,1971307,1973229,1922,1012300,1922,1010378,0,0
1981424,117,4,965967,1973229,1981424,8195,1015457,8195,1007262,0,0
2055760,118,4,966307,1981424,2055760,74336,1089453,74336,1015117,0,0
2204998,20,1,659108,659108,2204998,1545890,1545890,1545890,0,0,0
2223039,31,8,691498,691498,2223039,1531541,1531541,1531541,0,0,0
2225253,124,4,975284,2223039,2225253,2214,1249969,2214,1247755,0,0
2225479,122,2,971624,2223039,2225479,2440,1253855,2440,1251415,0,0
2301382,103,4,944459,1210690,2301382,1090692,1356923,1090692,266231,0,0
2313674,125,8,975315,2301382,2313674,12292,1338359,12292,1326067,0,0
2410938,108,8,952378,1320956,2410938,1089982,1458560,1089982,368578,0,0
2412336,126,16,975682,2410938,2412336,1398,1436654,1398,1435256,0,0
2445950,121,4,968119,2223039,2445950,222911,1477831,222911,1254920,0,0
2555987,119,4,966743,2055760,2555987,500227,1589244,500227,1089017,0,0
2635789,115,8,957940,1971307,2635789,664482,1677849,664482,1013367,0,0
2676184,130,8,1006812,2635789,2676184,40395,1669372,40395,1628977,0,0
2680453,140,1,1009752,2676184,2680453,4269,1670701,4269,1666432,0,0
2732368,4,1,103686,103686,2732368,2628682,2628682,2628682,0,0,0
2763700,69,1,838439,838439,2763700,1925261,1925261,1925261,0,0,0
2780072,132,8,1009453,2676184,2780072,103888,1770619,103888,1666731,0,0
2793491,141,8,1009753,2780072,2793491,13419,1783738,13419,1770319,0,0
2801742,143,1,1011431,2780072,2801742,21670,1790311,21670,1768641,0,0
2804427,127,16,987167,2412336,2804427,392091,1817260,392091,1425169,0,0
2810842,144,1,1011444,2780072,2810842,30770,1799398,30770,1768628,0,0
2815243,142,1,1009921,2780072,2815243,35171,1805322,35171,1770151,0,0
2835125,146,1,1011491,2780072,2835125,55053,1823634,55053,1768581,0,0
2885018,133,1,1009599,2676184,2885018,208834,1875419,208834,1666585,0,0
2895347,147,8,1014953,2793491,2895347,101856,1880394,101856,1778538,0,0
2933712,80,8,863730,863730,2933712,2069982,2069982,2069982,0,0,0
2934540,151,8,1015171,2933712,2934540,828,1919369,828,1918541,0,0
2953199,148,8,1015021,2804427,2953199,148772,1938178,148772,1789406,0,0
2963894,152,8,1015222,2934540,2963894,29354,1948672,29354,1919318,0,0
2973476,153,8,1015607,2953199,2973476,20277,1957869,20277,1937592,0,0
2973880,157,8,1019746,2963894,2973880,9986,1954134,9986,1944148,0,0
2983234,145,1,1011490,2780072,2983234,203162,1971744,203162,1768582,0,0
3011233,109,1,952492,1320956,3011233,1690277,2058741,1690277,368464,0,0
3025916,159,8,1020424,2973880,3025916,52036,2005492,52036,1953456,0,0
3039039,123,2,975247,2223039,3039039,816000,2063792,816000,1247792,0,0
3047697,160,8,1020728,3025916,3047697,21781,2026969,21781,2005188,0,0
3122002,154,1,1016124,2953199,3122002,168803,2105878,168803,1937075,0,0
3185577,44,8,734387,734387,3185577,2451190,2451190,2451190,0,0,0
3242402,82,1,886247,886247,3242402,2356155,2356155,2356155,0,0,0
3248080,150,8,1015093,2895347,3248080,352733,2232987,352733,1880254,0,0
3401906,128,1,1005321,2412336,3401906,989570,2396585,989570,1407015,0,0
3440038,98,1,934328,1172546,3440038,2267492,2505710,2267492,238218,0,0
3654915,149,8,1015064,2804427,3654915,850488,2639851,850488,1789363,0,0
3758849,171,4,1030361,3654915,3758849,103934,2728488,103934,2624554,0,0
3774448,162,8,1023800,3047697,3774448,726751,2750648,726751,2023897,0,0
3793044,129,8,1006211,2555987,3793044,1237057,2786833,1237057,1549776,0,0
3853848,156,1,1016381,2953199,3853848,900649,2837467,900649,1936818,0,0
3876425,180,16,1034829,3793044,3876425,83381,2841596,83381,2758215,0,0
3948759,188,1,1050163,3876425,3948759,72334,2898596,72334,2826262,0,0
3952460,186,4,1050107,3876425,3952460,76035,2902353,76035,2826318,0,0
3994618,182,4,1038148,3876425,3994618,118193,2956470,118193,2838277,0,0
4006509,185,1,1050065,3876425,4006509,130084,2956444,130084,2826360,0,0
4015307,168,1,1029984,3654915,4015307,360392,2985323,360392,2624931,0,0
4029123,184,1,1048001,3876425,4029123,152698,2981122,152698,2828424,0,0
4128486,174,1,1030744,3654915,4128486,473571,3097742,473571,2624171,0,0
4131901,195,1,1051982,4128486,4131901,3415,3079919,3415,3076504,0,0
4135076,114,8,954545,1753244,4135076,2381832,3180531,2381832,798699,0,0
4138627,199,2,1053097,4135076,4138627,3551,3085530,3551,3081979,0,0
4146037,183,2,1046652,3876425,4146037,269612,3099385,269612,2829773,0,0
4151459,200,4,1053805,4135076,4151459,16383,3097654,16383,3081271,0,0
4178587,198,1,1052260,4135076,4178587,43511,3126327,43511,3082816,0,0
4265137,181,1,1035351,3793044,4265137,472093,3229786,472093,2757693,0,0
4284057,165,8,1025469,3248080,4284057,1035977,3258588,1035977,2222611,0,0
4302086,196,1,1052041,4131901,4302086,170185,3250045,170185,3079860,0,0
4333385,189,4,1050841,3952460,4333385,380925,3282544,380925,2901619,0,0
4347282,194,1,1051175,4029123,4347282,318159,3296107,318159,2977948,0,0
4444365,177,1,1031320,3758849,4444365,685516,3413045,685516,2727529,0,0
4465977,170,1,1030160,3654915,4465977,811062,3435817,811062,2624755,0,0
4519605,204,8,1056085,4284057,4519605,235548,3463520,235548,3227972,0,0
4522527,187,4,1050125,3876425,4522527,646102,3472402,646102,2826300,0,0
4549184,166,1,1026810,3248080,4549184,1301104,3522374,1301104,2221270,0,0
4551727,202,1,1054643,4138627,4551727,413100,3497084,413100,3083984,0,0
4817119,190,4,1050875,3994618,4817119,822501,3766244,822501,2943743,0,0
4916618,131,1,1009447,2635789,4916618,2280829,3907171,2280829,1626342,0,0
5019553,135,1,1009633,2676184,5019553,2343369,4009920,2343369,1666551,0,0
5118426,197,1,1052082,4135076,5118426,983350,4066344,983350,3082994,0,0
5132433,84,1,914469,914469,5132433,4217964,4217964,4217964,0,0,0
5134502,137,1,1009705,2676184,5134502,2458318,4124797,2458318,1666479,0,0
5206870,40,1,700736,700736,5206870,4506134,4506134,4506134,0,0,0
5373215,158,8,1020374,2973476,5373215,2399739,4352841,2399739,1953102,0,0
5376854,205,32,1056856,5373215,5376854,3639,4319998,3639,4316359,0,0
5378704,212,4,1086175,5376854,5378704,1850,4292529,1850,4290679,0,0
5422221,167,8,1028607,3654915,5422221,1767306,4393614,1767306,2626308,0,0
5449865,206,16,1062916,5376854,5449865,73011,4386949,73011,4313938,0,0
5455749,210,1,1081548,5376854,5455749,78895,4374201,78895,4295306,0,0
5460851,213,1,1086925,5376854,5460851,83997,4373926,83997,4289929,0,0
5495564,214,1,1091804,5376854,5495564,118710,4403760,118710,4285050,0,0
5738391,219,4,1093265,5449865,5738391,288526,4645126,288526,4356600,0,0
5927681,215,8,1091884,5376854,5927681,550827,4835797,550827,4284970,0,0
5928672,0,1,0,0,5928672,5928672,5928672,5928672,0,0,0
6022060,216,4,1093019,5378704,6022060,643356,4929041,643356,4285685,0,0
6024129,228,1,1111939,6022060,6024129,2069,4912190,2069,4910121,0,0
6028749,223,8,1100282,6022060,6028749,6689,4928467,6689,4921778,0,0
6030203,232,1,1112032,6028749,6030203,1454,4918171,1454,4916717,0,0
6032234,224,1,1102280,6022060,6032234,10174,4929954,10174,4919780,0,0
6065035,225,1,1104538,6022060,6065035,42975,4960497,42975,4917522,0,0
6219943,230,1,1111946,6022060,6219943,197883,5107997,197883,4910114,0,0
6391687,226,1,1111132,6022060,6391687,369627,5280555,369627,4910928,0,0
6401671,208,1,1070823,5376854,6401671,1024817,5330848,1024817,4306031,0,0
6408368,221,8,1099721,5449865,6408368,958503,5308647,958503,4350144,0,0
6412638,235,1,1117248,6408368,6412638,4270,5295390,4270,5291120,0,0
6447428,233,8,1112061,6408368,6447428,39060,5335367,39060,5296307,0,0
6474213,238,4,1131679,6447428,6474213,26785,5342534,26785,5315749,0,0
6488499,229,1,1111940,6022060,6488499,466439,5376559,466439,4910120,0,0
6565826,231,8,1112015,6028749,6565826,537077,5453811,537077,4916734,0,0
7009524,161,2,1021279,3025916,7009524,3983608,5988245,3983608,2004637,0,0
7184346,234,1,1112309,6408368,7184346,775978,6072037,775978,5296059,0,0
7290866,164,4,1024705,3185577,7290866,4105289,6266161,4105289,2160872,0,0
7408805,239,4,1132172,6447428,7408805,961377,6276633,961377,5315256,0,0
7412081,247,1,1216816,7408805,7412081,3276,6195265,3276,6191989,0,0
7444520,240,4,1132178,6474213,7444520,970307,6312342,970307,5342035,0,0
7457082,59,1,786835,786835,7457082,6670247,6670247,6670247,0,0,0
7472882,246,1,1216756,7408805,7472882,64077,6256126,64077,6192049,0,0
7521009,243,4,1188282,7290866,7521009,230143,6332727,230143,6102584,0,0
7529924,244,4,1196875,7408805,7529924,121119,6333049,121119,6211930,0,0
7548477,248,1,1217219,7408805,7548477,139672,6331258,139672,6191586,0,0
7794717,245,1,1216632,7408805,7794717,385912,6578085,385912,6192173,0,0
7841490,217,4,1093172,5422221,7841490,2419269,6748318,2419269,4329049,0,0
8289879,242,4,1188281,6565826,8289879,1724053,7101598,1724053,5377545,0,0
8749902,74,1,853471,853471,8749902,7896431,7896431,7896431,0,0,0
8758986,72,1,851173,851173,8758986,7907813,7907813,7907813,0,0,0
8769622,163,2,1023838,3047697,8769622,5721925,7745784,5721925,2023859,0,0
8896485,249,8,1253362,7521009,8896485,1375476,7643123,1375476,6267647,0,0
8929959,251,8,1254126,8896485,8929959,33474,7675833,33474,7642359,0,0
9049548,252,8,1271696,8929959,9049548,119589,7777852,119589,7658263,0,0
9051627,256,1,1300464,9049548,9051627,2079,7751163,2079,7749084,0,0
9083667,258,1,1300613,9049548,9083667,34119,7783054,34119,7748935,0,0
9106130,209,1,1078849,5376854,9106130,3729276,8027281,3729276,4298005,0,0
9108659,257,1,1300520,9049548,9108659,59111,7808139,59111,7749028,0,0
9126570,255,1,1300421,9049548,9126570,77022,7826149,77022,7749127,0,0
9146689,227,1,1111184,6022060,9146689,3124629,8035505,3124629,4910876,0,0
9570097,241,4,1133620,6565826,9570097,3004271,8436477,3004271,5432206,0,0
9597656,259,1,1316932,9049548,9597656,548108,8280724,548108,7732616,0,0
9626528,71,1,850680,850680,9626528,8775848,8775848,8775848,0,0,0
9632296,70,1,850680,850680,9632296,8781616,8781616,8781616,0,0,0
9826191,36,1,698355,698355,9826191,9127836,9127836,9127836,0,0,0
9941454,9,1,274883,274883,9941454,9666571,9666571,9666571,0,0,0
10552950,218,4,1093247,5422221,10552950,5130729,9459703,5130729,4328974,0,0
10591734,138,1,1009710,2676184,10591734,7915550,9582024,7915550,1666474,0,0
10643106,67,1,798566,798566,10643106,9844540,9844540,9844540,0,0,0
10914837,8,1,205455,205455,10914837,10709382,10709382,10709382,0,0,0
11117559,139,1,1009752,2676184,11117559,8441375,10107807,8441375,1666432,0,0
11283317,201,1,1054564,4138627,11283317,7144690,10228753,7144690,3084063,0,0
11528995,203,1,1055778,4146037,11528995,7382958,10473217,7382958,3090259,0,0
11676699,113,8,954378,1558915,11676699,10117784,10722321,10117784,604537,0,0
11703801,263,8,1348123,11676699,11703801,27102,10355678,27102,10328576,0,0
11743036,266,8,1350983,11703801,11743036,39235,10392053,39235,10352818,0,0
11746858,269,1,1352376,11703801,11746858,43057,10394482,43057,10351425,0,0
11813086,264,1,1350163,11676699,11813086,136387,10462923,136387,10326536,0,0
11851939,75,1,853473,853473,11851939,10998466,10998466,10998466,0,0,0
12128272,265,1,1350927,11676699,12128272,451573,10777345,451573,10325772,0,0
12299459,260,1,1316936,9049548,12299459,3249911,10982523,3249911,7732612,0,0
12601613,237,1,1126575,6408368,12601613,6193245,11475038,6193245,5281793,0,0
12769514,268,1,1352183,11703801,12769514,1065713,11417331,1065713,10351618,0,0
12822466,267,1,1352156,11703801,12822466,1118665,11470310,1118665,10351645,0,0
13048202,250,8,1253731,7841490,13048202,5206712,11794471,5206712,6587759,0,0
13111960,272,8,1352724,13048202,13111960,63758,11759236,63758,11695478,0,0
13143913,273,8,1353025,13111960,13143913,31953,11790888,31953,11758935,0,0
13180245,83,1,905711,905711,13180245,12274534,12274534,12274534,0,0,0
13216782,274,8,1353238,13143913,13216782,72869,11863544,72869,11790675,0,0
13229959,275,8,1353307,13216782,13229959,13177,11876652,13177,11863475,0,0
13609016,222,8,1100181,5927681,13609016,7681335,12508835,7681335,4827500,0,0
13792999,277,8,1353494,13609016,13792999,183983,12439505,183983,12255522,0,0
15013883,271,8,1352664,12601613,15013883,2412270,13661219,2412270,11248949,0,0
15017711,7,1,198471,198471,15017711,14819240,14819240,14819240,0,0,0
15400534,207,1,1066311,5376854,15400534,10023680,14334223,10023680,4310543,0,0
15551242,279,8,1353769,15013883,15551242,537359,14197473,537359,13660114,0,0
15568962,270,8,1352551,11743036,15568962,3825926,14216411,3825926,10390485,0,0
15575583,280,8,1364025,15551242,15575583,24341,14211558,24341,14187217,0,0
15617561,288,8,1373583,15568962,15617561,48599,14243978,48599,14195379,0,0
15623564,290,8,1375978,15617561,15623564,6003,14247586,6003,14241583,0,0
15640956,289,8,1375732,15575583,15640956,65373,14265224,65373,14199851,0,0
15642894,296,8,1383194,15640956,15642894,1938,14259700,1938,14257762,0,0
15686370,297,8,1401146,15642894,15686370,43476,14285224,43476,14241748,0,0
15691519,295,1,1376148,15623564,15691519,67955,14315371,67955,14247416,0,0
15705722,299,8,1433210,15686370,15705722,19352,14272512,19352,14253160,0,0
15812821,300,8,1433275,15705722,15812821,107099,14379546,107099,14272447,0,0
15815304,254,8,1299730,9049548,15815304,6765756,14515574,6765756,7749818,0,0
15819852,291,8,1375990,15623564,15819852,196288,14443862,196288,14247574,0,0
15837237,301,8,1436232,15812821,15837237,24416,14401005,24416,14376589,0,0
15843659,304,8,1437879,15837237,15843659,6422,14405780,6422,14399358,0,0
15845393,305,8,1438847,15843659,15845393,1734,14406546,1734,14404812,0,0
15850420,307,1,1444474,15843659,15850420,6761,14405946,6761,14399185,0,0
15850517,310,1,1449742,15845393,15850517,5124,14400775,5124,14395651,0,0
15890974,309,1,1448733,15845393,15890974,45581,14442241,45581,14396660,0,0
15912153,283,1,1370075,15551242,15912153,360911,14542078,360911,14181167,0,0
15915083,294,1,1376094,15623564,15915083,291519,14538989,291519,14247470,0,0
15944733,292,1,1376010,15623564,15944733,321169,14568723,321169,14247554,0,0
16051438,293,1,1376010,15623564,16051438,427874,14675428,427874,14247554,0,0
16100488,303,8,1437724,15819852,16100488,280636,14662764,280636,14382128,0,0
16169374,286,1,1370307,15551242,16169374,618132,14799067,618132,14180935,0,0
16413211,306,1,1439585,15843659,16413211,569552,14973626,569552,14404074,0,0
16480331,276,8,1353434,13229959,16480331,3250372,15126897,3250372,11876525,0,0
16526162,211,8,1085979,5376854,16526162,11149308,15440183,11149308,4290875,0,0
16530021,314,1,1451143,16526162,16530021,3859,15078878,3859,15075019,0,0
16534442,302,8,1436686,15815304,16534442,719138,15097756,719138,14378618,0,0
16561169,312,8,1450329,16480331,16561169,80838,15110840,80838,15030002,0,0
16566572,313,8,1450518,16526162,16566572,40410,15116054,40410,15075644,0,0
16571239,315,8,1452992,16534442,16571239,36797,15118247,36797,15081450,0,0
16820290,37,1,699280,699280,16820290,16121010,16121010,16121010,0,0,0
17446723,318,8,1455036,16571239,17446723,875484,15991687,875484,15116203,0,0
17470189,278,8,1353712,13792999,17470189,3677190,16116477,3677190,12439287,0,0
17478635,328,1,1519074,17470189,17478635,8446,15959561,8446,15951115,0,0
17532595,323,1,1474559,17470189,17532595,62406,16058036,62406,15995630,0,0
17623939,298,1,1422564,15642894,17623939,1981045,16201375,1981045,14220330,0,0
17675190,320,8,1455169,17470189,17675190,205001,16220021,205001,16015020,0,0
17719122,327,1,1478152,17470189,17719122,248933,16240970,248933,15992037,0,0
17907926,317,8,1454857,16566572,17907926,1341354,16453069,1341354,15111715,0,0
17908524,308,8,1447118,15845393,17908524,2063131,16461406,2063131,14398275,0,0
17995448,334,1,1532410,17908524,17995448,86924,16463038,86924,16376114,0,0
18367070,321,1,1458046,17470189,18367070,896881,16909024,896881,16012143,0,0
18389930,326,1,1475135,17470189,18389930,919741,16914795,919741,15995054,0,0
18460009,46,1,743231,743231,18460009,17716778,17716778,17716778,0,0,0
18628111,324,1,1474677,17470189,18628111,1157922,17153434,1157922,15995512,0,0
18734473,325,1,1474851,17470189,18734473,1264284,17259622,1264284,15995338,0,0
18856013,193,1,1051115,4015307,18856013,14840706,17804898,14840706,2964192,0,0
18860510,329,1,1523292,17470189,18860510,1390321,17337218,1390321,15946897,0,0
18913496,322,1,1458098,17470189,18913496,1443307,17455398,1443307,16012091,0,0
18949972,330,8,1523619,17675190,18949972,1274782,17426353,1274782,16151571,0,0
19473078,262,8,1323028,9570097,19473078,9902981,18150050,9902981,8247069,0,0
19483126,337,1,1535369,19473078,19483126,10048,17947757,10048,17937709,0,0
19538086,11,1,380626,380626,19538086,19157460,19157460,19157460,0,0,0
19667202,311,8,1450231,16100488,19667202,3566714,18216971,3566714,14650257,0,0
19667699,341,1,1539659,19667202,19667699,497,18128040,497,18127543,0,0
19668009,356,1,1539789,19667202,19668009,807,18128220,807,18127413,0,0
19668043,347,1,1539721,19667202,19668043,841,18128322,841,18127481,0,0
19668174,353,1,1539764,19667202,19668174,972,18128410,972,18127438,0,0
19668212,343,1,1539673,19667202,19668212,1010,18128539,1010,18127529,0,0
19668232,354,1,1539766,19667202,19668232,1030,18128466,1030,18127436,0,0
19670194,348,1,1539722,19667202,19670194,2992,18130472,2992,18127480,0,0
19677440,346,1,1539702,19667202,19677440,10238,18137738,10238,18127500,0,0
19683471,339,1,1539647,19667202,19683471,16269,18143824,16269,18127555,0,0
19683600,360,1,1539826,19667202,19683600,16398,18143774,16398,18127376,0,0
19684443,351,1,1539744,19667202,19684443,17241,18144699,17241,18127458,0,0
19688933,349,1,1539726,19667202,19688933,21731,18149207,21731,18127476,0,0
19694483,344,1,1539679,19667202,19694483,27281,18154804,27281,18127523,0,0
19717024,361,1,1539839,19667202,19717024,49822,18177185,49822,18127363,0,0
19723112,359,1,1539819,19667202,19723112,55910,18183293,55910,18127383,0,0
19740608,358,1,1539812,19667202,19740608,73406,18200796,73406,18127390,0,0
19749180,342,1,1539668,19667202,19749180,81978,18209512,81978,18127534,0,0
19799723,355,1,1539768,19667202,19799723,132521,18259955,132521,18127434,0,0
19800187,352,1,1539748,19667202,19800187,132985,18260439,132985,18127454,0,0
19801347,350,1,1539733,19667202,19801347,134145,18261614,134145,18127469,0,0
19805213,345,1,1539686,19667202,19805213,138011,18265527,138011,18127516,0,0
19850610,340,1,1539655,19667202,19850610,183408,18310955,183408,18127547,0,0
19907474,357,1,1539807,19667202,19907474,240272,18367667,240272,18127395,0,0
20086596,13,1,482809,482809,20086596,19603787,19603787,19603787,0,0,0
20517048,331,8,1523650,17907926,20517048,2609122,18993398,2609122,16384276,0,0
20517538,384,1,1540029,20517048,20517538,490,18977509,490,18977019,0,0
20517539,385,1,1540031,20517048,20517539,491,18977508,491,18977017,0,0
20517541,382,1,1540018,20517048,20517541,493,18977523,493,18977030,0,0
20517569,372,1,1539924,20517048,20517569,521,18977645,521,18977124,0,0
20517590,363,1,1539850,20517048,20517590,542,18977740,542,18977198,0,0
20517966,367,1,1539872,20517048,20517966,918,18978094,918,18977176,0,0
20521100,375,1,1539958,20517048,20521100,4052,18981142,4052,18977090,0,0
20521336,380,1,1540003,20517048,20521336,4288,18981333,4288,18977045,0,0
20521669,366,1,1539863,20517048,20521669,4621,18981806,4621,18977185,0,0
20524529,377,1,1539976,20517048,20524529,7481,18984553,7481,18977072,0,0
20524529,378,1,1539979,20517048,20524529,7481,18984550,7481,18977069,0,0
20526287,371,1,1539895,20517048,20526287,9239,18986392,9239,18977153,0,0
20527360,338,8,1538626,19667202,20527360,860158,18988734,860158,18128576,0,0
20529448,386,1,1540043,20517048,20529448,12400,18989405,12400,18977005,0,0
20529669,376,1,1539967,20517048,20529669,12621,18989702,12621,18977081,0,0
20533168,364,1,1539858,20517048,20533168,16120,18993310,16120,18977190,0,0
20538076,365,1,1539859,20517048,20538076,21028,18998217,21028,18977189,0,0
20538331,388,1,1540292,20517539,20538331,20792,18998039,20792,18977247,0,0
20542630,381,1,1540010,20517048,20542630,25582,19002620,25582,18977038,0,0
20545194,368,1,1539876,20517048,20545194,28146,19005318,28146,18977172,0,0
20560364,387,1,1540101,20517538,20560364,42826,19020263,42826,18977437,0,0
20562539,379,1,1539996,20517048,20562539,45491,19022543,45491,18977052,0,0
20565720,369,1,1539889,20517048,20565720,48672,19025831,48672,18977159,0,0
20587490,373,1,1539933,20517048,20587490,70442,19047557,70442,18977115,0,0
20628230,374,1,1539935,20517048,20628230,111182,19088295,111182,18977113,0,0
20667681,362,8,1539843,20517048,20667681,150633,19127838,150633,18977205,0,0
20682826,409,1,1546634,20667681,20682826,15145,19136192,15145,19121047,0,0
20694194,404,1,1546559,20667681,20694194,26513,19147635,26513,19121122,0,0
20701672,407,1,1546608,20667681,20701672,33991,19155064,33991,19121073,0,0
20725866,406,1,1546592,20667681,20725866,58185,19179274,58185,19121089,0,0
20725955,402,1,1546524,20667681,20725955,58274,19179431,58274,19121157,0,0
20729364,383,1,1540024,20517048,20729364,212316,19189340,212316,18977024,0,0
20731831,401,1,1546522,20667681,20731831,64150,19185309,64150,19121159,0,0
20746678,410,1,1546645,20667681,20746678,78997,19200033,78997,19121036,0,0
20784277,370,1,1539889,20517048,20784277,267229,19244388,267229,18977159,0,0
20874388,394,1,1544096,20667681,20874388,206707,19330292,206707,19123585,0,0
20942544,421,1,1546737,20784277,20942544,158267,19395807,158267,19237540,0,0
21052411,398,1,1546406,20667681,21052411,384730,19506005,384730,19121275,0,0
21150879,415,1,1546679,20701672,21150879,449207,19604200,449207,19154993,0,0
21254985,411,1,1546657,20667681,21254985,587304,19708328,587304,19121024,0,0
21291891,426,1,1546770,21254985,21291891,36906,19745121,36906,19708215,0,0
21381276,424,1,1546768,21052411,21381276,328865,19834508,328865,19505643,0,0
21449887,413,1,1546668,20682826,21449887,767061,19903219,767061,19136158,0,0
21469219,414,1,1546673,20694194,21469219,775025,19922546,775025,19147521,0,0
21484538,429,1,1546811,21449887,21484538,34651,19937727,34651,19903076,0,0
21511591,408,1,1546612,20667681,21511591,843910,19964979,843910,19121069,0,0
21576608,425,1,1546768,21150879,21576608,425729,20029840,425729,19604111,0,0
21666609,423,1,1546749,20942544,21666609,724065,20119860,724065,19395795,0,0
21709420,422,1,1546749,20874388,21709420,835032,20162671,835032,19327639,0,0
21728750,417,1,1546703,20725955,21728750,1002795,20182047,1002795,19179252,0,0
21737534,419,1,1546728,20731831,21737534,1005703,20190806,1005703,19185103,0,0
21777992,433,1,1546864,21576608,21777992,201384,20231128,201384,20029744,0,0
21850007,420,1,1546734,20746678,21850007,1103329,20303273,1103329,19199944,0,0
21897355,389,1,1541196,20517541,21897355,1379814,20356159,1379814,18976345,0,0
21976246,395,1,1544275,20667681,21976246,1308565,20431971,1308565,19123406,0,0
22110722,236,1,1126448,6408368,22110722,15702354,20984274,15702354,5281920,0,0
22118801,428,1,1546810,21381276,22118801,737525,20571991,737525,19834466,0,0
22210983,438,1,1546922,21777992,22210983,432991,20664061,432991,20231070,0,0
22211813,316,8,1453086,16561169,22211813,5650644,20758727,5650644,15108083,0,0
22266827,445,1,1546983,22211813,22266827,55014,20719844,55014,20664830,0,0
22288809,451,1,1547033,22211813,22288809,76996,20741776,76996,20664780,0,0
22426694,435,1,1546891,21709420,22426694,717274,20879803,717274,20162529,0,0
22544536,434,1,1546877,21666609,22544536,877927,20997659,877927,20119732,0,0
22568020,439,1,1546927,21850007,22568020,718013,21021093,718013,20303080,0,0
22595358,336,8,1534028,19473078,22595358,3122280,21061330,3122280,17939050,0,0
22633285,319,8,1455090,17446723,22633285,5186562,21178195,5186562,15991633,0,0
22672282,442,1,1546960,22110722,22672282,561560,21125322,561560,20563762,0,0
22696360,454,1,1547059,22288809,22696360,407551,21149301,407551,20741750,0,0
22703833,470,1,1547189,22633285,22703833,70548,21156644,70548,21086096,0,0
22707320,457,1,1547091,22568020,22707320,139300,21160229,139300,21020929,0,0
22741057,477,1,1547259,22707320,22741057,33737,21193798,33737,21160061,0,0
22747718,476,1,1547256,22703833,22747718,43885,21200462,43885,21156577,0,0
22776374,437,1,1546897,21737534,22776374,1038840,21229477,1038840,20190637,0,0
22793346,472,1,1547225,22633285,22793346,160061,21246121,160061,21086060,0,0
22807453,480,1,1547289,22776374,22807453,31079,21260164,31079,21229085,0,0
22884222,446,1,1546986,22211813,22884222,672409,21337236,672409,20664827,0,0
22904406,465,1,1547145,22595358,22904406,309048,21357261,309048,21048213,0,0
22916599,332,8,1531287,17908524,22916599,5008075,21385312,5008075,16377237,0,0
22924159,484,1,1547363,22904406,22924159,19753,21376796,19753,21357043,0,0
22978804,490,1,1547435,22916599,22978804,62205,21431369,62205,21369164,0,0
23028062,464,1,1547134,22595358,23028062,432704,21480928,432704,21048224,0,0
23181353,483,1,1547357,22884222,23181353,297131,21633996,297131,21336865,0,0
23210369,448,1,1547001,22211813,23210369,998556,21663368,998556,20664812,0,0
23215583,403,1,1546541,20667681,23215583,2547902,21669042,2547902,19121140,0,0
23343099,453,1,1547047,22266827,23343099,1076272,21796052,1076272,20719780,0,0
23433900,474,1,1547234,22672282,23433900,761618,21886666,761618,21125048,0,0
23448514,427,1,1546790,21291891,23448514,2156623,21901724,2156623,19745101,0,0
23527099,482,1,1547334,22807453,23527099,719646,21979765,719646,21260119,0,0
23570125,449,1,1547009,22211813,23570125,1358312,22023116,1358312,20664804,0,0
23611369,463,1,1547122,22595358,23611369,1016011,22064247,1016011,21048236,0,0
23628113,466,1,1547151,22633285,23628113,994828,22080962,994828,21086134,0,0
23641061,504,1,1547724,23611369,23641061,29692,22093337,29692,22063645,0,0
23665833,505,1,1547730,23628113,23665833,37720,22118103,37720,22080383,0,0
23671514,455,1,1547071,22426694,23671514,1244820,22124443,1244820,20879623,0,0
23768738,487,1,1547414,22916599,23768738,852139,22221324,852139,21369185,0,0
23804042,507,1,1547756,23665833,23804042,138209,22256286,138209,22118077,0,0
23861353,491,1,1547476,22916599,23861353,944754,22313877,944754,21369123,0,0
23898679,496,1,1547563,23181353,23898679,717326,22351116,717326,21633790,0,0
23900801,502,1,1547654,23527099,23900801,373702,22353147,373702,21979445,0,0
23902048,416,1,1546696,20725866,23902048,3176182,22355352,3176182,19179170,0,0
23906554,489,1,1547434,22916599,23906554,989955,22359120,989955,21369165,0,0
23924257,493,1,1547509,22924159,23924257,1000098,22376748,1000098,21376650,0,0
23947214,513,1,1547908,23900801,23947214,46413,22399306,46413,22352893,0,0
24022270,333,1,1532193,17908524,24022270,6113746,22490077,6113746,16376331,0,0
24023173,515,1,1547989,23906554,24023173,116619,22475184,116619,22358565,0,0
24058777,506,1,1547749,23641061,24058777,417716,22511028,417716,22093312,0,0
24081949,441,1,1546957,21976246,24081949,2105703,22534992,2105703,20429289,0,0
24091171,520,1,1548017,24058777,24091171,32394,22543154,32394,22510760,0,0
24129946,456,1,1547088,22544536,24129946,1585410,22582858,1585410,20997448,0,0
24145330,511,1,1547847,23861353,24145330,283977,22597483,283977,22313506,0,0
24175721,524,1,1548056,24145330,24175721,30391,22627665,30391,22597274,0,0
24205769,525,1,1548065,24175721,24205769,30048,22657704,30048,22627656,0,0
24234668,510,1,1547815,23804042,24234668,430626,22686853,430626,22256227,0,0
24248450,509,1,1547809,23768738,24248450,479712,22700641,479712,22220929,0,0
24249045,475,1,1547255,22696360,24249045,1552685,22701790,1552685,21149105,0,0
24280889,500,1,1547607,23433900,24280889,846989,22733282,846989,21886293,0,0
24326420,478,1,1547274,22741057,24326420,1585363,22779146,1585363,21193783,0,0
24403374,530,1,1548129,24280889,24403374,122485,22855245,122485,22732760,0,0
24424157,532,1,1548135,24403374,24424157,20783,22876022,20783,22855239,0,0
24428600,459,1,1547094,22595358,24428600,1833242,22881506,1833242,21048264,0,0
24491639,393,8,1543918,20667681,24491639,3823958,22947721,3823958,19123763,0,0
24584386,529,1,1548115,24249045,24584386,335341,23036271,335341,22700930,0,0
24698276,526,1,1548067,24205769,24698276,492507,23150209,492507,22657702,0,0
24723573,517,1,1547996,23947214,24723573,776359,23175577,776359,22399218,0,0
24729937,516,1,1547996,23924257,24729937,805680,23181941,805680,22376261,0,0
24764011,534,1,1548140,24428600,24764011,335411,23215871,335411,22880460,0,0
24792775,541,1,1548195,24491639,24792775,301136,23244580,301136,22943444,0,0
24905315,531,1,1548130,24326420,24905315,578895,23357185,578895,22778290,0,0
24942639,499,1,1547589,23343099,24942639,1599540,23395050,1599540,21795510,0,0
24983472,540,1,1548193,24491639,24983472,491833,23435279,491833,22943446,0,0
25002745,551,1,1548325,24983472,25002745,19273,23454420,19273,23435147,0,0
25040830,552,1,1548342,25002745,25040830,38085,23492488,38085,23454403,0,0
25071805,542,1,1548199,24491639,25071805,580166,23523606,580166,22943440,0,0
25110081,488,1,1547432,22916599,25110081,2193482,23562649,2193482,21369167,0,0
25150851,539,1,1548191,24491639,25150851,659212,23602660,659212,22943448,0,0
25173863,553,1,1548343,25040830,25173863,133033,23625520,133033,23492487,0,0
25179403,556,1,1548394,25150851,25179403,28552,23631009,28552,23602457,0,0
25186588,550,1,1548315,24942639,25186588,243949,23638273,243949,23394324,0,0
25217360,399,1,1546417,20667681,25217360,4549679,23670943,4549679,19121264,0,0
25237389,560,1,1548405,25217360,25237389,20029,23688984,20029,23668955,0,0
25267817,561,1,1548448,25237389,25267817,30428,23719369,30428,23688941,0,0
25424491,535,1,1548141,24491639,25424491,932852,23876350,932852,22943498,0,0
25441218,495,1,1547549,23028062,25441218,2413156,23893669,2413156,21480513,0,0
25474904,544,1,1548241,24698276,25474904,776628,23926663,776628,23150035,0,0
25483327,537,1,1548167,24491639,25483327,991688,23935160,991688,22943472,0,0
25541824,467,1,1547156,22633285,25541824,2908539,23994668,2908539,21086129,0,0
25552243,523,1,1548054,24129946,25552243,1422297,24004189,1422297,22581892,0,0
25585133,568,1,1548490,25552243,25585133,32890,24036643,32890,24003753,0,0
25616948,569,1,1548493,25585133,25616948,31815,24068455,31815,24036640,0,0
25752896,479,1,1547283,22747718,25752896,3005178,24205613,3005178,21200435,0,0
25790549,565,1,1548463,25474904,25790549,315645,24242086,315645,23926441,0,0
25826603,16,1,486268,486268,25826603,25340335,25340335,25340335,0,0,0
25885391,400,1,1546515,20667681,25885391,5217710,24338876,5217710,19121166,0,0
25971808,431,1,1546826,21484538,25971808,4487270,24424982,4487270,19937712,0,0
25980579,281,1,1370001,15551242,25980579,10429337,24610578,10429337,14181241,0,0
25998072,432,1,1546843,21511591,25998072,4486481,24451229,4486481,19964748,0,0
26030529,390,1,1541312,20517569,26030529,5512960,24489217,5512960,18976257,0,0
26131401,519,1,1548010,24023173,26131401,2108228,24583391,2108228,22475163,0,0
26221994,481,1,1547298,22793346,26221994,3428648,24674696,3428648,21246048,0,0
26234786,562,1,1548455,25267817,26234786,966969,24686331,966969,23719362,0,0
26238470,538,1,1548173,24491639,26238470,1746831,24690297,1746831,22943466,0,0
26266685,514,1,1547962,23902048,26266685,2364637,24718723,2364637,22354086,0,0
26287767,527,1,1548075,24234668,26287767,2053099,24739692,2053099,22686593,0,0
26360246,458,1,1547094,22595358,26360246,3764888,24813152,3764888,21048264,0,0
26371853,469,1,1547183,22633285,26371853,3738568,24824670,3738568,21086102,0,0
26423636,557,1,1548396,25173863,26423636,1249773,24875240,1249773,23625467,0,0
26453715,548,1,1548301,24792775,26453715,1660940,24905414,1660940,23244474,0,0
26526984,567,1,1548482,25541824,26526984,985160,24978502,985160,23993342,0,0
26582469,508,1,1547768,23671514,26582469,2910955,25034701,2910955,22123746,0,0
26770982,536,1,1548146,24491639,26770982,2279343,25222836,2279343,22943493,0,0
26885914,418,1,1546709,20729364,26885914,6156550,25339205,6156550,19182655,0,0
26928676,430,1,1546819,21469219,26928676,5459457,25381857,5459457,19922400,0,0
26946200,503,1,1547706,23570125,26946200,3376075,25398494,3376075,22022419,0,0
26969365,518,1,1547999,24022270,26969365,2947095,25421366,2947095,22474271,0,0
27327163,436,1,1546895,21728750,27327163,5598413,25780268,5598413,20181855,0,0
27363688,443,1,1546975,22118801,27363688,5244887,25816713,5244887,20571826,0,0
27399405,521,1,1548020,24081949,27399405,3317456,25851385,3317456,22533929,0,0
27510005,512,1,1547900,23898679,27510005,3611326,25962105,3611326,22350779,0,0
27685327,545,1,1548256,24723573,27685327,2961754,26137071,2961754,23175317,0,0
27777725,546,1,1548258,24729937,27777725,3047788,26229467,3047788,23181679,0,0
27925026,169,1,1030100,3654915,27925026,24270111,26894926,24270111,2624815,0,0
27991754,564,1,1548463,25441218,27991754,2550536,26443291,2550536,23892755,0,0
28151858,473,1,1547225,22633285,28151858,5518573,26604633,5518573,21086060,0,0
28170062,73,1,851193,851193,28170062,27318869,27318869,27318869,0,0,0
28237423,549,1,1548313,24905315,28237423,3332108,26689110,3332108,23357002,0,0
28243634,533,1,1548135,24424157,28243634,3819477,26695499,3819477,22876022,0,0
28285721,452,1,1547041,22211813,28285721,6073908,26738680,6073908,20664772,0,0
28440581,440,1,1546931,21897355,28440581,6543226,26893650,6543226,20350424,0,0
28770572,447,1,1546993,22211813,28770572,6558759,27223579,6558759,20664820,0,0
29000430,485,1,1547401,22916599,29000430,6083831,27453029,6083831,21369198,0,0
29332787,460,1,1547095,22595358,29332787,6737429,27785692,6737429,21048263,0,0
29544807,287,1,1370308,15551242,29544807,13993565,28174499,13993565,14180934,0,0
29706006,492,1,1547478,22916599,29706006,6789407,28158528,6789407,21369121,0,0
30021520,450,1,1547016,22211813,30021520,7809707,28474504,7809707,20664797,0,0
30081159,566,1,1548478,25483327,30081159,4597832,28532681,4597832,23934849,0,0
30118837,23,8,666277,666277,30118837,29452560,29452560,29452560,0,0,0
30699972,570,8,1557318,30118837,30699972,581135,29142654,581135,28561519,0,0
30707630,587,1,1607808,30699972,30707630,7658,29099822,7658,29092164,0,0
30724357,577,1,1586357,30699972,30724357,24385,29138000,24385,29113615,0,0
30729139,579,1,1586408,30699972,30729139,29167,29142731,29167,29113564,0,0
30773323,578,1,1586377,30699972,30773323,73351,29186946,73351,29113595,0,0
30846632,405,1,1546579,20667681,30846632,10178951,29300053,10178951,19121102,0,0
30925680,576,1,1586225,30699972,30925680,225708,29339455,225708,29113747,0,0
30976744,444,1,1546978,22210983,30976744,8765761,29429766,8765761,20664005,0,0
31195210,582,1,1587052,30699972,31195210,495238,29608158,495238,29112920,0,0
31280558,571,8,1557376,30699972,31280558,580586,29723182,580586,29142596,0,0
31286961,597,1,1621298,31280558,31286961,6403,29665663,6403,29659260,0,0
31292795,583,1,1587081,30699972,31292795,592823,29705714,592823,29112891,0,0
31376831,590,1,1612520,31280558,31376831,96273,29764311,96273,29668038,0,0
31386418,486,1,1547413,22916599,31386418,8469819,29839005,8469819,21369186,0,0
31435336,588,1,1609507,30699972,31435336,735364,29825829,735364,29090465,0,0
31457969,594,1,1618563,31280558,31457969,177411,29839406,177411,29661995,0,0
31688385,412,1,1546668,20667681,31688385,11020704,30141717,11020704,19121013,0,0
31794075,589,8,1610445,31280558,31794075,513517,30183630,513517,29670113,0,0
31812162,598,8,1622170,31794075,31812162,18087,30189992,18087,30171905,0,0
31815544,617,1,1650356,31812162,31815544,3382,30165188,3382,30161806,0,0
31815552,620,1,1653357,31812162,31815552,3390,30162195,3390,30158805,0,0
31821064,621,1,1653363,31812162,31821064,8902,30167701,8902,30158799,0,0
31845404,633,1,1693533,31812162,31845404,33242,30151871,33242,30118629,0,0
31871771,599,1,1625007,31794075,31871771,77696,30246764,77696,30169068,0,0
31908679,603,1,1631282,31812162,31908679,96517,30277397,96517,30180880,0,0
31916261,596,1,1621028,31280558,31916261,635703,30295233,635703,29659530,0,0
32047966,522,1,1548023,24091171,32047966,7956795,30499943,7956795,22543148,0,0
32049201,619,1,1653356,31812162,32049201,237039,30395845,237039,30158806,0,0
32060173,618,1,1653272,31812162,32060173,248011,30406901,248011,30158890,0,0
32148761,613,1,1643671,31812162,32148761,336599,30505090,336599,30168491,0,0
32260148,601,8,1626206,31812162,32260148,447986,30633942,447986,30185956,0,0
32263357,636,1,1718256,32260148,32263357,3209,30545101,3209,30541892,0,0
32264239,638,1,1718377,32260148,32264239,4091,30545862,4091,30541771,0,0
32270803,643,1,1803304,32260148,32270803,10655,30467499,10655,30456844,0,0
32276213,647,1,1889429,32260148,32276213,16065,30386784,16065,30370719,0,0
32292092,622,1,1662110,31812162,32292092,479930,30629982,479930,30150052,0,0
32307304,644,1,1803337,32260148,32307304,47156,30503967,47156,30456811,0,0
32316745,648,1,1889564,32260148,32316745,56597,30427181,56597,30370584,0,0
32356093,543,1,1548230,24584386,32356093,7771707,30807863,7771707,23036156,0,0
32523848,634,8,1708072,32260148,32523848,263700,30815776,263700,30552076,0,0
32543920,645,1,1889405,32260148,32543920,283772,30654515,283772,30370743,0,0
32549438,595,1,1620339,31280558,32549438,1268880,30929099,1268880,29660219,0,0
32558300,642,1,1803304,32260148,32558300,298152,30754996,298152,30456844,0,0
32565897,649,8,1911553,32523848,32565897,42049,30654344,42049,30612295,0,0
32571287,650,8,1940361,32565897,32571287,5390,30630926,5390,30625536,0,0
32576266,660,1,1978287,32571287,32576266,4979,30597979,4979,30593000,0,0
32584946,494,1,1547547,22978804,32584946,9606142,31037399,9606142,21431257,0,0
32620891,658,1,1978164,32571287,32620891,49604,30642727,49604,30593123,0,0
32635928,665,1,2050484,32620891,32635928,15037,30585444,15037,30570407,0,0
32642745,661,1,2036408,32571287,32642745,71458,30606337,71458,30534879,0,0
32673666,659,1,1978287,32571287,32673666,102379,30695379,102379,30593000,0,0
32705894,657,1,1977825,32571287,32705894,134607,30728069,134607,30593462,0,0
32745778,635,1,1718196,32260148,32745778,485630,31027582,485630,30541952,0,0
32792588,641,1,1803186,32260148,32792588,532440,30989402,532440,30456962,0,0
32803766,637,1,1718283,32260148,32803766,543618,31085483,543618,30541865,0,0
32809224,656,1,1967409,32571287,32809224,237937,30841815,237937,30603878,0,0
32847751,646,1,1889428,32260148,32847751,587603,30958323,587603,30370720,0,0
32862207,653,1,1965160,32571287,32862207,290920,30897047,290920,30606127,0,0
32890994,652,1,1965158,32571287,32890994,319707,30925836,319707,30606129,0,0
32921437,662,1,2040513,32571287,32921437,350150,30880924,350150,30530774,0,0
32980274,35,1,698322,698322,32980274,32281952,32281952,32281952,0,0,0
32981083,651,8,1946666,32571287,32981083,409796,31034417,409796,30624621,0,0
32983776,671,1,2064509,32981083,32983776,2693,30919267,2693,30916574,0,0
32984061,669,1,2064329,32981083,32984061,2978,30919732,2978,30916754,0,0
33214079,668,1,2064266,32981083,33214079,232996,31149813,232996,30916817,0,0
33245904,575,1,1564300,30699972,33245904,2545932,31681604,2545932,29135672,0,0
33253465,670,1,2064508,32981083,33253465,272382,31188957,272382,30916575,0,0
33524061,663,1,2041465,32576266,33524061,947795,31482596,947795,30534801,0,0
33828743,640,1,1731282,32260148,33828743,1568595,32097461,1568595,30528866,0,0
33996932,15,1,486183,486183,33996932,33510749,33510749,33510749,0,0,0
34007066,17,1,486397,486397,34007066,33520669,33520669,33520669,0,0,0
34050234,285,1,1370307,15551242,34050234,18498992,32679927,18498992,14180935,0,0
34141772,615,1,1643706,31812162,34141772,2329610,32498066,2329610,30168456,0,0
34156375,614,1,1643703,31812162,34156375,2344213,32512672,2344213,30168459,0,0
34276971,627,1,1662358,31812162,34276971,2464809,32614613,2464809,30149804,0,0
34374216,497,1,1547569,23210369,34374216,11163847,32826647,11163847,21662800,0,0
34406709,592,1,1612766,31280558,34406709,3126151,32793943,3126151,29667792,0,0
34841619,666,1,2056487,32635928,34841619,2205691,32785132,2205691,30579441,0,0
35731582,629,1,1662448,31812162,35731582,3919420,34069134,3919420,30149714,0,0
35930968,667,8,2057524,32981083,35930968,2949885,33873444,2949885,30923559,0,0
35931903,654,1,1965188,32571287,35931903,3360616,33966715,3360616,30606099,0,0
36035177,672,8,2076383,35930968,36035177,104209,33958794,104209,33854585,0,0
36049163,692,1,2077463,36035177,36049163,13986,33971700,13986,33957714,0,0
36049171,697,1,2077471,36035177,36049171,13994,33971700,13994,33957706,0,0
36059109,695,1,2077469,36035177,36059109,23932,33981640,23932,33957708,0,0
36060587,685,1,2077453,36035177,36060587,25410,33983134,25410,33957724,0,0
36084508,702,1,2077479,36059109,36084508,25399,34007029,25399,33981630,0,0
36085979,703,1,2077481,36060587,36085979,25392,34008498,25392,33983106,0,0
36107331,676,1,2077364,36035177,36107331,72154,34029967,72154,33957813,0,0
36213865,462,1,1547119,22595358,36213865,13618507,34666746,13618507,21048239,0,0
36221089,563,1,1548459,25424491,36221089,10796598,34672630,10796598,23876032,0,0
36244070,674,1,2077358,36035177,36244070,208893,34166712,208893,33957819,0,0
36245034,708,1,2077487,36221089,36245034,23945,34167547,23945,34143602,0,0
36258266,701,1,2077478,36049171,36258266,209095,34180788,209095,33971693,0,0
36272245,711,1,2077489,36258266,36272245,13979,34194756,13979,34180777,0,0
36278739,680,1,2077451,36035177,36278739,243562,34201288,243562,33957726,0,0
36292454,700,1,2077476,36049163,36292454,243291,34214978,243291,33971687,0,0
36292711,713,1,2077493,36278739,36292711,13972,34215218,13972,34201246,0,0
36312935,715,1,2077499,36292711,36312935,20224,34235436,20224,34215212,0,0
36336858,716,1,2077500,36312935,36336858,23923,34259358,23923,34235435,0,0
36382520,679,1,2077449,36035177,36382520,347343,34305071,347343,33957728,0,0
36382586,681,1,2077451,36035177,36382586,347409,34305135,347409,33957726,0,0
36437933,675,1,2077358,36035177,36437933,402756,34360575,402756,33957819,0,0
36438660,698,1,2077471,36035177,36438660,403483,34361189,403483,33957706,0,0
36453518,699,1,2077476,36035177,36453518,418341,34376042,418341,33957701,0,0
36561583,693,1,2077466,36035177,36561583,526406,34484117,526406,33957711,0,0
36583227,607,1,1632988,31812162,36583227,4771065,34950239,4771065,30179174,0,0
36587886,461,1,1547097,22595358,36587886,13992528,35040789,13992528,21048261,0,0
36589846,719,1,2077508,36382586,36589846,207260,34512338,207260,34305078,0,0
36591092,709,1,2077487,36244070,36591092,347022,34513605,347022,34166583,0,0
36608091,725,1,2077525,36587886,36608091,20205,34530566,20205,34510361,0,0
36609530,724,1,2077520,36583227,36609530,26303,34532010,26303,34505707,0,0
36621501,554,1,1548372,25071805,36621501,11549696,35073129,11549696,23523433,0,0
36661112,722,1,2077518,36453518,36661112,207594,34583594,207594,34376000,0,0
36683896,721,1,2077518,36438660,36683896,245236,34606378,245236,34361142,0,0
36751619,691,1,2077462,36035177,36751619,716442,34674157,716442,33957715,0,0
36751857,686,1,2077455,36035177,36751857,716680,34674402,716680,33957722,0,0
36796973,726,1,2077528,36589846,36796973,207127,34719445,207127,34512318,0,0
36802631,712,1,2077490,36272245,36802631,530386,34725141,530386,34194755,0,0
36818398,729,1,2077536,36609530,36818398,208868,34740862,208868,34531994,0,0
36828016,736,1,2077553,36802631,36828016,25385,34750463,25385,34725078,0,0
36890876,732,1,2077544,36683896,36890876,206980,34813332,206980,34606352,0,0
36923835,718,1,2077504,36382520,36923835,541315,34846331,541315,34305016,0,0
36990093,735,1,2077552,36796973,36990093,193120,34912541,193120,34719421,0,0
36994563,733,1,2077545,36751619,36994563,242944,34917018,242944,34674074,0,0
37004038,741,1,2077566,36990093,37004038,13945,34926472,13945,34912527,0,0
37039137,730,1,2077536,36621501,37039137,417636,34961601,417636,34543965,0,0
37098377,734,1,2077552,36751857,37098377,346520,35020825,346520,34674305,0,0
37107292,723,1,2077520,36561583,37107292,545709,35029772,545709,34484063,0,0
37132536,740,1,2077566,36923835,37132536,208701,35054970,208701,34846269,0,0
37153441,720,1,2077514,36437933,37153441,715508,35075927,715508,34360419,0,0
37174552,738,1,2077558,36828016,37174552,346536,35096994,346536,34750458,0,0
37194734,749,1,2077589,37174552,37194734,20182,35117145,20182,35096963,0,0
37226985,746,1,2077581,37107292,37226985,119693,35149404,119693,35029711,0,0
37239596,737,1,2077558,36818398,37239596,421198,35162038,421198,34740840,0,0
37293574,739,1,2077559,36890876,37293574,402698,35216015,402698,34813317,0,0
37312976,683,1,2077452,36035177,37312976,1277799,35235524,1277799,33957725,0,0
37323698,694,1,2077467,36035177,37323698,1288521,35246231,1288521,33957710,0,0
37349012,755,1,2077607,37323698,37349012,25314,35271405,25314,35246091,0,0
37362944,756,1,2077611,37349012,37362944,13932,35285333,13932,35271401,0,0
37363505,705,1,2077486,36085979,37363505,1277526,35286019,1277526,34008493,0,0
37388262,757,1,2077612,37362944,37388262,25318,35310650,25318,35285332,0,0
37412311,759,1,2077619,37388262,37412311,24049,35334692,24049,35310643,0,0
37451322,528,1,1548077,24248450,37451322,13202872,35903245,13202872,22700373,0,0
37523022,761,1,2077624,37451322,37523022,71700,35445398,71700,35373698,0,0
37523229,753,1,2077597,37293574,37523229,229655,35445632,229655,35215977,0,0
37551548,600,1,1626183,31794075,37551548,5757473,35925365,5757473,30167892,0,0
37568799,714,1,2077493,36292454,37568799,1276345,35491306,1276345,34214961,0,0
37586945,727,1,2077529,36591092,37586945,995853,35509416,995853,34513563,0,0
37659275,766,1,2077636,37586945,37659275,72330,35581639,72330,35509309,0,0
37660248,752,1,2077597,37239596,37660248,420652,35582651,420652,35161999,0,0
37731950,768,1,2077643,37660248,37731950,71702,35654307,71702,35582605,0,0
37809558,673,8,2076536,36035177,37809558,1774381,35733022,1774381,33958641,0,0
37834856,775,1,2077660,37809558,37834856,25298,35757196,25298,35731898,0,0
37835995,777,1,2077666,37809558,37835995,26437,35758329,26437,35731892,0,0
37877416,689,1,2077461,36035177,37877416,1842239,35799955,1842239,33957716,0,0
37879669,774,1,2077659,37809558,37879669,70111,35802010,70111,35731899,0,0
37881251,771,1,2077651,37809558,37881251,71693,35803600,71693,35731907,0,0
37887470,690,1,2077462,36035177,37887470,1852293,35810008,1852293,33957715,0,0
37887733,678,1,2077444,36035177,37887733,1852556,35810289,1852556,33957733,0,0
37901567,782,1,2077677,37881251,37901567,20316,35823890,20316,35803574,0,0
37917392,604,1,1631510,31812162,37917392,6105230,36285882,6105230,30180652,0,0
37951925,781,1,2077674,37879669,37951925,72256,35874251,72256,35801995,0,0
37959716,783,1,2077682,37887470,37959716,72246,35882034,72246,35809788,0,0
37978148,787,1,2077690,37951925,37978148,26223,35900458,26223,35874235,0,0
38042458,779,1,2077669,37835995,38042458,206463,35964789,206463,35758326,0,0
38062874,763,1,2077632,37523229,38062874,539645,35985242,539645,35445597,0,0
38064148,498,1,1547576,23215583,38064148,14848565,36516572,14848565,21668007,0,0
38064621,707,1,2077486,36213865,38064621,1850756,35987135,1850756,34136379,0,0
38079119,788,1,2077693,37959716,38079119,119403,36001426,119403,35882023,0,0
38103129,794,1,2077707,38079119,38103129,24010,36025422,24010,36001412,0,0
38112166,710,1,2077488,36245034,38112166,1867132,36034678,1867132,34167546,0,0
38116476,630,1,1662451,31812162,38116476,6304314,36454025,6304314,30149711,0,0
38186956,717,1,2077501,36336858,38186956,1850098,36109455,1850098,34259357,0,0
38199184,547,1,1548270,24764011,38199184,13435173,36650914,13435173,23215741,0,0
38222923,780,1,2077672,37877416,38222923,345507,36145251,345507,35799744,0,0
38282251,765,1,2077635,37568799,38282251,713452,36204616,713452,35491164,0,0
38416703,558,1,1548400,25179403,38416703,13237300,36868303,13237300,23631003,0,0
38440792,786,1,2077688,37917392,38440792,523400,36363104,523400,35839704,0,0
38443846,790,1,2077699,38042458,38443846,401388,36366147,401388,35964759,0,0
38451634,800,1,2077723,38222923,38451634,228711,36373911,228711,36145200,0,0
38469319,793,1,2077706,38064621,38469319,404698,36391613,404698,35986915,0,0
38513621,796,1,2077714,38112166,38513621,401455,36435907,401455,36034452,0,0
38517624,797,1,2077716,38116476,38517624,401148,36439908,401148,36038760,0,0
38522721,776,1,2077661,37809558,38522721,713163,36445060,713163,35731897,0,0
38536898,555,1,1548392,25110081,38536898,13426817,36988506,13426817,23561689,0,0
38537743,808,1,2077748,38517624,38537743,20119,36459995,20119,36439876,0,0
38542833,809,1,2077752,38522721,38542833,20112,36465081,20112,36444969,0,0
38557302,810,1,2077754,38536898,38557302,20404,36479548,20404,36459144,0,0
38569211,812,1,2077760,38542833,38569211,26378,36491451,26378,36465073,0,0
38631241,584,1,1587084,30699972,38631241,7931269,37044157,7931269,29112888,0,0
38676979,801,1,2077729,38282251,38676979,394728,36599250,394728,36204522,0,0
38700092,816,1,2077772,38676979,38700092,23113,36622320,23113,36599207,0,0
38811638,688,1,2077460,36035177,38811638,2776461,36734178,2776461,33957717,0,0
38818548,682,1,2077452,36035177,38818548,2783371,36741096,2783371,33957725,0,0
38825531,764,1,2077633,37551548,38825531,1273983,36747898,1273983,35473915,0,0
38825984,677,1,2077402,36035177,38825984,2790807,36748582,2790807,33957775,0,0
38867336,805,1,2077741,38451634,38867336,415702,36789595,415702,36373893,0,0
38881621,706,1,2077486,36107331,38881621,2774290,36804135,2774290,34029845,0,0
38915359,798,1,2077721,38186956,38915359,728403,36837638,728403,36109235,0,0
38922288,639,1,1719117,32260148,38922288,6662140,37203171,6662140,30541031,0,0
38932854,807,1,2077748,38513621,38932854,419233,36855106,419233,36435873,0,0
38955036,826,1,2077801,38932854,38955036,22182,36877235,22182,36855053,0,0
39025730,815,1,2077770,38631241,39025730,394489,36947960,394489,36553471,0,0
39040088,819,1,2077781,38818548,39040088,221540,36962307,221540,36740767,0,0
39051902,742,1,2077569,36994563,39051902,2057339,36974333,2057339,34916994,0,0
39058592,827,1,2077806,38955036,39058592,103556,36980786,103556,36877230,0,0
39084813,773,1,2077657,37809558,39084813,1275255,37007156,1275255,35731901,0,0
39088387,770,1,2077648,37809558,39088387,1278829,37010739,1278829,35731910,0,0
39090474,814,1,2077765,38569211,39090474,521263,37012709,521263,36491446,0,0
39155769,804,1,2077736,38443846,39155769,711923,37078033,711923,36366110,0,0
39195562,822,1,2077791,38867336,39195562,328226,37117771,328226,36789545,0,0
39214367,655,1,1966745,32571287,39214367,6643080,37247622,6643080,30604542,0,0
39226695,837,1,2077844,39214367,39226695,12328,37148851,12328,37136523,0,0
39261522,825,1,2077799,38922288,39261522,339234,37183723,339234,36844489,0,0
39296578,687,1,2077457,36035177,39296578,3261401,37219121,3261401,33957720,0,0
39334193,792,1,2077705,38064148,39334193,1270045,37256488,1270045,35986443,0,0
39386300,754,1,2077599,37312976,39386300,2073324,37308701,2073324,35235377,0,0
39430400,731,1,2077543,36661112,39430400,2769288,37352857,2769288,34583569,0,0
39435011,261,1,1317137,9049548,39435011,30385463,38117874,30385463,7732411,0,0
39437882,830,1,2077814,39051902,39437882,385980,37360068,385980,36974088,0,0
39446623,831,1,2077825,39058592,39446623,388031,37368798,388031,36980767,0,0
39475548,834,1,2077834,39090474,39475548,385074,37397714,385074,37012640,0,0
39503649,820,1,2077786,38825531,39503649,678118,37425863,678118,36747745,0,0
39518380,602,1,1630267,31812162,39518380,7706218,37888113,7706218,30181895,0,0
39537430,821,1,2077790,38825984,39537430,711446,37459640,711446,36748194,0,0
39578862,253,1,1299635,8929959,39578862,30648903,38279227,30648903,7630324,0,0
39600141,832,1,2077827,39084813,39600141,515328,37522314,515328,37006986,0,0
39663043,835,1,2077838,39155769,39663043,507274,37585205,507274,37077931,0,0
39670080,845,1,2077868,39437882,39670080,232198,37592212,232198,37360014,0,0
39672202,847,1,2077875,39475548,39672202,196654,37594327,196654,37397673,0,0
39705755,850,1,2077887,39537430,39705755,168325,37627868,168325,37459543,0,0
39715162,828,1,2077806,39025730,39715162,689432,37637356,689432,36947924,0,0
39715652,623,1,1662113,31812162,39715652,7903490,38053539,7903490,30150049,0,0
39728625,838,1,2077847,39226695,39728625,501930,37650778,501930,37148848,0,0
39730559,856,1,2077905,39705755,39730559,24804,37652654,24804,37627850,0,0
39735337,605,1,1631517,31812162,39735337,7923175,38103820,7923175,30180645,0,0
39771616,743,1,2077574,37004038,39771616,2767578,37694042,2767578,34926464,0,0
39774090,854,1,2077899,39670080,39774090,104010,37696191,104010,37592181,0,0
39784987,769,1,2077643,37731950,39784987,2053037,37707344,2053037,35654307,0,0
39805745,851,1,2077890,39578862,39805745,226883,37727855,226883,37500972,0,0
39806123,811,1,2077757,38537743,39806123,1268380,37728366,1268380,36459986,0,0
39806499,848,1,2077879,39503649,39806499,302850,37728620,302850,37425770,0,0
39807570,744,1,2077574,37039137,39807570,2768433,37729996,2768433,34961563,0,0
39862009,772,1,2077652,37809558,39862009,2052451,37784357,2052451,35731906,0,0
39893622,855,1,2077904,39672202,39893622,221420,37815718,221420,37594298,0,0
39941955,839,1,2077851,39261522,39941955,680433,37864104,680433,37183671,0,0
39963597,846,1,2077871,39446623,39963597,516974,37885726,516974,37368752,0,0
40008303,397,1,1545064,20667681,40008303,19340622,38463239,19340622,19122617,0,0
40028790,789,1,2077696,37978148,40028790,2050642,37951094,2050642,35900452,0,0
40112783,791,1,2077699,38062874,40112783,2049909,38035084,2049909,35985175,0,0
40123266,852,1,2077893,39600141,40123266,523125,38045373,523125,37522248,0,0
40147729,823,1,2077794,38881621,40147729,1266108,38069935,1266108,36803827,0,0
40160332,849,1,2077885,39518380,40160332,641952,38082447,641952,37440495,0,0
40210544,750,1,2077590,37194734,40210544,3015810,38132954,3015810,35117144,0,0
40242795,751,1,2077591,37226985,40242795,3015810,38165204,3015810,35149394,0,0
40296334,803,1,2077733,38440792,40296334,1855542,38218601,1855542,36363059,0,0
40383808,747,1,2077582,37132536,40383808,3251272,38306226,3251272,35054954,0,0
40465487,802,1,2077732,38416703,40465487,2048784,38387755,2048784,36338971,0,0
40569572,842,1,2077859,39386300,40569572,1183272,38491713,1183272,37308441,0,0
40587573,696,1,2077470,36035177,40587573,4552396,38510103,4552396,33957707,0,0
40648213,818,1,2077781,38811638,40648213,1836575,38570432,1836575,36733857,0,0
40672359,767,1,2077641,37659275,40672359,3013084,38594718,3013084,35581634,0,0
40950669,593,1,1618366,31280558,40950669,9670111,39332303,9670111,29662192,0,0
41080330,778,1,2077666,37834856,41080330,3245474,39002664,3245474,35757190,0,0
41132201,784,1,2077682,37887733,41132201,3244468,39054519,3244468,35810051,0,0
41271717,841,1,2077858,39334193,41271717,1937524,39193859,1937524,37256335,0,0
41345355,795,1,2077713,38103129,41345355,3242226,39267642,3242226,36025416,0,0
41440637,799,1,2077722,38199184,41440637,3241453,39362915,3241453,36121462,0,0
41467512,817,1,2077773,38700092,41467512,2767420,39389739,2767420,36622319,0,0
41627729,813,1,2077762,38557302,41627729,3070427,39549967,3070427,36479540,0,0
41706694,844,1,2077867,39435011,41706694,2271683,39628827,2271683,37357144,0,0
41711777,806,1,2077745,38469319,41711777,3242458,39634032,3242458,36391574,0,0
41737603,155,1,1016326,2953199,41737603,38784404,40721277,38784404,1936873,0,0
41782139,840,1,2077858,39296578,41782139,2485561,39704281,2485561,37218720,0,0
41907405,581,1,1586989,30699972,41907405,11207433,40320416,11207433,29112983,0,0
41908901,559,1,1548401,25186588,41908901,16722313,40360500,16722313,23638187,0,0
41947877,836,1,2077843,39195562,41947877,2752315,39870034,2752315,37117719,0,0
42048566,624,1,1662324,31812162,42048566,10236404,40386242,10236404,30149838,0,0
42061187,829,1,2077813,39040088,42061187,3021099,39983374,3021099,36962275,0,0
42643711,728,1,2077535,36608091,42643711,6035620,40566176,6035620,34530556,0,0
42680770,857,8,2080166,42643711,42680770,37059,40600604,37059,40563545,0,0
43087928,684,1,2077453,36035177,43087928,7052751,41010475,7052751,33957724,0,0
43106051,858,8,2089124,42680770,43106051,425281,41016927,425281,40591646,0,0
43128903,704,1,2077483,36084508,43128903,7044395,41051420,7044395,34007025,0,0
43182754,748,1,2077583,37153441,43182754,6029313,41105171,6029313,35075858,0,0
43199589,860,1,2122217,43106051,43199589,93538,41077372,93538,40983834,0,0
43217807,471,1,1547195,22633285,43217807,20584522,41670612,20584522,21086090,0,0
43390094,758,1,2077617,37363505,43390094,6026589,41312477,6026589,35285888,0,0
43411001,468,1,1547163,22633285,43411001,20777716,41863838,20777716,21086122,0,0
43436463,760,1,2077619,37412311,43436463,6024152,41358844,6024152,35334692,0,0
43462257,843,1,2077864,39430400,43462257,4031857,41384393,4031857,37352536,0,0
43464971,861,8,2122450,43462257,43464971,2714,41342521,2714,41339807,0,0
43482721,885,1,2125326,43464971,43482721,17750,41357395,17750,41339645,0,0
43487341,880,1,2125310,43464971,43487341,22370,41362031,22370,41339661,0,0
43489582,887,1,2125333,43464971,43489582,24611,41364249,24611,41339638,0,0
43491411,868,1,2125272,43464971,43491411,26440,41366139,26440,41339699,0,0
43509374,894,1,2125358,43464971,43509374,44403,41384016,44403,41339613,0,0
43530418,875,1,2125293,43464971,43530418,65447,41405125,65447,41339678,0,0
43546170,762,1,2077629,37523022,43546170,6023148,41468541,6023148,35445393,0,0
43554760,871,1,2125283,43464971,43554760,89789,41429477,89789,41339688,0,0
43555474,891,1,2125344,43464971,43555474,90503,41430130,90503,41339627,0,0
43568999,909,1,2125416,43530418,43568999,38581,41443583,38581,41405002,0,0
43585849,859,8,2121427,43106051,43585849,479798,41464422,479798,40984624,0,0
43586566,893,1,2125354,43464971,43586566,121595,41461212,121595,41339617,0,0
43601005,912,1,2125435,43555474,43601005,45531,41475570,45531,41430039,0,0
43645050,874,1,2125292,43464971,43645050,180079,41519758,180079,41339679,0,0
43657503,878,1,2125304,43464971,43657503,192532,41532199,192532,41339667,0,0
43694723,903,1,2125395,43464971,43694723,229752,41569328,229752,41339576,0,0
43697989,905,1,2125400,43487341,43697989,210648,41572589,210648,41361941,0,0
43769448,890,1,2125341,43464971,43769448,304477,41644107,304477,41339630,0,0
43770014,866,1,2125270,43464971,43770014,305043,41644744,305043,41339701,0,0
43849245,911,1,2125427,43554760,43849245,294485,41723818,294485,41429333,0,0
43893171,914,1,2125445,43585849,43893171,307322,41767726,307322,41460404,0,0
43896316,884,1,2125325,43464971,43896316,431345,41770991,431345,41339646,0,0
43903314,896,1,2125364,43464971,43903314,438343,41777950,438343,41339607,0,0
43953355,915,8,2127866,43893171,43953355,60184,41825489,60184,41765305,0,0
43997913,916,8,2128341,43953355,43997913,44558,41869572,44558,41825014,0,0
44050784,879,1,2125305,43464971,44050784,585813,41925479,585813,41339666,0,0
44072484,917,8,2134973,43997913,44072484,74571,41937511,74571,41862940,0,0
44085461,883,1,2125318,43464971,44085461,620490,41960143,620490,41339653,0,0
44107219,918,1,2135971,43997913,44107219,109306,41971248,109306,41861942,0,0
44126060,745,1,2077575,37098377,44126060,7027683,42048485,7027683,35020802,0,0
44139574,898,1,2125375,43464971,44139574,674603,42014199,674603,41339596,0,0
44153201,897,1,2125371,43464971,44153201,688230,42027830,688230,41339600,0,0
44162642,886,1,2125329,43464971,44162642,697671,42037313,697671,41339642,0,0
44221049,501,1,1547615,23448514,44221049,20772535,42673434,20772535,21900899,0,0
44255208,908,1,2125413,43509374,44255208,745834,42129795,745834,41383961,0,0
44264974,870,1,2125278,43464971,44264974,800003,42139696,800003,41339693,0,0
44292478,902,1,2125390,43464971,44292478,827507,42167088,827507,41339581,0,0
44355599,913,1,2125443,43568999,44355599,786600,42230156,786600,41443556,0,0
44369441,895,1,2125364,43464971,44369441,904470,42244077,904470,41339607,0,0
44408735,632,1,1690479,31812162,44408735,12596573,42718256,12596573,30121683,0,0
44481987,863,1,2125255,43464971,44481987,1017016,42356732,1017016,41339716,0,0
44523198,910,1,2125424,43546170,44523198,977028,42397774,977028,41420746,0,0
44556663,881,1,2125312,43464971,44556663,1091692,42431351,1091692,41339659,0,0
44569523,876,1,2125297,43464971,44569523,1104552,42444226,1104552,41339674,0,0
44796140,899,1,2125379,43464971,44796140,1331169,42670761,1331169,41339592,0,0
44808729,872,1,2125284,43464971,44808729,1343758,42683445,1343758,41339687,0,0
44974707,785,1,2077685,37901567,44974707,7073140,42897022,7073140,35823882,0,0
45317675,906,1,2125405,43489582,45317675,1828093,43192270,1828093,41364177,0,0
45402455,833,1,2077834,39088387,45402455,6314068,43324621,6314068,37010553,0,0
45573796,853,1,2077896,39663043,45573796,5910753,43495900,5910753,37585147,0,0
45683481,869,1,2125277,43464971,45683481,2218510,43558204,2218510,41339694,0,0
45837124,901,1,2125386,43464971,45837124,2372153,43711738,2372153,41339585,0,0
45879368,824,1,2077798,38915359,45879368,6964009,43801570,6964009,36837561,0,0
45898331,904,1,2125397,43482721,45898331,2415610,43772934,2415610,41357324,0,0
45901104,574,1,1564294,30699972,45901104,15201132,44336810,15201132,29135678,0,0
46044149,867,1,2125270,43464971,46044149,2579178,43918879,2579178,41339701,0,0
46230446,882,1,2125316,43464971,46230446,2765475,44105130,2765475,41339655,0,0
46244369,919,8,2143348,44072484,46244369,2171885,44101021,2171885,41929136,0,0
46387233,19,1,542673,542673,46387233,45844560,45844560,45844560,0,0,0
46683542,877,1,2125300,43464971,46683542,3218571,44558242,3218571,41339671,0,0
46709930,864,1,2125262,43464971,46709930,3244959,44584668,3244959,41339709,0,0
46749175,920,8,2143373,46244369,46749175,504806,44605802,504806,44100996,0,0
46798383,926,1,2153094,46749175,46798383,49208,44645289,49208,44596081,0,0
46821566,925,1,2153080,46749175,46821566,72391,44668486,72391,44596095,0,0
46855566,924,1,2153049,46749175,46855566,106391,44702517,106391,44596126,0,0
46892116,921,8,2145259,46749175,46892116,142941,44746857,142941,44603916,0,0
46910232,962,1,2211941,46892116,46910232,18116,44698291,18116,44680175,0,0
46917101,944,1,2211876,46892116,46917101,24985,44705225,24985,44680240,0,0
46920943,928,1,2210375,46892116,46920943,28827,44710568,28827,44681741,0,0
46920970,950,1,2211902,46892116,46920970,28854,44709068,28854,44680214,0,0
46923480,931,1,2211833,46892116,46923480,31364,44711647,31364,44680283,0,0
46923891,956,1,2211921,46892116,46923891,31775,44711970,31775,44680195,0,0
46924740,959,1,2211930,46892116,46924740,32624,44712810,32624,44680186,0,0
46924745,954,1,2211915,46892116,46924745,32629,44712830,32629,44680201,0,0
46926741,935,1,2211845,46892116,46926741,34625,44714896,34625,44680271,0,0
46927787,943,1,2211870,46892116,46927787,35671,44715917,35671,44680246,0,0
46948792,966,1,2211955,46892116,46948792,56676,44736837,56676,44680161,0,0
46954246,977,1,2212016,46924745,46954246,29501,44742230,29501,44712729,0,0
46955902,927,8,2207371,46892116,46955902,63786,44748531,63786,44684745,0,0
46962313,973,1,2211976,46920970,46962313,41343,44750337,41343,44708994,0,0
46965018,951,1,2211905,46892116,46965018,72902,44753113,72902,44680211,0,0
47015798,949,1,2211902,46892116,47015798,123682,44803896,123682,44680214,0,0
47021155,961,1,2211937,46892116,47021155,129039,44809218,129039,44680179,0,0
47026668,965,1,2211954,46892116,47026668,134552,44814714,134552,44680162,0,0
47043152,979,8,2212095,46955902,47043152,87250,44831057,87250,44743807,0,0
47051204,982,1,2212669,47043152,47051204,8052,44838535,8052,44830483,0,0
47109472,978,1,2212029,46926741,47109472,182731,44897443,182731,44714712,0,0
47136115,980,8,2212492,47043152,47136115,92963,44923623,92963,44830660,0,0
47165367,957,1,2211924,46892116,47165367,273251,44953443,273251,44680192,0,0
47168978,960,1,2211934,46892116,47168978,276862,44957044,276862,44680182,0,0
47227716,969,1,2211964,46892116,47227716,335600,45015752,335600,44680152,0,0
47235858,974,1,2211978,46923480,47235858,312378,45023880,312378,44711502,0,0
47262705,981,1,2212600,47043152,47262705,219553,45050105,219553,44830552,0,0
47266537,938,1,2211855,46892116,47266537,374421,45054682,374421,44680261,0,0
47285537,989,1,2240445,47136115,47285537,149422,45045092,149422,44895670,0,0
47294546,936,1,2211847,46892116,47294546,402430,45082699,402430,44680269,0,0
47314834,865,1,2125266,43464971,47314834,3849863,45189568,3849863,41339705,0,0
47347246,988,1,2240439,47136115,47347246,211131,45106807,211131,44895676,0,0
47350650,975,1,2211986,46923891,47350650,426759,45138664,426759,44711905,0,0
47359296,932,1,2211839,46892116,47359296,467180,45147457,467180,44680277,0,0
47481333,933,1,2211841,46892116,47481333,589217,45269492,589217,44680275,0,0
47497777,940,1,2211858,46892116,47497777,605661,45285919,605661,44680258,0,0
47523901,892,1,2125344,43464971,47523901,4058930,45398557,4058930,41339627,0,0
47530121,987,1,2237050,47136115,47530121,394006,45293071,394006,44899065,0,0
47532223,985,1,2236814,47136115,47532223,396108,45295409,396108,44899301,0,0
47565034,986,1,2236875,47136115,47565034,428919,45328159,428919,44899240,0,0
47596469,970,1,2211969,46910232,47596469,686237,45384500,686237,44698263,0,0
47597496,945,1,2211881,46892116,47597496,705380,45385615,705380,44680235,0,0
47669836,923,1,2153013,46749175,47669836,920661,45516823,920661,44596162,0,0
47674339,941,1,2211862,46892116,47674339,782223,45462477,782223,44680254,0,0
47727486,948,1,2211895,46892116,47727486,835370,45515591,835370,44680221,0,0
47808880,990,1,2240449,47136115,47808880,672765,45568431,672765,44895666,0,0
47949737,992,1,2240476,47165367,47949737,784370,45709261,784370,44924891,0,0
48356540,907,1,2125411,43491411,48356540,4865129,46231129,4865129,41366000,0,0
48535122,942,1,2211866,46892116,48535122,1643006,46323256,1643006,44680250,0,0
48760990,889,1,2125339,43464971,48760990,5296019,46635651,5296019,41339632,0,0
48948944,976,1,2212007,46924740,48948944,2024204,46736937,2024204,44712733,0,0
49007699,947,1,2211887,46892116,49007699,2115583,46795812,2115583,44680229,0,0
49022391,993,1,2240477,47168978,49022391,1853413,46781914,1853413,44928501,0,0
49469477,937,1,2211849,46892116,49469477,2577361,47257628,2577361,44680267,0,0
50106619,964,1,2211950,46892116,50106619,3214503,47894669,3214503,44680166,0,0
50227874,953,1,2211911,46892116,50227874,3335758,48015963,3335758,44680205,0,0
50262766,939,1,2211857,46892116,50262766,3370650,48050909,3370650,44680259,0,0
50267396,972,1,2211972,46920943,50267396,3346453,48055424,3346453,44708971,0,0
50413946,664,1,2042175,32584946,50413946,17829000,48371771,17829000,30542771,0,0
50512579,934,1,2211843,46892116,50512579,3620463,48300736,3620463,44680273,0,0
50737687,929,1,2211831,46892116,50737687,3845571,48525856,3845571,44680285,0,0
51224151,900,1,2125382,43464971,51224151,7759180,49098769,7759180,41339589,0,0
51248013,888,1,2125334,43464971,51248013,7783042,49122679,7783042,41339637,0,0
51888298,958,1,2211928,46892116,51888298,4996182,49676370,4996182,44680188,0,0
52064689,946,1,2211883,46892116,52064689,5172573,49852806,5172573,44680233,0,0
52118047,991,1,2240475,47136115,52118047,4981932,49877572,4981932,44895640,0,0
52622335,335,8,1532595,18949972,52622335,33672363,51089740,33672363,17417377,0,0
52869003,996,1,2251266,52622335,52869003,246668,50617737,246668,50371069,0,0
53210129,995,8,2251214,52622335,53210129,587794,50958915,587794,50371121,0,0
53230091,997,1,2251410,52622335,53230091,607756,50978681,607756,50370925,0,0
53359142,999,1,2251733,53210129,53359142,149013,51107409,149013,50958396,0,0
53435327,391,8,1543016,20527360,53435327,32907967,51892311,32907967,18984344,0,0
53488597,1001,1,2264421,53435327,53488597,53270,51224176,53270,51170906,0,0
53664800,998,8,2251500,53210129,53664800,454671,51413300,454671,50958629,0,0
53683847,1006,1,2296260,53664800,53683847,19047,51387587,19047,51368540,0,0
53746063,1000,8,2251889,53435327,53746063,310736,51494174,310736,51183438,0,0
53872411,1007,8,2296304,53746063,53872411,126348,51576107,126348,51449759,0,0
53925977,1014,1,2298699,53872411,53925977,53566,51627278,53566,51573712,0,0
54041282,1011,1,2297323,53872411,54041282,168871,51743959,168871,51575088,0,0
54054792,983,1,2215865,47043152,54054792,7011640,51838927,7011640,44827287,0,0
54112786,1010,8,2297289,53872411,54112786,240375,51815497,240375,51575122,0,0
54120296,1016,1,2309823,54112786,54120296,7510,51810473,7510,51802963,0,0
54158450,952,1,2211910,46892116,54158450,7266334,51946540,7266334,44680206,0,0
54165687,1015,8,2304022,54112786,54165687,52901,51861665,52901,51808764,0,0
54168489,1022,1,2325095,54165687,54168489,2802,51843394,2802,51840592,0,0
54215622,1020,1,2319673,54165687,54215622,49935,51895949,49935,51846014,0,0
54254265,1017,1,2310772,54112786,54254265,141479,51943493,141479,51802014,0,0
54308669,1023,1,2325304,54165687,54308669,142982,51983365,142982,51840383,0,0
54312066,1024,1,2325386,54165687,54312066,146379,51986680,146379,51840301,0,0
54360551,1029,1,2347705,54165687,54360551,194864,52012846,194864,51817982,0,0
54563719,1018,1,2310772,54112786,54563719,450933,52252947,450933,51802014,0,0
54781429,1021,1,2325095,54165687,54781429,615742,52456334,615742,51840592,0,0
54804461,1013,1,2297575,53872411,54804461,932050,52506886,932050,51574836,0,0
54804670,873,1,2125286,43464971,54804670,11339699,52679384,11339699,41339685,0,0
54808968,1048,1,2397292,54804670,54808968,4298,52411676,4298,52407378,0,0
54810237,1034,1,2369802,54804670,54810237,5567,52440435,5567,52434868,0,0
54812750,1053,1,2397305,54804670,54812750,8080,52415445,8080,52407365,0,0
54831745,1037,1,2377471,54804670,54831745,27075,52454274,27075,52427199,0,0
54852889,1039,1,2381789,54804670,54852889,48219,52471100,48219,52422881,0,0
54864661,1036,1,2370220,54804670,54864661,59991,52494441,59991,52434450,0,0
54911320,1050,1,2397298,54804670,54911320,106650,52514022,106650,52407372,0,0
54918658,1059,1,2397321,54812750,54918658,105908,52521337,105908,52415429,0,0
54926148,1061,1,2397329,54852889,54926148,73259,52528819,73259,52455560,0,0
54934631,1065,1,2397338,54926148,54934631,8483,52537293,8483,52528810,0,0
54935906,1040,1,2382152,54804670,54935906,131236,52553754,131236,52422518,0,0
54944155,1067,1,2397346,54935906,54944155,8249,52546809,8249,52538560,0,0
54954885,1068,1,2397347,54944155,54954885,10730,52557538,10730,52546808,0,0
54962177,1069,1,2397352,54954885,54962177,7292,52564825,7292,52557533,0,0
54967707,1051,1,2397303,54804670,54967707,163037,52570404,163037,52407367,0,0
54971010,1057,1,2397315,54808968,54971010,162042,52573695,162042,52411653,0,0
54989043,1035,1,2370005,54804670,54989043,184373,52619038,184373,52434665,0,0
54994088,1044,1,2386179,54804670,54994088,189418,52607909,189418,52418491,0,0
55050297,1070,1,2397353,54962177,55050297,88120,52652944,88120,52564824,0,0
55082175,1052,1,2397305,54804670,55082175,277505,52684870,277505,52407365,0,0
55096086,1028,1,2346324,54165687,55096086,930399,52749762,930399,51819363,0,0
55097886,963,1,2211945,46892116,55097886,8205770,52885941,8205770,44680171,0,0
55103732,1078,1,2397379,55097886,55103732,5846,52706353,5846,52700507,0,0
55113501,1079,1,2397385,55103732,55113501,9769,52716116,9769,52706347,0,0
55118501,1072,1,2397362,54971010,55118501,147491,52721139,147491,52573648,0,0
55129498,1081,1,2397392,55118501,55129498,10997,52732106,10997,52721109,0,0
55139096,1026,1,2345913,54165687,55139096,973409,52793183,973409,51819774,0,0
55146274,1077,1,2397378,55096086,55146274,50188,52748896,50188,52698708,0,0
55156886,1084,1,2397398,55146274,55156886,10612,52759488,10612,52748876,0,0
55179319,967,1,2211961,46892116,55179319,8287203,52967358,8287203,44680155,0,0
55211896,1082,1,2397393,55129498,55211896,82398,52814503,82398,52732105,0,0
55291002,1019,8,2313520,54165687,55291002,1125315,52977482,1125315,51852167,0,0
55300993,1091,1,2397426,55291002,55300993,9991,52903567,9991,52893576,0,0
55321028,1089,1,2397420,55291002,55321028,30026,52923608,30026,52893582,0,0
55326859,1097,1,2397443,55321028,55326859,5831,52929416,5831,52923585,0,0
55329885,1032,1,2369552,54804670,55329885,525215,52960333,525215,52435118,0,0
55331048,1096,1,2397442,55300993,55331048,30055,52933606,30055,52903551,0,0
55335289,1098,1,2397446,55326859,55335289,8430,52937843,8430,52929413,0,0
55340136,1080,1,2397392,55113501,55340136,226635,52942744,226635,52716109,0,0
55350096,1102,1,2397457,55340136,55350096,9960,52952639,9960,52942679,0,0
55359894,1099,1,2397449,55329885,55359894,30009,52962445,30009,52932436,0,0
55361667,1087,1,2397413,55211896,55361667,149771,52964254,149771,52814483,0,0
55368963,1056,1,2397313,54804670,55368963,564293,52971650,564293,52407357,0,0
55392361,1093,1,2397435,55291002,55392361,101359,52994926,101359,52893567,0,0
55405762,1086,1,2397406,55179319,55405762,226443,53008356,226443,52781913,0,0
55435928,1090,1,2397423,55291002,55435928,144926,53038505,144926,52893579,0,0
55438379,1083,1,2397396,55139096,55438379,299283,53040983,299283,52741700,0,0
55479836,1101,1,2397456,55335289,55479836,144547,53082380,144547,52937833,0,0
55510329,1092,1,2397426,55291002,55510329,219327,53112903,219327,52893576,0,0
55510329,1095,1,2397437,55291002,55510329,219327,53112892,219327,52893565,0,0
55527996,1074,1,2397371,54994088,55527996,533908,53130625,533908,52596717,0,0
55540246,1113,1,2397486,55510329,55540246,29917,53142760,29917,53112843,0,0
55566106,1111,1,2397480,55479836,55566106,86270,53168626,86270,53082356,0,0
55566233,1041,1,2382399,54804670,55566233,761563,53183834,761563,52422271,0,0
55566526,1107,1,2397470,55392361,55566526,174165,53169056,174165,52994891,0,0
55577191,1117,1,2397492,55566233,55577191,10958,53179699,10958,53168741,0,0
55580294,1109,1,2397474,55435928,55580294,144366,53182820,144366,53038454,0,0
55580608,1105,1,2397468,55361667,55580608,218941,53183140,218941,52964199,0,0
55596461,1094,1,2397436,55291002,55596461,305459,53199025,305459,52893566,0,0
55606278,1110,1,2397477,55438379,55606278,167899,53208801,167899,53040902,0,0
55611486,1112,1,2397483,55510329,55611486,101157,53214003,101157,53112846,0,0
55614172,1114,1,2397487,55527996,55614172,86176,53216685,86176,53130509,0,0
55621422,1124,1,2397513,55611486,55621422,9936,53223909,9936,53213973,0,0
55629923,1100,1,2397452,55331048,55629923,298875,53232471,298875,52933596,0,0
55632107,1055,1,2397312,54804670,55632107,827437,53234795,827437,52407358,0,0
55642043,1049,1,2397293,54804670,55642043,837373,53244750,837373,52407377,0,0
55647839,1129,1,2397522,55642043,55647839,5796,53250317,5796,53244521,0,0
55648615,1103,1,2397460,55350096,55648615,298519,53251155,298519,52952636,0,0
55656875,1116,1,2397491,55566106,55656875,90769,53259384,90769,53168615,0,0
55662099,1118,1,2397495,55566526,55662099,95573,53264604,95573,53169031,0,0
55663323,1119,1,2397496,55577191,55663323,86132,53265827,86132,53179695,0,0
55667227,1106,1,2397469,55368963,55667227,298264,53269758,298264,52971494,0,0
55673020,1135,1,2397549,55667227,55673020,5793,53275471,5793,53269678,0,0
55674255,1134,1,2397549,55663323,55674255,10932,53276706,10932,53265774,0,0
55679995,1136,1,2397554,55673020,55679995,6975,53282441,6975,53275466,0,0
55702616,1075,1,2397375,55050297,55702616,652319,53305241,652319,52652922,0,0
55709639,1046,1,2386722,54804670,55709639,904969,53322917,904969,52417948,0,0
55710439,1108,1,2397472,55405762,55710439,304677,53312967,304677,53008290,0,0
55722527,1126,1,2397514,55621422,55722527,101105,53325013,101105,53223908,0,0
55724933,1121,1,2397506,55580608,55724933,144325,53327427,144325,53183102,0,0
55727554,1128,1,2397519,55632107,55727554,95447,53330035,95447,53234588,0,0
55734840,1143,1,2397578,55724933,55734840,9907,53337262,9907,53327355,0,0
55745345,1145,1,2397583,55734840,55745345,10505,53347762,10505,53337257,0,0
55754370,1120,1,2397500,55580294,55754370,174076,53356870,174076,53182794,0,0
55764885,1147,1,2397591,55754370,55764885,10515,53367294,10515,53356779,0,0
55770170,1122,1,2397507,55596461,55770170,173709,53372663,173709,53198954,0,0
55775273,1138,1,2397558,55679995,55775273,95278,53377715,95278,53282437,0,0
55782637,1064,1,2397338,54918658,55782637,863979,53385299,863979,52521320,0,0
55799783,1066,1,2397344,54934631,55799783,865152,53402439,865152,52537287,0,0
55799944,1149,1,2397594,55770170,55799944,29774,53402350,29774,53372576,0,0
55805556,1152,1,2397600,55799783,55805556,5773,53407956,5773,53402183,0,0
55809825,1153,1,2397605,55799944,55809825,9881,53412220,9881,53402339,0,0
55818184,1155,1,2397609,55809825,55818184,8359,53420575,8359,53412216,0,0
55819349,1132,1,2397533,55656875,55819349,162474,53421816,162474,53259342,0,0
55823950,1156,1,2397609,55818184,55823950,5766,53426341,5766,53420575,0,0
55824546,1088,1,2397416,55291002,55824546,533544,53427130,533544,52893586,0,0
55834803,1158,1,2397630,55823950,55834803,10853,53437173,10853,53426320,0,0
55854215,1159,1,2397638,55824546,55854215,29669,53456577,29669,53426908,0,0
55873575,1062,1,2397331,54864661,55873575,1008914,53476244,1008914,52467330,0,0
55918618,1150,1,2397594,55775273,55918618,143345,53521024,143345,53377679,0,0
55931760,1148,1,2397593,55764885,55931760,166875,53534167,166875,53367292,0,0
55933885,1140,1,2397566,55709639,55933885,224246,53536319,224246,53312073,0,0
55941605,1164,1,2397690,55931760,55941605,9845,53543915,9845,53534070,0,0
55952440,1131,1,2397528,55648615,55952440,303825,53554912,303825,53251087,0,0
55956621,1058,1,2397321,54810237,55956621,1146384,53559300,1146384,52412916,0,0
55961366,1137,1,2397557,55674255,55961366,287111,53563809,287111,53276698,0,0
55967958,1163,1,2397678,55918618,55967958,49340,53570280,49340,53520940,0,0
55969206,1146,1,2397586,55745345,55969206,223861,53571620,223861,53347759,0,0
55973264,1168,1,2399270,55956621,55973264,16643,53573994,16643,53557351,0,0
55997107,1161,1,2397650,55854215,55997107,142892,53599457,142892,53456565,0,0
56017785,1167,1,2398412,55952440,56017785,65345,53619373,65345,53554028,0,0
56052668,1173,1,2399287,55997107,56052668,55561,53653381,55561,53597820,0,0
56056620,971,1,2211972,46917101,56056620,9139519,53844648,9139519,44705129,0,0
56058539,1176,1,2399295,56056620,56058539,1919,53659244,1919,53657325,0,0
56073948,1172,1,2399282,55973264,56073948,100684,53674666,100684,53573982,0,0
56085074,968,1,2211963,46892116,56085074,9192958,53873111,9192958,44680153,0,0
56109024,1166,1,2397700,55941605,56109024,167419,53711324,167419,53543905,0,0
56126569,1175,1,2399292,56052668,56126569,73901,53727277,73901,53653376,0,0
56136421,1181,1,2399311,56126569,56136421,9852,53737110,9852,53727258,0,0
56136745,1071,1,2397361,54967707,56136745,1169038,53739384,1169038,52570346,0,0
56137143,1180,1,2399309,56109024,56137143,28119,53737834,28119,53709715,0,0
56139190,1182,1,2399316,56136421,56139190,2769,53739874,2769,53737105,0,0
56148994,1073,1,2397371,54989043,56148994,1159951,53751623,1159951,52591672,0,0
56168273,1183,1,2399321,56136745,56168273,31528,53768952,31528,53737424,0,0
56172420,1185,1,2399333,56139190,56172420,33230,53773087,33230,53739857,0,0
56172457,1178,1,2399299,56073948,56172457,98509,53773158,98509,53674649,0,0
56191144,862,8,2125021,43464971,56191144,12726173,54066123,12726173,41339950,0,0
56199736,1187,1,2399340,56168273,56199736,31463,53800396,31463,53768933,0,0
56219297,1195,1,2399378,56191144,56219297,28153,53819919,28153,53791766,0,0
56219883,1188,1,2399345,56172420,56219883,47463,53820538,47463,53773075,0,0
56229470,1189,1,2399348,56172457,56229470,57013,53830122,57013,53773109,0,0
56262839,1190,1,2399355,56191144,56262839,71695,53863484,71695,53791789,0,0
56332254,1171,1,2399277,55969206,56332254,363048,53932977,363048,53569929,0,0
56332454,1170,1,2399277,55967958,56332454,364496,53933177,364496,53568681,0,0
56344879,1169,1,2399274,55961366,56344879,383513,53945605,383513,53562092,0,0
56355726,1139,1,2397565,55702616,56355726,653110,53958161,653110,53305051,0,0
56364600,1192,1,2399358,56191144,56364600,173456,53965242,173456,53791786,0,0
56366158,1179,1,2399304,56085074,56366158,281084,53966854,281084,53685770,0,0
56387509,1085,1,2397405,55156886,56387509,1230623,53990104,1230623,52759481,0,0
56390993,1184,1,2399326,56137143,56390993,253850,53991667,253850,53737817,0,0
56417108,1025,1,2345482,54165687,56417108,2251421,54071626,2251421,51820205,0,0
56442887,1191,1,2399356,56191144,56442887,251743,54043531,251743,53791788,0,0
56443370,1193,1,2399365,56191144,56443370,252226,54044005,252226,53791779,0,0
56446594,1076,1,2397378,55082175,56446594,1364419,54049216,1364419,52684797,0,0
56467308,1174,1,2399289,56017785,56467308,449523,54068019,449523,53618496,0,0
56470370,1194,1,2399374,56191144,56470370,279226,54070996,279226,53791770,0,0
56475942,1141,1,2397566,55710439,56475942,765503,54078376,765503,53312873,0,0
56493214,1214,1,2406126,56446594,56493214,46620,54087088,46620,54040468,0,0
56502383,1130,1,2397526,55647839,56502383,854544,54104857,854544,53250313,0,0
56506438,1177,1,2399296,56058539,56506438,447899,54107142,447899,53659243,0,0
56506796,1201,1,2406093,56229470,56506796,277326,54100703,277326,53823377,0,0
56512555,1215,1,2406126,56467308,56512555,45247,54106429,45247,54061182,0,0
56531377,1216,1,2406130,56470370,56531377,61007,54125247,61007,54064240,0,0
56575164,1142,1,2397571,55722527,56575164,852637,54177593,852637,53324956,0,0
56578008,1224,1,2409019,56575164,56578008,2844,54168989,2844,54166145,0,0
56604570,1225,1,2409107,56578008,56604570,26562,54195463,26562,54168901,0,0
56719862,1213,1,2406121,56443370,56719862,276492,54313741,276492,54037249,0,0
56725880,1002,1,2269548,53435327,56725880,3290553,54456332,3290553,51165779,0,0
56755539,955,1,2211916,46892116,56755539,9863423,54543623,9863423,44680200,0,0
56760097,1063,1,2397333,54911320,56760097,1848777,54362764,1848777,52513987,0,0
56765569,1125,1,2397513,55614172,56765569,1151397,54368056,1151397,53216659,0,0
56769711,1186,1,2399336,56148994,56769711,620717,54370375,620717,53749658,0,0
56780593,1133,1,2397540,55662099,56780593,1118494,54383053,1118494,53264559,0,0
56783815,1221,1,2406149,56506796,56783815,277019,54377666,277019,54100647,0,0
56784084,1127,1,2397518,55629923,56784084,1154161,54386566,1154161,53232405,0,0
56785284,1227,1,2409379,56719862,56785284,65422,54375905,65422,54310483,0,0
56785664,1233,1,2415117,56780593,56785664,5071,54370547,5071,54365476,0,0
56798024,1237,1,2415130,56785664,56798024,12360,54382894,12360,54370534,0,0
56805298,1003,1,2274874,53435327,56805298,3369971,54530424,3369971,51160453,0,0
56830509,1236,1,2415127,56785284,56830509,45225,54415382,45225,54370157,0,0
56833335,1231,1,2415110,56765569,56833335,67766,54418225,67766,54350459,0,0
56848831,1234,1,2415121,56783815,56848831,65016,54433710,65016,54368694,0,0
56864586,1123,1,2397512,55606278,56864586,1258308,54467074,1258308,53208766,0,0
56871771,1239,1,2415134,56805298,56871771,66473,54456637,66473,54390164,0,0
56896109,1240,1,2415136,56830509,56896109,65600,54480973,65600,54415373,0,0
56910803,1244,1,2415244,56871771,56910803,39032,54495559,39032,54456527,0,0
56914776,1226,1,2409351,56604570,56914776,310206,54505425,310206,54195219,0,0
56916756,1246,1,2415258,56910803,56916756,5953,54501498,5953,54495545,0,0
56927130,1054,1,2397307,54804670,56927130,2122460,54529823,2122460,52407363,0,0
56928440,1151,1,2397598,55782637,56928440,1145803,54530842,1145803,53385039,0,0
56930446,1248,1,2415274,56916756,56930446,13690,54515172,13690,54501482,0,0
56977601,1047,1,2397291,54804670,56977601,2172931,54580310,2172931,52407379,0,0
56987796,1060,1,2397323,54831745,56987796,2156051,54590473,2156051,52434422,0,0
57001754,1253,1,2430540,56987796,57001754,13958,54571214,13958,54557256,0,0
57008518,1249,1,2415282,56927130,57008518,81388,54593236,81388,54511848,0,0
57009955,1250,1,2415287,56928440,57009955,81515,54594668,81515,54513153,0,0
57019853,1255,1,2430554,57008518,57019853,11335,54589299,11335,54577964,0,0
57022882,1199,1,2406086,56219297,57022882,803585,54616796,803585,53813211,0,0
57051082,1247,1,2415268,56914776,57051082,136306,54635814,136306,54499508,0,0
57057954,1256,1,2430555,57009955,57057954,47999,54627399,47999,54579400,0,0
57067180,1220,1,2406141,56506438,57067180,560742,54661039,560742,54100297,0,0
57080488,1160,1,2397643,55834803,57080488,1245685,54682845,1245685,53437160,0,0
57102699,1259,1,2430565,57051082,57102699,51617,54672134,51617,54620517,0,0
57117329,1261,1,2430572,57067180,57117329,50149,54686757,50149,54636608,0,0
57143830,1245,1,2415251,56896109,57143830,247721,54728579,247721,54480858,0,0
57144364,1263,1,2430588,57102699,57144364,41665,54713776,41665,54672111,0,0
57147834,1229,1,2415104,56755539,57147834,392295,54732730,392295,54340435,0,0
57160043,1266,1,2430603,57144364,57160043,15679,54729440,15679,54713761,0,0
57247811,1265,1,2430596,57143830,57247811,103981,54817215,103981,54713234,0,0
57248654,1242,1,2415178,56848831,57248654,399823,54833476,399823,54433653,0,0
57263138,1243,1,2415237,56864586,57263138,398552,54847901,398552,54449349,0,0
57271700,1258,1,2430562,57022882,57271700,248818,54841138,248818,54592320,0,0
57288273,1206,1,2406104,56355726,57288273,932547,54882169,932547,53949622,0,0
57293583,1241,1,2415140,56833335,57293583,460248,54878443,460248,54418195,0,0
57295038,922,1,2148806,46749175,57295038,10545863,55146232,10545863,44600369,0,0
57295801,1264,1,2430596,57117329,57295801,178472,54865205,178472,54686733,0,0
57301371,1274,1,2430630,57293583,57301371,7788,54870741,7788,54862953,0,0
57303714,1272,1,2430616,57271700,57303714,32014,54873098,32014,54841084,0,0
57304108,1276,1,2430647,57295801,57304108,8307,54873461,8307,54865154,0,0
57310409,1205,1,2406101,56344879,57310409,965530,54904308,965530,53938778,0,0
57322746,1210,1,2406116,56390993,57322746,931753,54916630,931753,53984877,0,0
57327110,1235,1,2415125,56784084,57327110,543026,54911985,543026,54368959,0,0
57327518,1262,1,2430579,57080488,57327518,247030,54896939,247030,54649909,0,0
57328946,1282,1,2430700,57327110,57328946,1836,54898246,1836,54896410,0,0
57332214,1208,1,2406109,56366158,57332214,966056,54926105,966056,53960049,0,0
57343930,1251,1,2415294,56930446,57343930,413484,54928636,413484,54515152,0,0
57378069,1277,1,2430657,57301371,57378069,76698,54947412,76698,54870714,0,0
57379331,1230,1,2415106,56760097,57379331,619234,54964225,619234,54344991,0,0
57384503,1211,1,2406117,56417108,57384503,967395,54978386,967395,54010991,0,0
57386366,1280,1,2430689,57310409,57386366,75957,54955677,75957,54879720,0,0
57387770,1290,1,2461767,57386366,57387770,1404,54926003,1404,54924599,0,0
57391123,1285,1,2431574,57332214,57391123,58909,54959549,58909,54900640,0,0
57403639,1273,1,2430622,57288273,57403639,115366,54973017,115366,54857651,0,0
57406947,1196,1,2406076,56191144,57406947,1215803,55000871,1215803,53785068,0,0
57407059,1197,1,2406079,56191144,57407059,1215915,55000980,1215915,53785065,0,0
57408215,1284,1,2431439,57328946,57408215,79269,54976776,79269,54897507,0,0
57409806,1212,1,2406118,56442887,57409806,966919,55003688,966919,54036769,0,0
57416288,1275,1,2430640,57295038,57416288,121250,54985648,121250,54864398,0,0
57419434,1298,1,2470471,57416288,57419434,3146,54948963,3146,54945817,0,0
57434925,1200,1,2406088,56219883,57434925,1215042,55028837,1215042,53813795,0,0
57460010,1296,1,2470264,57408215,57460010,51795,54989746,51795,54937951,0,0
57464067,1223,1,2406161,56531377,57464067,932690,55057906,932690,54125216,0,0
57484981,1301,1,2475519,57460010,57484981,24971,55009462,24971,54984491,0,0
57486534,1293,1,2466921,57403639,57486534,82895,55019613,82895,54936718,0,0
57487408,1269,1,2430610,57247811,57487408,239597,55056798,239597,54817201,0,0
57500774,1267,1,2430604,57147834,57500774,352940,55070170,352940,54717230,0,0
57518736,1299,1,2470790,57419434,57518736,99302,55047946,99302,54948644,0,0
57566477,1283,1,2431408,57327518,57566477,238959,55135069,238959,54896110,0,0
57573059,1308,1,2484046,57566477,57573059,6582,55089013,6582,55082431,0,0
57586202,1297,1,2470453,57409806,57586202,176396,55115749,176396,54939353,0,0
57593323,1027,1,2346070,54165687,57593323,3427636,55247253,3427636,51819617,0,0
57605715,1311,1,2484049,57593323,57605715,12392,55121666,12392,55109274,0,0
57606003,1228,1,2415096,56725880,57606003,880123,55190907,880123,54310784,0,0
57629574,1309,1,2484046,57573059,57629574,56515,55145528,56515,55089013,0,0
57633311,1307,1,2484040,57518736,57633311,114575,55149271,114575,55034696,0,0
57661172,1270,1,2430612,57248654,57661172,412518,55230560,412518,54818042,0,0
57682200,1294,1,2466988,57406947,57682200,275253,55215212,275253,54939959,0,0
57698557,1157,1,2397615,55819349,57698557,1879208,55300942,1879208,53421734,0,0
57725027,1217,1,2406131,56475942,57725027,1249085,55318896,1249085,54069811,0,0
57742286,1218,1,2406134,56493214,57742286,1249072,55336152,1249072,54087080,0,0
57743843,1271,1,2430614,57263138,57743843,480705,55313229,480705,54832524,0,0
57806277,1279,1,2430678,57304108,57806277,502169,55375599,502169,54873430,0,0
57856649,1268,1,2430607,57160043,57856649,696606,55426042,696606,54729436,0,0
57876048,1254,1,2430547,57001754,57876048,874294,55445501,874294,54571207,0,0
57877591,1104,1,2397464,55359894,57877591,2517697,55480127,2517697,52962430,0,0
57929543,1287,1,2455275,57378069,57929543,551474,55474268,551474,54922794,0,0
57965807,1291,1,2465900,57387770,57965807,578037,55499907,578037,54921870,0,0
57966134,1257,1,2430562,57019853,57966134,946281,55535572,946281,54589291,0,0
57981818,1304,1,2475976,57486534,57981818,495284,55505842,495284,55010558,0,0
58007370,1281,1,2430699,57322746,58007370,684624,55576671,684624,54892047,0,0
58023524,1305,1,2476848,57487408,58023524,536116,55546676,536116,55010560,0,0
58102041,1306,1,2484040,57500774,58102041,601267,55618001,601267,55016734,0,0
58118615,1295,1,2470028,57407059,58118615,711556,55648587,711556,54937031,0,0
58133934,1232,1,2415115,56769711,58133934,1364223,55718819,1364223,54354596,0,0
58187318,1310,1,2484049,57586202,58187318,601116,55703269,601116,55102153,0,0
58229194,1144,1,2397583,55727554,58229194,2501640,55831611,2501640,53329971,0,0
58305906,1154,1,2397607,55805556,58305906,2500350,55908299,2500350,53407949,0,0
58409618,1031,8,2361813,54804670,58409618,3604948,56047805,3604948,52442857,0,0
58421884,1313,8,2484170,58409618,58421884,12266,55937714,12266,55925448,0,0
58448406,1315,8,2485411,58421884,58448406,26522,55962995,26522,55936473,0,0
58468238,1115,1,2397490,55540246,58468238,2927992,56070748,2927992,53142756,0,0
58473096,1238,1,2415134,56798024,58473096,1675072,56057962,1675072,54382890,0,0
58585943,1316,8,2485500,58448406,58585943,137537,56100443,137537,55962906,0,0
58586411,1331,1,2502376,58585943,58586411,468,56084035,468,56083567,0,0
58586625,1327,1,2502367,58585943,58586625,682,56084258,682,56083576,0,0
58586860,1344,1,2502438,58586411,58586860,449,56084422,449,56083973,0,0
58589886,1319,1,2497077,58585943,58589886,3943,56092809,3943,56088866,0,0
58591001,1322,1,2497978,58585943,58591001,5058,56093023,5058,56087965,0,0
58592804,1337,1,2502400,58585943,58592804,6861,56090404,6861,56083543,0,0
58593524,1346,1,2502452,58586860,58593524,6664,56091072,6664,56084408,0,0
58593736,1329,1,2502370,58585943,58593736,7793,56091366,7793,56083573,0,0
58593774,1323,1,2502360,58585943,58593774,7831,56091414,7831,56083583,0,0
58598578,1348,1,2502475,58591001,58598578,7577,56096103,7577,56088526,0,0
58599118,1342,1,2502422,58585943,58599118,13175,56096696,13175,56083521,0,0
58599472,1330,1,2502374,58585943,58599472,13529,56097098,13529,56083569,0,0
58602115,1354,1,2505173,58599118,58602115,2997,56096942,2997,56093945,0,0
58603146,1341,1,2502417,58585943,58603146,17203,56100729,17203,56083526,0,0
58603757,1328,1,2502368,58585943,58603757,17814,56101389,17814,56083575,0,0
58604042,1333,1,2502384,58585943,58604042,18099,56101658,18099,56083559,0,0
58604222,1326,1,2502367,58585943,58604222,18279,56101855,18279,56083576,0,0
58606327,1357,1,2505181,58603146,58606327,3181,56101146,3181,56097965,0,0
58607207,1360,1,2505190,58604222,58607207,2985,56102017,2985,56099032,0,0
58609188,1361,1,2505194,58606327,58609188,2861,56103994,2861,56101133,0,0
58609725,1336,1,2502400,58585943,58609725,23782,56107325,23782,56083543,0,0
58610371,1335,1,2502391,58585943,58610371,24428,56107980,24428,56083552,0,0
58612207,1347,1,2502475,58589886,58612207,22321,56109732,22321,56087411,0,0
58613046,1364,1,2505202,58609725,58613046,3321,56107844,3321,56104523,0,0
58615312,1349,1,2502482,58592804,58615312,22508,56112830,22508,56090322,0,0
58615745,1367,1,2505237,58613046,58615745,2699,56110508,2699,56107809,0,0
58616440,1350,1,2502484,58593524,58616440,22916,56113956,22916,56091040,0,0
58625212,1356,1,2505179,58602115,58625212,23097,56120033,23097,56096936,0,0
58630864,1321,1,2497138,58585943,58630864,44921,56133726,44921,56088805,0,0
58637059,1363,1,2505199,58609188,58637059,27871,56131860,27871,56103989,0,0
58638812,1373,1,2505274,58637059,58638812,1753,56133538,1753,56131785,0,0
58639571,1366,1,2505222,58612207,58639571,27364,56134349,27364,56106985,0,0
58639874,1314,1,2485136,58409618,58639874,230256,56154738,230256,55924482,0,0
58644179,1368,1,2505242,58615312,58644179,28867,56138937,28867,56110070,0,0
58645703,1317,8,2485895,58585943,58645703,59760,56159808,59760,56100048,0,0
58650662,1355,1,2505174,58599472,58650662,51190,56145488,51190,56094298,0,0
58651302,1278,1,2430664,57303714,58651302,1347588,56220638,1347588,54873050,0,0
58652443,1387,1,2507125,58651302,58652443,1141,56145318,1141,56144177,0,0
58655708,1362,1,2505195,58607207,58655708,48501,56150513,48501,56102012,0,0
58656727,1324,1,2502360,58585943,58656727,70784,56154367,70784,56083583,0,0
58657355,1389,1,2507138,58655708,58657355,1647,56150217,1647,56148570,0,0
58658237,1380,1,2507106,58645703,58658237,12534,56151131,12534,56138597,0,0
58660348,1392,1,2507162,58658237,58660348,2111,56153186,2111,56151075,0,0
58663249,1385,1,2507115,58645703,58663249,17546,56156134,17546,56138588,0,0
58665240,1369,1,2505248,58615745,58665240,49495,56159992,49495,56110497,0,0
58674269,1391,1,2507153,58657355,58674269,16914,56167116,16914,56150202,0,0
58674378,1382,1,2507108,58645703,58674378,28675,56167270,28675,56138595,0,0
58675021,1009,1,2296958,53746063,58675021,4928958,56378063,4928958,51449105,0,0
58676184,1396,1,2507193,58674269,58676184,1915,56168991,1915,56167076,0,0
58677740,1303,1,2475765,57484981,58677740,1192759,56201975,1192759,55009216,0,0
58680491,1353,1,2505168,58598578,58680491,81913,56175323,81913,56093410,0,0
58683773,1343,1,2502431,58585943,58683773,97830,56181342,97830,56083512,0,0
58684660,1398,1,2507207,58675021,58684660,9639,56177453,9639,56167814,0,0
58685183,1365,1,2505216,58610371,58685183,74812,56179967,74812,56105155,0,0
58685679,1402,1,2507241,58683773,58685679,1906,56178438,1906,56176532,0,0
58685924,1334,1,2502390,58585943,58685924,99981,56183534,99981,56083553,0,0
58686113,1320,1,2497137,58585943,58686113,100170,56188976,100170,56088806,0,0
58688748,1383,1,2507108,58645703,58688748,43045,56181640,43045,56138595,0,0
58690462,1345,1,2502447,58586625,58690462,103837,56188015,103837,56084178,0,0
58693568,1338,1,2502406,58585943,58693568,107625,56191162,107625,56083537,0,0
58699668,1401,1,2507232,58680491,58699668,19177,56192436,19177,56173259,0,0
58700021,1407,1,2507274,58686113,58700021,13908,56192747,13908,56178839,0,0
58701959,1405,1,2507264,58685679,58701959,16280,56194695,16280,56178415,0,0
58702152,1412,1,2510372,58700021,58702152,2131,56191780,2131,56189649,0,0
58704130,1413,1,2510384,58701959,58704130,2171,56193746,2171,56191575,0,0
58706757,1395,1,2507182,58665240,58706757,41517,56199575,41517,56158058,0,0
58710429,1292,1,2466277,57391123,58710429,1319306,56244152,1319306,54924846,0,0
58712662,1388,1,2507131,58652443,58712662,60219,56205531,60219,56145312,0,0
58712953,1417,1,2510552,58710429,58712953,2524,56202401,2524,56199877,0,0
58714458,1419,1,2510553,58712953,58714458,1505,56203905,1505,56202400,0,0
58714649,1418,1,2510553,58712662,58714649,1987,56204096,1987,56202109,0,0
58715956,1420,1,2510553,58714458,58715956,1498,56205403,1498,56203905,0,0
58717854,1403,1,2507250,58684660,58717854,33194,56210604,33194,56177410,0,0
58719945,1372,1,2505268,58630864,58719945,89081,56214677,89081,56125596,0,0
58721311,1424,1,2510553,58719945,58721311,1366,56210758,1366,56209392,0,0
58724466,1379,1,2506437,58645703,58724466,78763,56218029,78763,56139266,0,0
58725003,1422,1,2510553,58715956,58725003,9047,56214450,9047,56205403,0,0
58725074,1409,1,2510362,58690462,58725074,34612,56214712,34612,56180100,0,0
58725372,1406,1,2507273,58685924,58725372,39448,56218099,39448,56178651,0,0
58726463,1404,1,2507260,58685183,58726463,41280,56219203,41280,56177923,0,0
58731666,1414,1,2510551,58702152,58731666,29514,56221115,29514,56191601,0,0
58731998,1421,1,2510553,58714649,58731998,17349,56221445,17349,56204096,0,0
58732463,1399,1,2507215,58676184,58732463,56279,56225248,56279,56168969,0,0
58733497,1433,1,2510555,58732463,58733497,1034,56222942,1034,56221908,0,0
58733903,1432,1,2510555,58731998,58733903,1905,56223348,1905,56221443,0,0
58736210,1339,1,2502409,58585943,58736210,150267,56233801,150267,56083534,0,0
58743356,1411,1,2510369,58699668,58743356,43688,56232987,43688,56189299,0,0
58749447,1423,1,2510553,58717854,58749447,31593,56238894,31593,56207301,0,0
58750293,1416,1,2510552,58706757,58750293,43536,56239741,43536,56196205,0,0
58750537,1438,1,2510558,58749447,58750537,1090,56239979,1090,56238889,0,0
58753749,1428,1,2510553,58725074,58753749,28675,56243196,28675,56214521,0,0
58763609,1165,1,2397697,55933885,58763609,2829724,56365912,2829724,53536188,0,0
58766150,1426,1,2510553,58724466,58766150,41684,56255597,41684,56213913,0,0
58771197,1415,1,2510551,58704130,58771197,67067,56260646,67067,56193579,0,0
58773208,1425,1,2510553,58721311,58773208,51897,56262655,51897,56210758,0,0
58774413,1445,1,2510560,58773208,58774413,1205,56263853,1205,56262648,0,0
58778003,1162,1,2397665,55873575,58778003,2904428,56380338,2904428,53475910,0,0
58782734,1441,1,2510559,58753749,58782734,28985,56272175,28985,56243190,0,0
58784497,1340,1,2502409,58585943,58784497,198554,56282088,198554,56083534,0,0
58788258,1435,1,2510558,58733903,58788258,54355,56277700,54355,56223345,0,0
58790886,1450,1,2510560,58788258,58790886,2628,56280326,2628,56277698,0,0
58791808,1325,1,2502361,58585943,58791808,205865,56289447,205865,56083582,0,0
58800407,1451,1,2510560,58790886,58800407,9521,56289847,9521,56280326,0,0
58801215,1375,1,2505302,58639571,58801215,161644,56295913,161644,56134269,0,0
58803156,1444,1,2510560,58771197,58803156,31959,56292596,31959,56260637,0,0
58813247,1455,1,2510561,58803156,58813247,10091,56302686,10091,56292595,0,0
58814343,1289,1,2461675,57384503,58814343,1429840,56352668,1429840,54922828,0,0
58823257,1332,1,2502382,58585943,58823257,237314,56320875,237314,56083561,0,0
58824202,1400,1,2507226,58677740,58824202,146462,56316976,146462,56170514,0,0
58825938,1454,1,2510560,58801215,58825938,24723,56315378,24723,56290655,0,0
58827838,1460,1,2510561,58825938,58827838,1900,56317277,1900,56315377,0,0
58830460,1434,1,2510558,58733497,58830460,96963,56319902,96963,56222939,0,0
58831200,1453,1,2510560,58800407,58831200,30793,56320640,30793,56289847,0,0
58834102,1462,1,2510561,58830460,58834102,3642,56323541,3642,56319899,0,0
58836891,1449,1,2510560,58784497,58836891,52394,56326331,52394,56273937,0,0
58837711,1464,1,2510561,58834102,58837711,3609,56327150,3609,56323541,0,0
58840633,1397,1,2507201,58674378,58840633,166255,56333432,166255,56167177,0,0
58841421,1352,1,2505167,58593774,58841421,247647,56336254,247647,56088607,0,0
58844112,1446,1,2510560,58774413,58844112,69699,56333552,69699,56263853,0,0
58846450,1465,1,2510561,58836891,58846450,9559,56335889,9559,56326330,0,0
58847455,1463,1,2510561,58831200,58847455,16255,56336894,16255,56320639,0,0
58847592,1370,1,2505257,58616440,58847592,231152,56342335,231152,56111183,0,0
58850855,1468,1,2510561,58841421,58850855,9434,56340294,9434,56330860,0,0
58852648,1473,1,2510561,58850855,58852648,1793,56342087,1793,56340294,0,0
58853782,1474,1,2510561,58852648,58853782,1134,56343221,1134,56342087,0,0
58855503,1475,1,2510561,58853782,58855503,1721,56344942,1721,56343221,0,0
58859505,1469,1,2510561,58844112,58859505,15393,56348944,15393,56333551,0,0
58860928,1376,1,2505303,58639874,58860928,221054,56355625,221054,56134571,0,0
58861345,1477,1,2510561,58859505,58861345,1840,56350784,1840,56348944,0,0
58862273,1472,1,2510561,58847592,58862273,14681,56351712,14681,56337031,0,0
58870237,1466,1,2510561,58837711,58870237,32526,56359676,32526,56327150,0,0
58870756,1457,1,2510561,58814343,58870756,56413,56360195,56413,56303782,0,0
58875440,1481,1,2510562,58870237,58875440,5203,56364878,5203,56359675,0,0
58879241,1452,1,2510560,58791808,58879241,87433,56368681,87433,56281248,0,0
58880539,1476,1,2510561,58855503,58880539,25036,56369978,25036,56344942,0,0
58886615,1482,1,2510562,58870756,58886615,15859,56376053,15859,56360194,0,0
58893176,1252,1,2420107,56977601,58893176,1915575,56473069,1915575,54557494,0,0
58894704,1458,1,2510561,58823257,58894704,71447,56384143,71447,56312696,0,0
58896282,1488,1,2510564,58894704,58896282,1578,56385718,1578,56384140,0,0
58899633,1461,1,2510561,58827838,58899633,71795,56389072,71795,56317277,0,0
58901686,1490,1,2510565,58899633,58901686,2053,56391121,2053,56389068,0,0
58903548,1491,1,2510569,58901686,58903548,1862,56392979,1862,56391117,0,0
58905334,1384,1,2507114,58645703,58905334,259631,56398220,259631,56138589,0,0
58911671,1456,1,2510561,58813247,58911671,98424,56401110,98424,56302686,0,0
58914131,1408,1,2510359,58688748,58914131,225383,56403772,225383,56178389,0,0
58915069,1410,1,2510366,58693568,58915069,221501,56404703,221501,56183202,0,0
58923705,1459,1,2510561,58824202,58923705,99503,56413144,99503,56313641,0,0
58928953,1483,1,2510562,58875440,58928953,53513,56418391,53513,56364878,0,0
58930689,1495,1,2510576,58914131,58930689,16558,56420113,16558,56403555,0,0
58936255,1431,1,2510554,58731666,58936255,204589,56425701,204589,56221112,0,0
58940940,1497,1,2510580,58923705,58940940,17235,56430360,17235,56413125,0,0
58942861,1501,1,2510601,58940940,58942861,1921,56432260,1921,56430339,0,0
58943352,1486,1,2510564,58886615,58943352,56737,56432788,56737,56376051,0,0
58944823,1503,1,2510609,58943352,58944823,1471,56434214,1471,56432743,0,0
58946821,1499,1,2510583,58930689,58946821,16132,56436238,16132,56420106,0,0
58950444,1494,1,2510576,58911671,58950444,38773,56439868,38773,56401095,0,0
58952219,1506,1,2510618,58950444,58952219,1775,56441601,1775,56439826,0,0
58958000,1502,1,2510605,58942861,58958000,15139,56447395,15139,56432256,0,0
58958536,1492,1,2510570,58903548,58958536,54988,56447966,54988,56392978,0,0
58959506,1427,1,2510553,58725003,58959506,234503,56448953,234503,56214450,0,0
58961269,1429,1,2510553,58725372,58961269,235897,56450716,235897,56214819,0,0
58963523,1508,1,2510621,58958000,58963523,5523,56452902,5523,56447379,0,0
58964521,1359,1,2505189,58604042,58964521,360479,56459332,360479,56098853,0,0
58964584,1512,1,2510649,58963523,58964584,1061,56453935,1061,56452874,0,0
58966404,1514,1,2510656,58964584,58966404,1820,56455748,1820,56453928,0,0
58968527,1442,1,2510559,58763609,58968527,204918,56457968,204918,56253050,0,0
58972178,1496,1,2510578,58915069,58972178,57109,56461600,57109,56404491,0,0
58991072,1513,1,2510654,58964521,58991072,26551,56480418,26551,56453867,0,0
58992982,1500,1,2510591,58936255,58992982,56727,56482391,56727,56425664,0,0
58997141,1394,1,2507180,58663249,58997141,333892,56489961,333892,56156069,0,0
59002052,1519,1,2510664,58992982,59002052,9070,56491388,9070,56482318,0,0
59004121,1505,1,2510618,58946821,59004121,57300,56493503,57300,56436203,0,0
59005992,1522,1,2510671,59004121,59005992,1871,56495321,1871,56493450,0,0
59007982,1523,1,2510674,59005992,59007982,1990,56497308,1990,56495318,0,0
59010721,1030,1,2358656,54165687,59010721,4845034,56652065,4845034,51807031,0,0
59015815,1371,1,2505264,58625212,59015815,390603,56510551,390603,56119948,0,0
59016828,1526,1,2510679,59015815,59016828,1013,56506149,1013,56505136,0,0
59017820,1521,1,2510669,59002052,59017820,15768,56507151,15768,56491383,0,0
59020644,1515,1,2510662,58966404,59020644,54240,56509982,54240,56455742,0,0
59025924,1524,1,2510674,59007982,59025924,17942,56515250,17942,56497308,0,0
59026115,1386,1,2507118,58650662,59026115,375453,56518997,375453,56143544,0,0
59035275,1480,1,2510562,58862273,59035275,173002,56524713,173002,56351711,0,0
59036178,1377,1,2505305,58644179,59036178,391999,56530873,391999,56138874,0,0
59036793,1532,1,2510692,59035275,59036793,1518,56526101,1518,56524583,0,0
59036824,1520,1,2510664,58997141,59036824,39683,56526160,39683,56486477,0,0
59037179,1487,1,2510564,58893176,59037179,144003,56526615,144003,56382612,0,0
59038894,1008,1,2296812,53746063,59038894,5292831,56742082,5292831,51449251,0,0
59048674,1447,1,2510560,58778003,59048674,270671,56538114,270671,56267443,0,0
59052619,1478,1,2510561,58860928,59052619,191691,56542058,191691,56350367,0,0
59053731,1535,1,2510702,59036824,59053731,16907,56543029,16907,56526122,0,0
59054582,1539,1,2510716,59052619,59054582,1963,56543866,1963,56541903,0,0
59055642,1540,1,2510720,59053731,59055642,1911,56544922,1911,56543011,0,0
59056283,1530,1,2510689,59025924,59056283,30359,56545594,30359,56515235,0,0
59057334,1510,1,2510626,58959506,59057334,97828,56546708,97828,56448880,0,0
59060570,1430,1,2510553,58726463,59060570,334107,56550017,334107,56215910,0,0
59062257,1012,1,2297448,53872411,59062257,5189846,56764809,5189846,51574963,0,0
59062323,1534,1,2510699,59036793,59062323,25530,56551624,25530,56526094,0,0
59065188,1543,1,2510728,59056283,59065188,8905,56554460,8905,56545555,0,0
59065331,1493,1,2510572,58905334,59065331,159997,56554759,159997,56394762,0,0
59066501,1531,1,2510690,59026115,59066501,40386,56555811,40386,56515425,0,0
59069205,1537,1,2510706,59038894,59069205,30311,56558499,30311,56528188,0,0
59072719,1544,1,2510735,59057334,59072719,15385,56561984,15385,56546599,0,0
59073378,1541,1,2510725,59054582,59073378,18796,56562653,18796,56543857,0,0
59080199,1546,1,2510735,59062257,59080199,17942,56569464,17942,56551522,0,0
59082054,1554,1,2510764,59080199,59082054,1855,56571290,1855,56569435,0,0
59086392,1533,1,2510698,59036178,59086392,50214,56575694,50214,56525480,0,0
59090502,1260,1,2430571,57057954,59090502,2032548,56659931,2032548,54627383,0,0
59095226,1542,1,2510727,59055642,59095226,39584,56584499,39584,56544915,0,0
59097842,1509,1,2510626,58958536,59097842,139306,56587216,139306,56447910,0,0
59098780,1558,1,2510774,59095226,59098780,3554,56588006,3554,56584452,0,0
59098937,1559,1,2510792,59097842,59098937,1095,56588145,1095,56587050,0,0
59102777,1550,1,2510747,59066501,59102777,36276,56592030,36276,56555754,0,0
59103091,1516,1,2510662,58968527,59103091,134564,56592429,134564,56457865,0,0
59103299,1538,1,2510712,59048674,59103299,54625,56592587,54625,56537962,0,0
59103384,1511,1,2510627,58961269,59103384,142115,56592757,142115,56450642,0,0
59103783,930,1,2211832,46892116,59103783,12211667,56891951,12211667,44680284,0,0
59104995,1563,1,2510802,59103091,59104995,1904,56594193,1904,56592289,0,0
59106165,1548,1,2510741,59065188,59106165,40977,56595424,40977,56554447,0,0
59110066,1507,1,2510620,58952219,59110066,157847,56599446,157847,56441599,0,0
59110123,1517,1,2510663,58972178,59110123,137945,56599460,137945,56461515,0,0
59117378,1484,1,2510562,58879241,59117378,238137,56606816,238137,56368679,0,0
59118737,1570,1,2510828,59110123,59118737,8614,56607909,8614,56599295,0,0
59119266,1571,1,2510830,59117378,59119266,1888,56608436,1888,56606548,0,0
59120748,1562,1,2510802,59102777,59120748,17971,56609946,17971,56591975,0,0
59120899,1565,1,2510810,59103384,59120899,17515,56610089,17515,56592574,0,0
59122181,1574,1,2510861,59120748,59122181,1433,56611320,1433,56609887,0,0
59122333,1575,1,2510869,59120899,59122333,1434,56611464,1434,56610030,0,0
59124019,1577,1,2510876,59122333,59124019,1686,56613143,1686,56611457,0,0
59124097,1561,1,2510795,59098937,59124097,25160,56613302,25160,56588142,0,0
59125192,1578,1,2511326,59124019,59125192,1173,56613866,1173,56612693,0,0
59126102,1580,1,2511327,59125192,59126102,910,56614775,910,56613865,0,0
59126971,1581,1,2511333,59126102,59126971,869,56615638,869,56614769,0,0
59127621,1439,1,2510559,58750293,59127621,377328,56617062,377328,56239734,0,0
59127795,1573,1,2510855,59119266,59127795,8529,56616940,8529,56608411,0,0
59128835,1583,1,2511349,59127621,59128835,1214,56617486,1214,56616272,0,0
59132946,1566,1,2510812,59103783,59132946,29163,56622134,29163,56592971,0,0
59147179,1582,1,2511343,59126971,59147179,20208,56635836,20208,56615628,0,0
59151149,1579,1,2511326,59124097,59151149,27052,56639823,27052,56612771,0,0
59151441,1448,1,2510560,58782734,59151441,368707,56640881,368707,56272174,0,0
59156900,1588,1,2511364,59151149,59156900,5751,56645536,5751,56639785,0,0
59158158,1586,1,2511357,59132946,59158158,25212,56646801,25212,56621589,0,0
59158807,1587,1,2511363,59147179,59158807,11628,56647444,11628,56635816,0,0
59169573,1436,1,2510558,58736210,59169573,433363,56659015,433363,56225652,0,0
59171758,1589,1,2511365,59151441,59171758,20317,56660393,20317,56640076,0,0
59173121,1498,1,2510580,58928953,59173121,244168,56662541,244168,56418373,0,0
59173211,1529,1,2510684,59020644,59173211,152567,56662527,152567,56509960,0,0
59174214,1596,1,2511410,59173211,59174214,1003,56662804,1003,56661801,0,0
59175502,1597,1,2511419,59174214,59175502,1288,56664083,1288,56662795,0,0
59176864,1440,1,2510559,58750537,59176864,426327,56666305,426327,56239978,0,0
59177788,1599,1,2511579,59176864,59177788,924,56666209,924,56665285,0,0
59179675,1593,1,2511381,59169573,59179675,10102,56668294,10102,56658192,0,0
59180342,1470,1,2510561,58846450,59180342,333892,56669781,333892,56335889,0,0
59180591,1471,1,2510561,58847455,59180591,333136,56670030,333136,56336894,0,0
59182995,1594,1,2511383,59171758,59182995,11237,56671612,11237,56660375,0,0
59183657,1592,1,2511378,59158807,59183657,24850,56672279,24850,56647429,0,0
59186902,1604,1,2515649,59182995,59186902,3907,56671253,3907,56667346,0,0
59195857,1564,1,2510805,59103299,59195857,92558,56685052,92558,56592494,0,0
59197890,1443,1,2510560,58766150,59197890,431740,56687330,431740,56255590,0,0
59200398,1518,1,2510663,58991072,59200398,209326,56689735,209326,56480409,0,0
59208405,1381,1,2507107,58645703,59208405,562702,56701298,562702,56138596,0,0
59217475,1590,1,2511369,59156900,59217475,60575,56706106,60575,56645531,0,0
59221351,1527,1,2510680,59016828,59221351,204523,56710671,204523,56506148,0,0
59221878,1557,1,2510773,59090502,59221878,131376,56711105,131376,56579729,0,0
59223273,1390,1,2507145,58656727,59223273,566546,56716128,566546,56149582,0,0
59223877,1613,1,2515689,59221878,59223877,1999,56708188,1999,56706189,0,0
59227730,1393,1,2507173,58660348,59227730,567382,56720557,567382,56153175,0,0
59247930,1525,1,2510677,59010721,59247930,237209,56737253,237209,56500044,0,0
59261548,1467,1,2510561,58840633,59261548,420915,56750987,420915,56330072,0,0
59269295,1610,1,2515678,59208405,59269295,60890,56753617,60890,56692727,0,0
59275345,1617,1,2515700,59247930,59275345,27415,56759645,27415,56732230,0,0
59276058,1553,1,2510763,59073378,59276058,202680,56765295,202680,56562615,0,0
59277984,1479,1,2510562,58861345,59277984,416639,56767422,416639,56350783,0,0
59281791,1611,1,2515681,59217475,59281791,64316,56766110,64316,56701794,0,0
59283680,1504,1,2510614,58944823,59283680,338857,56773066,338857,56434209,0,0
59284499,1620,1,2515708,59275345,59284499,9154,56768791,9154,56759637,0,0
59293295,1618,1,2515701,59261548,59293295,31747,56777594,31747,56745847,0,0
59299165,1614,1,2515691,59223273,59299165,75892,56783474,75892,56707582,0,0
59299953,1612,1,2515687,59221351,59299953,78602,56784266,78602,56705664,0,0
59300298,1485,1,2510562,58880539,59300298,419759,56789736,419759,56369977,0,0
59301220,1351,1,2505166,58593736,59301220,707484,56796054,707484,56088570,0,0
59301535,1615,1,2515693,59223877,59301535,77658,56785842,77658,56708184,0,0
59301604,1591,1,2511373,59158158,59301604,143446,56790231,143446,56646785,0,0
59304094,1547,1,2510736,59062323,59304094,241771,56793358,241771,56551587,0,0
59306643,1631,1,2516874,59301535,59306643,5108,56789769,5108,56784661,0,0
59306739,1568,1,2510818,59106165,59306739,200574,56795921,200574,56595347,0,0
59307185,1560,1,2510795,59098780,59307185,208405,56796390,208405,56587985,0,0
59307801,1556,1,2510770,59086392,59307801,221409,56797031,221409,56575622,0,0
59310153,1609,1,2515676,59200398,59310153,109755,56794477,109755,56684722,0,0
59311579,1633,1,2516876,59304094,59311579,7485,56794703,7485,56787218,0,0
59311687,1634,1,2516881,59306643,59311687,5044,56794806,5044,56789762,0,0
59313043,1623,1,2515711,59281791,59313043,31252,56797332,31252,56766080,0,0
59315955,1572,1,2510853,59118737,59315955,197218,56805102,197218,56607884,0,0
59317027,1635,1,2516883,59306739,59317027,10288,56800144,10288,56789856,0,0
59320372,1637,1,2516889,59307801,59320372,12571,56803483,12571,56790912,0,0
59322663,1595,1,2511401,59173121,59322663,149542,56811262,149542,56661720,0,0
59332520,1642,1,2516902,59315955,59332520,16565,56815618,16565,56799053,0,0
59339860,1576,1,2510873,59122181,59339860,217679,56828987,217679,56611308,0,0
59344724,1569,1,2510820,59110066,59344724,234658,56833904,234658,56599246,0,0
59355337,1378,1,2505306,58645703,59355337,709634,56850031,709634,56140397,0,0
59355751,1636,1,2516885,59307185,59355751,48566,56838866,48566,56790300,0,0
59356343,1627,1,2515719,59299165,59356343,57178,56840624,57178,56783446,0,0
59361091,1643,1,2516903,59317027,59361091,44064,56844188,44064,56800124,0,0
59364771,1648,1,2516917,59344724,59364771,20047,56847854,20047,56827807,0,0
59368798,1489,1,2510565,58896282,59368798,472516,56858233,472516,56385717,0,0
59369183,1649,1,2516920,59355337,59369183,13846,56852263,13846,56838417,0,0
59374675,1621,1,2515709,59276058,59374675,98617,56858966,98617,56760349,0,0
59375600,1654,1,2516931,59368798,59375600,6802,56858669,6802,56851867,0,0
59383415,1598,1,2511575,59175502,59383415,207913,56871840,207913,56663927,0,0
59386572,1624,1,2515716,59283680,59386572,102892,56870856,102892,56767964,0,0
59395296,1004,1,2275302,53435327,59395296,5959969,57119994,5959969,51160025,0,0
59395819,1659,1,2516943,59386572,59395819,9247,56878876,9247,56869629,0,0
59403204,1551,1,2510749,59069205,59403204,333999,56892455,333999,56558456,0,0
59405040,1629,1,2516868,59300298,59405040,104742,56888172,104742,56783430,0,0
59408208,1584,1,2511350,59127795,59408208,280413,56896858,280413,56616445,0,0
59415838,1555,1,2510769,59082054,59415838,333784,56905069,333784,56571285,0,0
59418853,1585,1,2511350,59128835,59418853,290018,56907503,290018,56617485,0,0
59425908,1318,1,2496836,58585943,59425908,839965,56929072,839965,56089107,0,0
59428431,1660,1,2516946,59395296,59428431,33135,56911485,33135,56878350,0,0
59431138,1666,1,2516964,59418853,59431138,12285,56914174,12285,56901889,0,0
59433982,1374,1,2505283,58638812,59433982,795170,56928699,795170,56133529,0,0
59437225,1667,1,2516964,59425908,59437225,11317,56920261,11317,56908944,0,0
59450120,1665,1,2516958,59415838,59450120,34282,56933162,34282,56898880,0,0
59452138,1661,1,2516948,59395819,59452138,56319,56935190,56319,56878871,0,0
59466684,1628,1,2516868,59299953,59466684,166731,56949816,166731,56783085,0,0
59467543,1655,1,2516940,59369183,59467543,98360,56950603,98360,56852243,0,0
59468292,1658,1,2516941,59383415,59468292,84877,56951351,84877,56866474,0,0
59474349,1676,1,2516990,59468292,59474349,6057,56957359,6057,56951302,0,0
59474467,1358,1,2505182,58603757,59474467,870710,56969285,870710,56098575,0,0
59474684,1669,1,2516972,59431138,59474684,43546,56957712,43546,56914166,0,0
59478012,1536,1,2510704,59037179,59478012,440833,56967308,440833,56526475,0,0
59486668,1668,1,2516965,59428431,59486668,58237,56969703,58237,56911466,0,0
59488684,1678,1,2516995,59474467,59488684,14217,56971689,14217,56957472,0,0
59493757,1682,1,2517003,59488684,59493757,5073,56976754,5073,56971681,0,0
59510923,1639,1,2516895,59311579,59510923,199344,56994028,199344,56794684,0,0
59512042,1549,1,2510741,59065331,59512042,446711,57001301,446711,56554590,0,0
59515725,1619,1,2515708,59269295,59515725,246430,57000017,246430,56753587,0,0
59515841,1677,1,2516994,59474349,59515841,41492,56998847,41492,56957355,0,0
59519800,1686,1,2517020,59515725,59519800,4075,57002780,4075,56998705,0,0
59520590,1687,1,2517028,59515841,59520590,4749,57003562,4749,56998813,0,0
59527543,1679,1,2516996,59474684,59527543,52859,57010547,52859,56957688,0,0
59538395,1675,1,2516987,59467543,59538395,70852,57021408,70852,56950556,0,0
59549270,1528,1,2510682,59017820,59549270,531450,57038588,531450,56507138,0,0
59560997,1688,1,2517033,59519800,59560997,41197,57043964,41197,57002767,0,0
59564517,1685,1,2517018,59512042,59564517,52475,57047499,52475,56995024,0,0
59566037,1673,1,2516981,59452138,59566037,113899,57049056,113899,56935157,0,0
59572985,1674,1,2516986,59466684,59572985,106301,57055999,106301,56949698,0,0
59577399,1696,1,2517093,59572985,59577399,4414,57060306,4414,57055892,0,0
59581157,1545,1,2510735,59060570,59581157,520587,57070422,520587,56549835,0,0
59584585,1690,1,2517043,59527543,59584585,57042,57067542,57042,57010500,0,0
59590131,1552,1,2510754,59072719,59590131,517412,57079377,517412,56561965,0,0
59594483,1700,1,2527330,59590131,59594483,4352,57067153,4352,57062801,0,0
59600543,1608,1,2515672,59197890,59600543,402653,57084871,402653,56682218,0,0
59617497,1692,1,2517074,59549270,59617497,68227,57100423,68227,57032196,0,0
59617814,1606,1,2515661,59186902,59617814,430912,57102153,430912,56671241,0,0
59618987,1695,1,2517085,59566037,59618987,52950,57101902,52950,57048952,0,0
59624850,1680,1,2516999,59478012,59624850,146838,57107851,146838,56961013,0,0
59628202,1698,1,2517103,59581157,59628202,47045,57111099,47045,57064054,0,0
59630370,1607,1,2515671,59195857,59630370,434513,57114699,434513,56680186,0,0
59648812,1567,1,2510816,59104995,59648812,543817,57137996,543817,56594179,0,0
59654596,1622,1,2515709,59277984,59654596,376612,57138887,376612,56762275,0,0
59658768,1662,1,2516952,59403204,59658768,255564,57141816,255564,56886252,0,0
59658793,1663,1,2516953,59405040,59658793,253753,57141840,253753,56888087,0,0
59664185,1691,1,2517053,59538395,59664185,125790,57147132,125790,57021342,0,0
59677739,1437,1,2510558,58743356,59677739,934383,57167181,934383,56232798,0,0
59689235,1605,1,2515655,59183657,59689235,505578,57173580,505578,56668002,0,0
59689256,1684,1,2517011,59510923,59689256,178333,57172245,178333,56993912,0,0
59692029,1625,1,2515716,59284499,59692029,407530,57176313,407530,56768783,0,0
59751498,1626,1,2515718,59293295,59751498,458203,57235780,458203,56777577,0,0
59802782,1657,1,2516940,59375600,59802782,427182,57285842,427182,56858660,0,0
59904621,1601,1,2514771,59179675,59904621,724946,57389850,724946,56664904,0,0
59952309,1630,1,2516874,59301220,59952309,651089,57435435,651089,56784346,0,0
59952726,1638,1,2516890,59310153,59952726,642573,57435836,642573,56793263,0,0
59955758,1650,1,2516920,59355751,59955758,600007,57438838,600007,56838831,0,0
60038125,1644,1,2516905,59320372,60038125,717753,57521220,717753,56803467,0,0
60111292,1646,1,2516911,59332520,60111292,778772,57594381,778772,56815609,0,0
60132459,1689,1,2517036,59520590,60132459,611869,57615423,611869,57003554,0,0
60142755,1699,1,2526096,59584585,60142755,558170,57616659,558170,57058489,0,0
60152668,1697,1,2517101,59577399,60152668,575269,57635567,575269,57060298,0,0
60190162,1693,1,2517074,59560997,60190162,629165,57673088,629165,57043923,0,0
60275145,1640,1,2516896,59311687,60275145,963458,57758249,963458,56794791,0,0
60317211,1681,1,2517002,59486668,60317211,830543,57800209,830543,56969666,0,0
60353908,1701,1,2537263,59594483,60353908,759425,57816645,759425,57057220,0,0
60359929,1672,1,2516979,59450120,60359929,909809,57842950,909809,56933141,0,0
60375205,1670,1,2516972,59433982,60375205,941223,57858233,941223,56917010,0,0
60430391,1652,1,2516926,59361091,60430391,1069300,57913465,1069300,56844165,0,0
60433688,1616,1,2515694,59227730,60433688,1205958,57917994,1205958,56712036,0,0
60513401,1286,1,2455262,57343930,60513401,3169471,58058139,3169471,54888668,0,0
60548109,1300,1,2475337,57434925,60548109,3113184,58072772,3113184,54959588,0,0
60601816,1694,1,2517079,59564517,60601816,1037299,58084737,1037299,57047438,0,0
60603760,1710,1,2554824,60601816,60603760,1944,58048936,1944,58046992,0,0
60603797,1708,1,2554819,60601816,60603797,1981,58048978,1981,58046997,0,0
60604117,1706,1,2554809,60601816,60604117,2301,58049308,2301,58047007,0,0
60604811,1733,1,2559906,60603760,60604811,1051,58044905,1051,58043854,0,0
60605765,1721,1,2554849,60601816,60605765,3949,58050916,3949,58046967,0,0
60606120,1711,1,2554826,60601816,60606120,4304,58051294,4304,58046990,0,0
60607132,1715,1,2554833,60601816,60607132,5316,58052299,5316,58046983,0,0
60607156,1714,1,2554829,60601816,60607156,5340,58052327,5340,58046987,0,0
60610415,1728,1,2557502,60601816,60610415,8599,58052913,8599,58044314,0,0
60611105,1722,1,2554849,60601816,60611105,9289,58056256,9289,58046967,0,0
60615122,1727,1,2555363,60601816,60615122,13306,58059759,13306,58046453,0,0
60618732,1719,1,2554840,60601816,60618732,16916,58063892,16916,58046976,0,0
60624003,1732,1,2559144,60601816,60624003,22187,58064859,22187,58042672,0,0
60628680,1735,1,2561958,60604117,60628680,24563,58066722,24563,58042159,0,0
60634834,1718,1,2554840,60601816,60634834,33018,58079994,33018,58046976,0,0
60636357,1726,1,2554862,60601816,60636357,34541,58081495,34541,58046954,0,0
60644767,1729,1,2557594,60601816,60644767,42951,58087173,42951,58044222,0,0
60648178,1716,1,2554833,60601816,60648178,46362,58093345,46362,58046983,0,0
60649106,1725,1,2554861,60601816,60649106,47290,58094245,47290,58046955,0,0
60664668,1703,1,2554800,60601816,60664668,62852,58109868,62852,58047016,0,0
60673834,1709,1,2554824,60601816,60673834,72018,58119010,72018,58046992,0,0
60676923,1737,1,2562356,60605765,60676923,71158,58114567,71158,58043409,0,0
60684424,1707,1,2554811,60601816,60684424,82608,58129613,82608,58047005,0,0
60693709,1705,1,2554808,60601816,60693709,91893,58138901,91893,58047008,0,0
60748948,1736,1,2562341,60604811,60748948,144137,58186607,144137,58042470,0,0
60752270,1671,1,2516979,59437225,60752270,1315045,58235291,1315045,56920246,0,0
60755336,1720,1,2554846,60601816,60755336,153520,58200490,153520,58046970,0,0
60824804,1734,1,2560498,60603797,60824804,221007,58264306,221007,58043299,0,0
60844379,1723,1,2554849,60601816,60844379,242563,58289530,242563,58046967,0,0
60883462,3,1,103680,103680,60883462,60779782,60779782,60779782,0,0,0
60895494,1641,1,2516898,59313043,60895494,1582451,58378596,1582451,56796145,0,0
60955723,1656,1,2516940,59374675,60955723,1581048,58438783,1581048,56857735,0,0
60971256,1664,1,2516957,59408208,60971256,1563048,58454299,1563048,56891251,0,0
61005636,1683,1,2517010,59493757,61005636,1511879,58488626,1511879,56976747,0,0
61015036,1738,1,2562364,60606120,61015036,408916,58452672,408916,58043756,0,0
61048220,1724,1,2554856,60601816,61048220,446404,58493364,446404,58046960,0,0
61049638,1713,1,2554827,60601816,61049638,447822,58494811,447822,58046989,0,0
61126212,1207,1,2406109,56364600,61126212,4761612,58720103,4761612,53958491,0,0
61212681,1717,1,2554837,60601816,61212681,610865,58657844,610865,58046979,0,0
61452241,1600,1,2514464,59177788,61452241,2274453,58937777,2274453,56663324,0,0
61516025,1704,1,2554803,60601816,61516025,914209,58961222,914209,58047013,0,0
61529284,1647,1,2516913,59339860,61529284,2189424,59012371,2189424,56822947,0,0
61558594,1712,1,2554826,60601816,61558594,956778,59003768,956778,58046990,0,0
61559820,1731,1,2557765,60601816,61559820,958004,59002055,958004,58044051,0,0
61648409,984,8,2216809,47136115,61648409,14512294,59431600,14512294,44919306,0,0
61696180,1739,8,2562785,61648409,61696180,47771,59133395,47771,59085624,0,0
61704979,1740,8,2565522,61696180,61704979,8799,59139457,8799,59130658,0,0
61707185,1764,1,2575496,61704979,61707185,2206,59131689,2206,59129483,0,0
61707189,1763,1,2575495,61704979,61707189,2210,59131694,2210,59129484,0,0
61708173,1765,1,2575501,61704979,61708173,3194,59132672,3194,59129478,0,0
61708541,1775,1,2575573,61704979,61708541,3562,59132968,3562,59129406,0,0
61708668,1762,1,2575469,61704979,61708668,3689,59133199,3689,59129510,0,0
61708782,1767,1,2575506,61704979,61708782,3803,59133276,3803,59129473,0,0
61709027,1758,1,2575438,61704979,61709027,4048,59133589,4048,59129541,0,0
61709044,1755,1,2575405,61704979,61709044,4065,59133639,4065,59129574,0,0
61710654,1745,1,2569727,61704979,61710654,5675,59140927,5675,59135252,0,0
61712416,1746,1,2569730,61704979,61712416,7437,59142686,7437,59135249,0,0
61716412,1761,1,2575464,61704979,61716412,11433,59140948,11433,59129515,0,0
61720885,1744,1,2569722,61704979,61720885,15906,59151163,15906,59135257,0,0
61723708,1776,1,2575579,61704979,61723708,18729,59148129,18729,59129400,0,0
61724189,1756,1,2575416,61704979,61724189,19210,59148773,19210,59129563,0,0
61724583,1791,1,2575637,61720885,61724583,3698,59148946,3698,59145248,0,0
61726505,591,1,1612566,31280558,61726505,30445947,60113939,30445947,29667992,0,0
61727316,1793,1,2575643,61724189,61727316,3127,59151673,3127,59148546,0,0
61733117,1743,1,2569721,61704979,61733117,28138,59163396,28138,59135258,0,0
61743028,1779,1,2575592,61704979,61743028,38049,59167436,38049,59129387,0,0
61743403,1766,1,2575504,61704979,61743403,38424,59167899,38424,59129475,0,0
61743686,1760,1,2575460,61704979,61743686,38707,59168226,38707,59129519,0,0
61743772,1742,8,2567821,61704979,61743772,38793,59175951,38793,59137158,0,0
61744044,1759,1,2575456,61704979,61744044,39065,59168588,39065,59129523,0,0
61745920,1803,1,2575692,61743772,61745920,2148,59170228,2148,59168080,0,0
61746876,1806,1,2575706,61743772,61746876,3104,59171170,3104,59168066,0,0
61747562,1802,1,2575690,61743772,61747562,3790,59171872,3790,59168082,0,0
61754900,1805,1,2575697,61743772,61754900,11128,59179203,11128,59168075,0,0
61758016,1770,1,2575533,61704979,61758016,53037,59182483,53037,59129446,0,0
61762222,1804,1,2575695,61743772,61762222,18450,59186527,18450,59168077,0,0
61766597,1771,1,2575542,61704979,61766597,61618,59191055,61618,59129437,0,0
61771245,1787,1,2575607,61709044,61771245,62201,59195638,62201,59133437,0,0
61771735,1786,1,2575607,61709027,61771735,62708,59196128,62708,59133420,0,0
61772359,1757,1,2575427,61704979,61772359,67380,59196932,67380,59129552,0,0
61774323,1819,1,2575752,61772359,61774323,1964,59198571,1964,59196607,0,0
61775413,1818,1,2575743,61771735,61775413,3678,59199670,3678,59195992,0,0
61777961,1820,1,2575754,61774323,61777961,3638,59202207,3638,59198569,0,0
61779295,1821,1,2575762,61775413,61779295,3882,59203533,3882,59199651,0,0
61780010,1800,1,2575682,61743686,61780010,36324,59204328,36324,59168004,0,0
61781401,1790,1,2575634,61716412,61781401,64989,59205767,64989,59140778,0,0
61781922,1822,1,2575768,61777961,61781922,3961,59206154,3961,59202193,0,0
61783132,1810,1,2575719,61745920,61783132,37212,59207413,37212,59170201,0,0
61783673,1749,1,2575368,61704979,61783673,78694,59208305,78694,59129611,0,0
61784003,1824,1,2575776,61780010,61784003,3993,59208227,3993,59204234,0,0
61785694,1777,1,2575582,61704979,61785694,80715,59210112,80715,59129397,0,0
61787264,1828,1,2575790,61783673,61787264,3591,59211474,3591,59207883,0,0
61788059,1829,1,2575792,61784003,61788059,4056,59212267,4056,59208211,0,0
61788239,1747,1,2569736,61704979,61788239,83260,59218503,83260,59135243,0,0
61789314,1830,1,2575798,61785694,61789314,3620,59213516,3620,59209896,0,0
61789378,1831,1,2575798,61787264,61789378,2114,59213580,2114,59211466,0,0
61791892,1751,1,2575383,61704979,61791892,86913,59216509,86913,59129596,0,0
61808542,1797,1,2575663,61733117,61808542,75425,59232879,75425,59157454,0,0
61814836,1773,1,2575571,61704979,61814836,109857,59239265,109857,59129408,0,0
61819746,1782,1,2575597,61708173,61819746,111573,59244149,111573,59132576,0,0
61820713,1835,1,2575807,61789378,61820713,31335,59244906,31335,59213571,0,0
61822421,1799,1,2575669,61743403,61822421,79018,59246752,79018,59167734,0,0
61825167,1832,1,2575799,61788059,61825167,37108,59249368,37108,59212260,0,0
61829691,1811,1,2575721,61746876,61829691,82815,59253970,82815,59171155,0,0
61840416,1841,1,2575834,61822421,61840416,17995,59264582,17995,59246587,0,0
61850147,1834,1,2575800,61789314,61850147,60833,59274347,60833,59213514,0,0
61850860,1807,1,2575713,61743772,61850860,107088,59275147,107088,59168059,0,0
61853357,1809,1,2575716,61744044,61853357,109313,59277641,109313,59168328,0,0
61853884,1801,1,2575689,61743772,61853884,110112,59278195,110112,59168083,0,0
61854439,1846,1,2575851,61850860,61854439,3579,59278588,3579,59275009,0,0
61856948,1847,1,2575854,61853357,61856948,3591,59281094,3591,59277503,0,0
61858394,1844,1,2575844,61840416,61858394,17978,59282550,17978,59264572,0,0
61860815,1843,1,2575844,61829691,61860815,31124,59284971,31124,59253847,0,0
61870445,1814,1,2575729,61758016,61870445,112429,59294716,112429,59182287,0,0
61871603,1815,1,2575732,61762222,61871603,109381,59295871,109381,59186490,0,0
61871867,1848,1,2575859,61853884,61871867,17983,59296008,17983,59278025,0,0
61874860,1850,1,2575864,61856948,61874860,17912,59298996,17912,59281084,0,0
61875258,1854,1,2575897,61871603,61875258,3655,59299361,3655,59295706,0,0
61876505,1816,1,2575733,61766597,61876505,109908,59300772,109908,59190864,0,0
61885671,1849,1,2575863,61854439,61885671,31232,59309808,31232,59278576,0,0
61888500,1842,1,2575836,61825167,61888500,63333,59312664,63333,59249331,0,0
61895650,1859,1,2576195,61885671,61895650,9979,59319455,9979,59309476,0,0
61899469,1833,1,2575800,61788239,61899469,111230,59323669,111230,59212439,0,0
61899785,1651,1,2516923,59356343,61899785,2543442,59382862,2543442,56839420,0,0
61904974,1862,1,2576201,61899469,61904974,5505,59328773,5505,59323268,0,0
61912567,1852,1,2575883,61860815,61912567,51752,59336684,51752,59284932,0,0
61913428,1792,1,2575641,61723708,61913428,189720,59337787,189720,59148067,0,0
61923636,1855,1,2575905,61871867,61923636,51769,59347731,51769,59295962,0,0
61928953,1845,1,2575847,61850147,61928953,78806,59353106,78806,59274300,0,0
61930658,1840,1,2575834,61820713,61930658,109945,59354824,109945,59244879,0,0
61930763,1865,1,2576214,61912567,61930763,18196,59354549,18196,59336353,0,0
61931822,1869,1,2578640,61930658,61931822,1164,59353182,1164,59352018,0,0
61976106,1853,1,2575891,61870445,61976106,105661,59400215,105661,59294554,0,0
62018766,1750,1,2575375,61704979,62018766,313787,59443391,313787,59129604,0,0
62026818,1808,1,2575714,61743772,62026818,283046,59451104,283046,59168058,0,0
62031385,1789,1,2575631,61712416,62031385,318969,59455754,318969,59136785,0,0
62032672,1784,1,2575600,61708668,62032672,324004,59457072,324004,59133068,0,0
62117235,1868,1,2576243,61928953,62117235,188282,59540992,188282,59352710,0,0
62118134,1796,1,2575663,61727316,62118134,390818,59542471,390818,59151653,0,0
62118418,1837,1,2575813,61808542,62118418,309876,59542605,309876,59232729,0,0
62125886,1838,1,2575814,61814836,62125886,311050,59550072,311050,59239022,0,0
62137780,1603,1,2515319,59180591,62137780,2957189,59622461,2957189,56665272,0,0
62139763,1783,1,2575599,61708541,62139763,431222,59564164,431222,59132942,0,0
62146796,1768,1,2575513,61704979,62146796,441817,59571283,441817,59129466,0,0
62159456,1857,1,2576181,61875258,62159456,284198,59583275,284198,59299077,0,0
62168740,1774,1,2575573,61704979,62168740,463761,59593167,463761,59129406,0,0
62177275,1769,1,2575524,61704979,62177275,472296,59601751,472296,59129455,0,0
62178279,1772,1,2575562,61704979,62178279,473300,59602717,473300,59129417,0,0
62179285,1785,1,2575601,61708782,62179285,470503,59603684,470503,59133181,0,0
62179542,1813,1,2575724,61754900,62179542,424642,59603818,424642,59179176,0,0
62185698,1861,1,2576201,61895650,62185698,290048,59609497,290048,59319449,0,0
62191453,1872,1,2581427,61976106,62191453,215347,59610026,215347,59394679,0,0
62196501,1823,1,2575769,61779295,62196501,417206,59620732,417206,59203526,0,0
62206235,1826,1,2575783,61781922,62206235,424313,59630452,424313,59206139,0,0
62215737,1778,1,2575587,61704979,62215737,510758,59640150,510758,59129392,0,0
62217778,1788,1,2575615,61710654,62217778,507124,59642163,507124,59135039,0,0
62226948,1754,1,2575403,61704979,62226948,521969,59651545,521969,59129576,0,0
62228649,1752,1,2575385,61704979,62228649,523670,59653264,523670,59129594,0,0
62241106,1798,1,2575665,61743028,62241106,498078,59665441,498078,59167363,0,0
62247978,1836,1,2575810,61791892,62247978,456086,59672168,456086,59216082,0,0
62264311,1748,1,2569741,61704979,62264311,559332,59694570,559332,59135238,0,0
62291753,1866,1,2576222,61913428,62291753,378325,59715531,378325,59337206,0,0
62313165,1043,1,2386179,54804670,62313165,7508495,59926986,7508495,52418491,0,0
62364330,1741,1,2565679,61696180,62364330,668150,59798651,668150,59130501,0,0
62428638,1794,1,2575644,61724583,62428638,704055,59852994,704055,59148939,0,0
62440457,1858,1,2576189,61876505,62440457,563952,59864268,563952,59300316,0,0
62475312,1827,1,2575785,61783132,62475312,692180,59899527,692180,59207347,0,0
62509120,1839,1,2575831,61819746,62509120,689374,59933289,689374,59243915,0,0
62534402,1864,1,2576206,61904974,62534402,629428,59958196,629428,59328768,0,0
62553547,1856,1,2575907,61874860,62553547,678687,59977640,678687,59298953,0,0
62579355,220,4,1095404,5449865,62579355,57129490,61483951,57129490,4354461,0,0
62657669,1781,1,2575595,61707189,62657669,950480,60082074,950480,59131594,0,0
62674531,1812,1,2575723,61747562,62674531,926969,60098808,926969,59171839,0,0
62699195,1825,1,2575777,61781401,62699195,917794,60123418,917794,59205624,0,0
62710956,1702,8,2537756,60601816,62710956,2109140,60173200,2109140,58064060,0,0
62753219,1204,1,2406100,56332454,62753219,6420765,60347119,6420765,53926354,0,0
62760848,1851,1,2575868,61858394,62760848,902454,60184980,902454,59282526,0,0
62807020,1780,1,2575594,61707185,62807020,1099835,60231426,1099835,59131591,0,0
62827343,1795,1,2575647,61726505,62827343,1100838,60251696,1100838,59150858,0,0
62838256,1875,1,2581477,62807020,62838256,31236,60256779,31236,60225543,0,0
62843839,1817,1,2575741,61771245,62843839,1072594,60268098,1072594,59195504,0,0
62845091,1753,1,2575386,61704979,62845091,1140112,60269705,1140112,59129593,0,0
62862657,1632,1,2516875,59301604,62862657,3561053,60345782,3561053,56784729,0,0
62895720,1874,8,2581453,62807020,62895720,88700,60314267,88700,60225567,0,0
62898720,1883,1,2582018,62895720,62898720,3000,60316702,3000,60313702,0,0
62901644,1880,8,2582018,62895720,62901644,5924,60319626,5924,60313702,0,0
62902474,1877,1,2581690,62807020,62902474,95454,60320784,95454,60225330,0,0
62983357,1881,1,2582018,62895720,62983357,87637,60401339,87637,60313702,0,0
63087135,1860,1,2576201,61888500,63087135,1198635,60510934,1198635,59312299,0,0
63088673,1863,1,2576201,61899785,63088673,1188888,60512472,1188888,59323584,0,0
63092647,1878,1,2581726,62807020,63092647,285627,60510921,285627,60225294,0,0
63157757,1885,1,2582018,62895720,63157757,262037,60575739,262037,60313702,0,0
63204310,1602,1,2515260,59180342,63204310,4023968,60689050,4023968,56665082,0,0
63210473,1873,8,2581429,62710956,63210473,499517,60629044,499517,60129527,0,0
63305285,1886,1,2582018,62895720,63305285,409565,60723267,409565,60313702,0,0
63372942,284,1,1370304,15551242,63372942,47821700,62002638,47821700,14180938,0,0
63407173,1867,1,2576230,61923636,63407173,1483537,60830943,1483537,59347406,0,0
63408863,1917,1,2583259,63407173,63408863,1690,60825604,1690,60823914,0,0
63408957,1903,1,2583208,63407173,63408957,1784,60825749,1784,60823965,0,0
63409890,1894,1,2582584,63407173,63409890,2717,60827306,2717,60824589,0,0
63409949,1919,1,2583265,63407173,63409949,2776,60826684,2776,60823908,0,0
63410358,1891,1,2582554,63407173,63410358,3185,60827804,3185,60824619,0,0
63410376,1909,1,2583224,63407173,63410376,3203,60827152,3203,60823949,0,0
63410434,1925,1,2583321,63407173,63410434,3261,60827113,3261,60823852,0,0
63411937,1927,1,2583324,63408957,63411937,2980,60828613,2980,60825633,0,0
63415552,1916,1,2583257,63407173,63415552,8379,60832295,8379,60823916,0,0
63418861,1931,1,2583344,63410376,63418861,8485,60835517,8485,60827032,0,0
63419173,1884,1,2582018,62895720,63419173,523453,60837155,523453,60313702,0,0
63431445,1921,1,2583272,63407173,63431445,24272,60848173,24272,60823901,0,0
63431511,1934,1,2586624,63415552,63431511,15959,60844887,15959,60828928,0,0
63432921,1937,1,2588389,63431445,63432921,1476,60844532,1476,60843056,0,0
63434136,1939,1,2588430,63432921,63434136,1215,60845706,1215,60844491,0,0
63434926,1926,1,2583321,63408863,63434926,26063,60851605,26063,60825542,0,0
63437165,1922,1,2583286,63407173,63437165,29992,60853879,29992,60823887,0,0
63439082,1900,1,2582811,63407173,63439082,31909,60856271,31909,60824362,0,0
63439986,1938,1,2588395,63431511,63439986,8475,60851591,8475,60843116,0,0
63444282,1944,1,2588453,63439986,63444282,4296,60855829,4296,60851533,0,0
63449210,1942,1,2588445,63437165,63449210,12045,60860765,12045,60848720,0,0
63452635,1898,1,2582675,63407173,63452635,45462,60869960,45462,60824498,0,0
63455407,1933,1,2583349,63411937,63455407,43470,60872058,43470,60828588,0,0
63456936,1902,1,2583206,63407173,63456936,49763,60873730,49763,60823967,0,0
63459578,1929,1,2583336,63409949,63459578,49629,60876242,49629,60826613,0,0
63460726,1940,1,2588430,63434136,63460726,26590,60872296,26590,60845706,0,0
63461309,1914,1,2583243,63407173,63461309,54136,60878066,54136,60823930,0,0
63462142,1943,1,2588448,63439082,63462142,23060,60873694,23060,60850634,0,0
63462677,1896,1,2582628,63407173,63462677,55504,60880049,55504,60824545,0,0
63470147,1949,1,2588486,63456936,63470147,13211,60881661,13211,60868450,0,0
63470511,1948,1,2588485,63455407,63470511,15104,60882026,15104,60866922,0,0
63470971,1906,1,2583212,63407173,63470971,63798,60887759,63798,60823961,0,0
63473416,1912,1,2583240,63407173,63473416,66243,60890176,66243,60823933,0,0
63474330,1920,1,2583269,63407173,63474330,67157,60891061,67157,60823904,0,0
63477169,1947,1,2588474,63452635,63477169,24534,60888695,24534,60864161,0,0
63477483,1899,1,2582793,63407173,63477483,70310,60894690,70310,60824380,0,0
63481710,1951,1,2588495,63460726,63481710,20984,60893215,20984,60872231,0,0
63482177,1950,1,2588488,63459578,63482177,22599,60893689,22599,60871090,0,0
63483011,1963,1,2588568,63482177,63483011,834,60894443,834,60893609,0,0
63483472,1962,1,2588567,63481710,63483472,1762,60894905,1762,60893143,0,0
63485909,1910,1,2583237,63407173,63485909,78736,60902672,78736,60823936,0,0
63492434,1953,1,2588512,63462142,63492434,30292,60903922,30292,60873630,0,0
63492566,1960,1,2588557,63477169,63492566,15397,60904009,15397,60888612,0,0
63493295,1945,1,2588459,63444282,63493295,49013,60904836,49013,60855823,0,0
63495370,1969,1,2588633,63493295,63495370,2075,60906737,2075,60904662,0,0
63496838,1970,1,2588661,63495370,63496838,1468,60908177,1468,60906709,0,0
63497902,1908,1,2583220,63407173,63497902,90729,60914682,90729,60823953,0,0
63499397,1905,1,2583210,63407173,63499397,92224,60916187,92224,60823963,0,0
63500949,1928,1,2583331,63409890,63500949,91059,60917618,91059,60826559,0,0
63504009,1957,1,2588525,63470971,63504009,33038,60915484,33038,60882446,0,0
63506141,1967,1,2588621,63492434,63506141,13707,60917520,13707,60903813,0,0
63510904,1966,1,2588606,63485909,63510904,24995,60922298,24995,60897303,0,0
63521169,1976,1,2588846,63506141,63521169,15028,60932323,15028,60917295,0,0
63521275,1959,1,2588547,63474330,63521275,46945,60932728,46945,60885783,0,0
63524800,1935,1,2588358,63418861,63524800,105939,60936442,105939,60830503,0,0
63525686,1876,1,2581670,62807020,63525686,718666,60944016,718666,60225350,0,0
63527010,1965,1,2588591,63483472,63527010,43538,60938419,43538,60894881,0,0
63527277,1977,1,2588857,63510904,63527277,16373,60938420,16373,60922047,0,0
63529028,1981,1,2589462,63525686,63529028,3342,60939566,3342,60936224,0,0
63533819,1978,1,2588885,63521169,63533819,12650,60944934,12650,60932284,0,0
63545088,1936,1,2588384,63419173,63545088,125915,60956704,125915,60830789,0,0
63548511,1954,1,2588512,63462677,63548511,85834,60959999,85834,60874165,0,0
63554103,1955,1,2588520,63470147,63554103,83956,60965583,83956,60881627,0,0
63564031,1904,1,2583209,63407173,63564031,156858,60980822,156858,60823964,0,0
63564667,1979,1,2589436,63521275,63564667,43392,60975231,43392,60931839,0,0
63566898,1952,1,2588498,63461309,63566898,105589,60978400,105589,60872811,0,0
63578145,1893,1,2582574,63407173,63578145,170972,60995571,170972,60824599,0,0
63581336,1992,1,2589613,63578145,63581336,3191,60991723,3191,60988532,0,0
63624691,1961,1,2588561,63477483,63624691,147208,61036130,147208,60888922,0,0
63630730,1913,1,2583240,63407173,63630730,223557,61047490,223557,60823933,0,0
63633885,1941,1,2588437,63434926,63633885,198959,61045448,198959,60846489,0,0
63637572,1986,1,2589546,63545088,63637572,92484,61048026,92484,60955542,0,0
63638193,1924,1,2583315,63407173,63638193,231020,61054878,231020,60823858,0,0
63644436,1946,1,2588471,63449210,63644436,195226,61055965,195226,60860739,0,0
63649471,1973,1,2588783,63499397,63649471,150074,61060688,150074,60910614,0,0
63660101,1895,1,2582614,63407173,63660101,252928,61077487,252928,60824559,0,0
63661182,1930,1,2583340,63410358,63661182,250824,61077842,250824,60827018,0,0
63675324,1956,1,2588521,63470511,63675324,204813,61086803,204813,60881990,0,0
63675596,1974,1,2588826,63500949,63675596,174647,61086770,174647,60912123,0,0
63678701,1964,1,2588590,63483011,63678701,195690,61090111,195690,60894421,0,0
63681119,1892,1,2582568,63407173,63681119,273946,61098551,273946,60824605,0,0
63685519,1997,1,2589655,63637572,63685519,47947,61095864,47947,61047917,0,0
63710690,1990,1,2589572,63564667,63710690,146023,61121118,146023,60975095,0,0
63713873,1958,1,2588526,63473416,63713873,240457,61125347,240457,60884890,0,0
63714543,1993,1,2589613,63581336,63714543,133207,61124930,133207,60991723,0,0
63732485,1932,1,2583345,63410434,63732485,322051,61149140,322051,60827089,0,0
63746926,1915,1,2583247,63407173,63746926,339753,61163679,339753,60823926,0,0
63753561,1882,1,2582018,62895720,63753561,857841,61171543,857841,60313702,0,0
63754362,1923,1,2583314,63407173,63754362,347189,61171048,347189,60823859,0,0
63755536,1994,1,2589634,63624691,63755536,130845,61165902,130845,61035057,0,0
63758641,1998,1,2589700,63638193,63758641,120448,61168941,120448,61048493,0,0
63762324,1918,1,2583260,63407173,63762324,355151,61179064,355151,60823913,0,0
63779391,1968,1,2588625,63492566,63779391,286825,61190766,286825,60903941,0,0
63785685,1038,1,2377533,54804670,63785685,8981015,61408152,8981015,52427137,0,0
63800932,1897,1,2582661,63407173,63800932,393759,61218271,393759,60824512,0,0
63804076,1987,1,2589557,63548511,63804076,255565,61214519,255565,60958954,0,0
63806671,1907,1,2583219,63407173,63806671,399498,61223452,399498,60823954,0,0
63810924,1911,1,2583237,63407173,63810924,403751,61227687,403751,60823936,0,0
63823163,1202,1,2406093,56262839,63823163,7560324,61417070,7560324,53856746,0,0
63865819,1890,1,2582544,63407173,63865819,458646,61283275,458646,60824629,0,0
63872485,1985,1,2589539,63533819,63872485,338666,61282946,338666,60944280,0,0
63876769,1972,1,2588740,63497902,63876769,378867,61288029,378867,60909162,0,0
63904178,392,1,1543245,20527360,63904178,43376818,62360933,43376818,18984115,0,0
63904513,1198,1,2406085,56199736,63904513,7704777,61498428,7704777,53793651,0,0
63996342,1889,8,2582018,63407173,63996342,589169,61414324,589169,60825155,0,0
64048343,1971,1,2588731,63496838,64048343,551505,61459612,551505,60908107,0,0
64173434,1901,1,2583200,63407173,64173434,766261,61590234,766261,60823973,0,0
64177358,1980,1,2589456,63524800,64177358,652558,61587902,652558,60935344,0,0
64196000,1870,1,2580698,61930763,64196000,2265237,61615302,2265237,59350065,0,0
64199644,1975,1,2588839,63504009,64199644,695635,61610805,695635,60915170,0,0
64222085,1989,1,2589565,63564031,64222085,658054,61632520,658054,60974466,0,0
64276955,1984,1,2589498,63529028,64276955,747927,61687457,747927,60939530,0,0
64358002,1983,1,2589491,63527277,64358002,830725,61768511,830725,60937786,0,0
64433346,1996,1,2589654,63633885,64433346,799461,61843692,799461,61044231,0,0
64441596,1653,1,2516927,59364771,64441596,5076825,61924669,5076825,56847844,0,0
64468108,1033,1,2369673,54804670,64468108,9663438,62098435,9663438,52434997,0,0
64773099,1982,1,2589480,63527010,64773099,1246089,62183619,1246089,60937530,0,0
64826195,60,1,786896,786896,64826195,64039299,64039299,64039299,0,0,0
64942058,1988,1,2589560,63554103,64942058,1387955,62352498,1387955,60964543,0,0
65016989,1991,1,2589601,63566898,65016989,1450091,62427388,1450091,60977297,0,0
65356118,1887,8,2582018,62901644,65356118,2454474,62774100,2454474,60319626,0,0
65422874,1995,1,2589643,63630730,65422874,1792144,62833231,1792144,61041087,0,0
65521871,1045,1,2386722,54804670,65521871,10717201,63135149,10717201,52417948,0,0
65542698,1871,1,2580746,61931822,65542698,3610876,62961952,3610876,59351076,0,0
65740196,1645,1,2516909,59322663,65740196,6417533,63223287,6417533,56805754,0,0
65823458,191,1,1050932,3994618,65823458,61828840,64772526,61828840,2943686,0,0
66210884,612,1,1643656,31812162,66210884,34398722,64567228,34398722,30168506,0,0
66332368,176,1,1031266,3654915,66332368,62677453,65301102,62677453,2623649,0,0
66443780,1999,1,2590914,63644436,66443780,2799344,63852866,2799344,61053522,0,0
66526866,1219,1,2406140,56502383,66526866,10024483,64120726,10024483,54096243,0,0
66781739,626,1,1662357,31812162,66781739,34969577,65119382,34969577,30149805,0,0
66801232,631,1,1662482,31812162,66801232,34989070,65138750,34989070,30149680,0,0
66918839,1288,1,2460210,57379331,66918839,9539508,64458629,9539508,54919121,0,0
67169448,1203,1,2406097,56332254,67169448,10837194,64763351,10837194,53926157,0,0
67380679,1209,1,2406112,56387509,67380679,10993170,64974567,10993170,53981397,0,0
67408407,1042,1,2383857,54804670,67408407,12603737,65024550,12603737,52420813,0,0
69003439,396,1,1545016,20667681,69003439,48335758,67458423,48335758,19122665,0,0
69164590,1222,1,2406159,56512555,69164590,12652035,66758431,12652035,54106396,0,0
70155859,1888,8,2582018,63210473,70155859,6945386,67573841,6945386,60628455,0,0
70948534,1302,1,2475651,57464067,70948534,13484467,68472883,13484467,54988416,0,0
70993958,1879,1,2581780,62807020,70993958,8186938,68412178,8186938,60225240,0,0
74038168,178,1,1032248,3758849,74038168,70279319,73005920,70279319,2726601,0,0
75669364,134,1,1009619,2676184,75669364,72993180,74659745,72993180,1666565,0,0
77035743,610,1,1643481,31812162,77035743,45223581,75392262,45223581,30168681,0,0
77163254,994,1,2250160,47227716,77163254,29935538,74913094,29935538,44977556,0,0
84877454,611,1,1643568,31812162,84877454,53065292,83233886,53065292,30168594,0,0
89570805,572,1,1564256,30699972,89570805,58870833,88006549,58870833,29135716,0,0
93263833,580,1,1586952,30699972,93263833,62563861,91676881,62563861,29113020,0,0
93704105,282,1,1370003,15551242,93704105,78152863,92334102,78152863,14181239,0,0
95279779,120,1,967239,2055760,95279779,93224019,94312540,93224019,1088521,0,0
97635960,172,1,1030707,3654915,97635960,93981045,96605253,93981045,2624208,0,0
101157651,136,1,1009674,2676184,101157651,98481467,100147977,98481467,1666510,0,0
103449573,1312,1,2484170,57605715,103449573,45843858,100965403,45843858,55121545,0,0
104254385,586,1,1587146,30699972,104254385,73554413,102667239,73554413,29112826,0,0
106087819,173,1,1030710,3654915,106087819,102432904,105057109,102432904,2624205,0,0
106669339,1005,8,2282943,53664800,106669339,53004539,104386396,53004539,51381857,0,0
106960390,192,1,1050993,4006509,106960390,102953881,105909397,102953881,2955516,0,0
111092102,616,1,1645515,31812162,111092102,79279940,109446587,79279940,30166647,0,0
114059195,179,1,1032275,3758849,114059195,110300346,113026920,110300346,2726574,0,0
117685969,608,1,1632989,31812162,117685969,85873807,116052980,85873807,30179173,0,0
120331986,5,1,189282,189282,120331986,120142704,120142704,120142704,0,0,0
146949497,12,1,482808,482808,146949497,146466689,146466689,146466689,0,0,0
157766982,175,1,1031261,3654915,157766982,154112067,156735721,154112067,2623654,0,0
158951147,573,1,1564268,30699972,158951147,128251175,157386879,128251175,29135704,0,0
169304137,628,1,1662448,31812162,169304137,137491975,167641689,137491975,30149714,0,0
187564543,625,1,1662325,31812162,187564543,155752381,185902218,155752381,30149837,0,0
209063526,1730,1,2557738,60601816,209063526,148461710,206505788,148461710,58044078,0,0
243236806,606,1,1631539,31812162,243236806,211424644,241605267,211424644,30180623,0,0
245276252,609,1,1633012,31812162,245276252,213464090,243643240,213464090,30179150,0,0
281868053,81,1,865675,865675,281868053,281002378,281002378,281002378,0,0,0
283343498,14,1,486181,486181,283343498,282857317,282857317,282857317,0,0,0
287433437,585,1,1587144,30699972,287433437,256733465,285846293,256733465,29112828,0,0
429351084,6,1,198471,198471,429351084,429152613,429152613,429152613,0,0,0
499027078,10,1,380602,380602,499027078,498646476,498646476,498646476,0,0,0
