time,job_id,num_gpu,submit_time,start_time,end_time,executed_time,JCT,duration,pending_time,preempt,promote
2621825,41,1,1945408,1945408,2621825,676417,676417,676417,0,0,0
2875091,58,1,2326954,2326954,2875091,548137,548137,548137,0,0,0
2895433,1,8,201694,201694,2895433,2693739,2693739,2693739,0,0,0
2932576,32,1,1943942,1943942,2932576,988634,988634,988634,0,0,0
3105119,55,8,2094682,2094682,3105119,1010437,1010437,1010437,0,0,0
3112940,24,1,1943873,1943873,3112940,1169067,1169067,1169067,0,0,0
3120200,57,1,2324998,2324998,3120200,795202,795202,795202,0,0,0
3141941,30,1,1943932,1943932,3141941,1198009,1198009,1198009,0,0,0
3184635,18,1,1943813,1943813,3184635,1240822,1240822,1240822,0,0,0
3219858,53,1,1945550,1945550,3219858,1274308,1274308,1274308,0,0,0
3278061,66,1,2348780,2348780,3278061,929281,929281,929281,0,0,0
3290175,86,1,2372731,2372731,3290175,917444,917444,915880,1564,1,0
3368457,64,1,2341345,2341345,3368457,1027112,1027112,1027112,0,0,0
3974662,170,4,3887819,3887819,3974662,86843,86843,84922,1921,2,0
4040489,199,4,4038772,4038772,4040489,1717,1717,1717,0,0,0
4045059,177,4,3960923,3960923,4045059,84136,84136,41083,43053,6,0
4232596,223,1,4225248,4225248,4232596,7348,7348,7348,0,0,0
4248009,256,4,4245994,4245994,4248009,2015,2015,2015,0,0,0
4269276,226,1,4225258,4225258,4269276,44018,44018,36809,7209,1,0
4304455,263,4,4302753,4302753,4304455,1702,1702,1702,0,0,0
4307186,224,1,4225252,4225252,4307186,81934,81934,74737,7197,1,0
4322814,212,1,4099912,4099912,4322814,222902,222902,217023,5879,4,0
4353660,214,1,4100924,4100924,4353660,252736,252736,246845,5891,4,0
4360820,225,1,4225255,4225255,4360820,135565,135565,128362,7203,1,0
4364577,269,4,4363768,4363768,4364577,809,809,809,0,0,0
4412357,251,1,4238583,4238583,4412357,173774,173774,89340,84434,5,0
4486235,233,1,4238523,4238523,4486235,247712,247712,247692,20,1,0
4486983,238,1,4238539,4238539,4486983,248444,248444,247687,757,2,0
4507012,247,1,4238569,4238569,4507012,268443,268443,247688,20755,10,0
4533234,232,1,4238519,4238519,4533234,294715,294715,292769,1946,4,0
4551648,235,1,4238529,4238529,4551648,313119,313119,310846,2273,4,0
4560757,228,1,4238506,4238506,4560757,322251,322251,322231,20,1,0
4609981,264,1,4302787,4302787,4609981,307194,307194,105228,201966,10,0
4619078,222,1,4225244,4225244,4619078,393834,393834,386650,7184,3,0
4689892,304,8,4688734,4688734,4689892,1158,1158,1158,0,0,0
4692050,252,1,4238586,4238586,4692050,453464,453464,317995,135469,14,0
4749993,315,4,4748327,4748327,4749993,1666,1666,1666,0,0,0
4802002,221,1,4225241,4225241,4802002,576761,576761,568859,7902,4,0
5080229,341,1,5078427,5078427,5080229,1802,1802,1802,0,0,0
5081034,347,1,5078631,5078631,5081034,2403,2403,2403,0,0,0
5081855,343,1,5078491,5078491,5081855,3364,3364,3364,0,0,0
5111215,346,1,5078599,5078599,5111215,32616,32616,30206,2410,1,0
5114187,332,1,5060944,5060944,5114187,53243,53243,45921,7322,2,0
5127616,339,1,5078331,5078331,5127616,49285,49285,49285,0,0,0
5151552,354,1,5147893,5147893,5151552,3659,3659,3659,0,0,0
5151610,356,1,5147961,5147961,5151610,3649,3649,3649,0,0,0
5151763,353,1,5147866,5147866,5151763,3897,3897,3897,0,0,0
5166686,344,1,5078533,5078533,5166686,88153,88153,82184,5969,2,0
5177902,363,1,5176427,5176427,5177902,1475,1475,1475,0,0,0
5308493,394,1,5306114,5306114,5308493,2379,2379,2379,0,0,0
5334222,404,1,5331943,5331943,5334222,2279,2279,2279,0,0,0
5346276,342,1,5078461,5078461,5346276,267815,267815,245447,22368,10,0
5390710,335,1,5066231,5066231,5390710,324479,324479,299480,24999,10,0
5429226,38,1,1945158,1945158,5429226,3484068,3484068,3484068,0,0,0
5524772,358,1,5148051,5148051,5524772,376721,376721,284056,92665,17,0
5529103,345,1,5078566,5078566,5529103,450537,450537,410709,39828,14,0
5567195,359,1,5148078,5148078,5567195,419117,419117,195748,223369,9,0
5582018,361,1,5176420,5176420,5582018,405598,405598,133265,272333,9,0
5582572,364,1,5176435,5176435,5582572,406137,406137,45039,361098,7,0
5594054,360,1,5172053,5172053,5594054,422001,422001,181001,241000,11,0
5640649,386,1,5304384,5304384,5640649,336265,336265,49045,287220,4,0
5707043,352,1,5137187,5137187,5707043,569856,569856,501789,68067,26,0
5715960,340,1,5078371,5078371,5715960,637589,637589,590599,46990,23,0
5730480,476,1,5729137,5729137,5730480,1343,1343,1343,0,0,0
5730973,477,1,5729215,5729215,5730973,1758,1758,1758,0,0,0
5735974,484,1,5735206,5735206,5735974,768,768,768,0,0,0
5740574,389,1,5305167,5305167,5740574,435407,435407,14016,421391,3,0
5742448,243,1,4238556,4238556,5742448,1503892,1503892,1468645,35247,24,0
5748949,395,1,5306185,5306185,5748949,442764,442764,14318,428446,2,0
5760674,362,1,5176424,5176424,5760674,584250,584250,201034,383216,20,0
5761569,355,1,5147921,5147921,5761569,613648,613648,537819,75829,28,0
5766892,369,1,5219928,5219928,5766892,546964,546964,172638,374326,16,0
5836007,398,1,5309936,5309936,5836007,526071,526071,58230,467841,9,0
5837891,387,1,5304995,5304995,5837891,532896,532896,153860,379036,17,0
5840077,397,1,5309886,5309886,5840077,530191,530191,72768,457423,10,0
5867785,513,1,5865216,5865216,5867785,2569,2569,2569,0,0,0
5878368,520,1,5872774,5872774,5878368,5594,5594,5594,0,0,0
5893852,388,1,5305025,5305025,5893852,588827,588827,158254,430573,15,0
5913006,426,1,5448992,5448992,5913006,464014,464014,20594,443420,3,0
6019349,413,1,5379404,5379404,6019349,639945,639945,121863,518082,10,0
6031476,454,1,5661691,5661691,6031476,369785,369785,19327,350458,1,0
6108532,459,1,5699161,5699161,6108532,409371,409371,63634,345737,4,0
6191912,403,1,5330994,5330994,6191912,860918,860918,353775,507143,26,0
6213167,467,1,5704346,5704346,6213167,508821,508821,102765,406056,3,0
6236018,357,1,5148023,5148023,6236018,1087995,1087995,981015,106980,40,0
6258549,475,1,5726501,5726501,6258549,532048,532048,24127,507921,3,0
6280526,474,1,5718484,5718484,6280526,562042,562042,68955,493087,3,0
6295940,583,1,6294558,6294558,6295940,1382,1382,1382,0,0,0
6310606,399,1,5309965,5309965,6310606,1000641,1000641,483413,517228,24,0
6326567,479,1,5729899,5729899,6326567,596668,596668,27243,569425,3,0
6327488,478,1,5729250,5729250,6327488,598238,598238,58198,540040,2,0
6335899,396,1,5306224,5306224,6335899,1029675,1029675,544288,485387,26,0
6359888,507,1,5832079,5832079,6359888,527809,527809,40521,487288,1,0
6491584,636,1,6489790,6489790,6491584,1794,1794,1794,0,0,0
6536994,665,1,6534521,6534521,6536994,2473,2473,2473,0,0,0
6594753,468,1,5704825,5704825,6594753,889928,889928,348618,541310,10,0
6802284,237,1,4238536,4238536,6802284,2563748,2563748,2538184,25564,21,0
6820490,511,1,5846215,5846215,6820490,974275,974275,217475,756800,7,0
6873415,510,1,5844749,5844749,6873415,1028666,1028666,451785,576881,13,0
6891121,512,1,5865204,5865204,6891121,1025917,1025917,96037,929880,1,0
6924875,412,1,5379332,5379332,6924875,1545543,1545543,951586,593957,30,0
7036873,541,1,5920902,5920902,7036873,1115971,1115971,161328,954643,3,0
7038020,544,1,5966578,5966578,7038020,1071442,1071442,118215,953227,2,0
7125104,506,1,5831497,5831497,7125104,1293607,1293607,758279,535328,13,0
7129656,509,1,5840101,5840101,7129656,1289555,1289555,735293,554262,14,0
7135250,551,1,5971016,5971016,7135250,1164234,1164234,12794,1151440,1,0
7151982,542,1,5930372,5930372,7151982,1221610,1221610,264421,957189,4,0
7164639,552,1,5975373,5975373,7164639,1189266,1189266,35947,1153319,2,0
7279682,716,4,7278253,7278253,7279682,1429,1429,1429,0,0,0
7288853,553,1,5983198,5983198,7288853,1305655,1305655,114485,1191170,11,0
7317929,427,1,5449015,5449015,7317929,1868914,1868914,1248257,620657,36,0
7342822,556,1,5983209,5983209,7342822,1359613,1359613,32093,1327520,1,0
7350624,549,1,5970067,5970067,7350624,1380557,1380557,287465,1093092,14,0
7387411,550,1,5971012,5971012,7387411,1416399,1416399,226444,1189955,17,0
7474504,561,1,6050364,6050364,7474504,1424140,1424140,117159,1306981,5,0
7481152,231,1,4238516,4238516,7481152,3242636,3242636,3229829,12807,14,0
7559938,373,1,5284155,5284155,7559938,2275783,2275783,1888884,386899,51,0
7573161,521,1,5873137,5873137,7573161,1700024,1700024,721448,978576,20,0
7590980,565,1,6050552,6050552,7590980,1540428,1540428,34661,1505767,1,0
7612674,557,1,6011425,6011425,7612674,1601249,1601249,261232,1340017,7,0
7651617,741,8,7651115,7651115,7651617,502,502,502,0,0,0
7686717,568,1,6050566,6050566,7686717,1636151,1636151,71041,1565110,4,0
7696826,567,1,6050559,6050559,7696826,1646267,1646267,110044,1536223,3,0
7702956,569,1,6057618,6057618,7702956,1645338,1645338,23439,1621899,1,0
7753173,47,1,1945499,1945499,7753173,5807674,5807674,5807674,0,0,0
7772203,584,1,6297078,6297078,7772203,1475125,1475125,26230,1448895,1,0
7798666,22,1,1943851,1943851,7798666,5854815,5854815,5854815,0,0,0
8068805,566,1,6050556,6050556,8068805,2018249,2018249,482151,1536098,14,0
8078168,586,1,6297086,6297086,8078168,1781082,1781082,266418,1514664,10,0
8091257,587,1,6297090,6297090,8091257,1794167,1794167,26510,1767657,3,0
8156997,570,1,6058023,6058023,8156997,2098974,2098974,438655,1660319,20,0
8360100,2,8,724670,724670,8360100,7635430,7635430,7635430,0,0,0
8398483,548,1,5968127,5968127,8398483,2430356,2430356,1308792,1121564,37,0
8400828,576,1,6177711,6177711,8400828,2223117,2223117,670056,1553061,25,0
8422023,592,1,6302344,6302344,8422023,2119679,2119679,28395,2091284,1,0
8490610,590,1,6302336,6302336,8490610,2188274,2188274,331067,1857207,9,0
8584316,246,1,4238566,4238566,8584316,4345750,4345750,4248549,97201,59,0
8644478,591,1,6302340,6302340,8644478,2342138,2342138,243883,2098255,9,0
8690215,810,8,8689418,8689418,8690215,797,797,797,0,0,0
8715474,585,1,6297083,6297083,8715474,2418391,2418391,901962,1516429,32,0
8716933,597,1,6307819,6307819,8716933,2409114,2409114,42430,2366684,4,0
8801693,4,1,966542,966542,8801693,7835151,7835151,7835151,0,0,0
8806296,588,1,6297659,6297659,8806296,2508637,2508637,708673,1799964,22,0
8817120,374,1,5284184,5284184,8817120,3532936,3532936,3088829,444107,79,0
8865660,589,1,6302332,6302332,8865660,2563328,2563328,758090,1805238,20,0
8992800,603,1,6435044,6435044,8992800,2557756,2557756,194188,2363568,6,0
9186233,227,1,4238503,4238503,9186233,4947730,4947730,4937645,10085,14,0
9327141,861,1,9320231,9320231,9327141,6910,6910,6910,0,0,0
9378059,234,1,4238526,4238526,9378059,5139533,5139533,5119517,20016,21,0
9395913,880,1,9391141,9391141,9395913,4772,4772,4772,0,0,0
9440974,598,1,6307824,6307824,9440974,3133150,3133150,746036,2387114,19,0
9517464,613,1,6477896,6477896,9517464,3039568,3039568,173602,2865966,5,0
9565424,887,1,9560361,9560361,9565424,5063,5063,5063,0,0,0
9565925,928,1,9562316,9562316,9565925,3609,3609,3609,0,0,0
9566045,927,1,9562310,9562310,9566045,3735,3735,3735,0,0,0
9568900,931,1,9562340,9562340,9568900,6560,6560,6560,0,0,0
9848961,508,1,5839200,5839200,9848961,4009761,4009761,3391975,617786,65,0
9862963,562,1,6050367,6050367,9862963,3812596,3812596,2422715,1389881,45,0
9953955,595,1,6307812,6307812,9953955,3646143,3646143,1345826,2300317,18,0
10027667,617,1,6477916,6477916,10027667,3549751,3549751,178577,3371174,6,0
10049506,956,8,10048690,10048690,10049506,816,816,816,0,0,0
10123490,620,1,6482580,6482580,10123490,3640910,3640910,99693,3541217,4,0
10155171,614,1,6477901,6477901,10155171,3677270,3677270,725423,2951847,24,0
10207836,615,1,6477905,6477905,10207836,3729931,3729931,731965,2997966,23,0
10248941,622,1,6482589,6482589,10248941,3766352,3766352,98456,3667896,3,0
10317858,92,1,2372766,2372766,10317858,7945092,7945092,7937697,7395,8,0
10414287,621,1,6482584,6482584,10414287,3931703,3931703,290765,3640938,4,0
10469738,74,1,2353471,2353471,10469738,8116267,8116267,8115009,1258,3,0
10470304,72,1,2353435,2353435,10470304,8116869,8116869,8115649,1220,2,0
10588029,56,1,2323019,2323019,10588029,8265010,8265010,8264266,744,1,0
10604534,593,1,6307598,6307598,10604534,4296936,4296936,2160572,2136364,22,0
10730680,241,1,4238549,4238549,10730680,6492131,6492131,6437804,54327,39,0
10815962,600,1,6314498,6314498,10815962,4501464,4501464,2091025,2410439,27,0
10898055,607,1,6435097,6435097,10898055,4462958,4462958,1847497,2615461,30,0
11008565,627,1,6482616,6482616,11008565,4525949,4525949,541181,3984768,4,0
11265714,70,1,2353402,2353402,11265714,8912312,8912312,8911092,1220,2,0
11316661,629,1,6483616,6483616,11316661,4833045,4833045,730986,4102059,4,0
11319527,63,1,2341283,2341283,11319527,8978244,8978244,8977195,1049,2,0
11361393,71,1,2353425,2353425,11361393,9007968,9007968,9006748,1220,2,0
11444174,639,1,6495516,6495516,11444174,4948658,4948658,89981,4858677,1,0
11484978,640,1,6495588,6495588,11484978,4989390,4989390,48004,4941386,1,0
11503811,638,1,6495511,6495511,11503811,5008300,5008300,191484,4816816,1,0
11534889,605,1,6435087,6435087,11534889,5099802,5099802,2678003,2421799,26,0
11552237,637,1,6489880,6489880,11552237,5062357,5062357,242776,4819581,1,0
11581534,630,1,6483622,6483622,11581534,5097912,5097912,972154,4125758,5,0
11582009,635,1,6489786,6489786,11582009,5092223,5092223,323495,4768728,1,0
11587964,644,1,6495804,6495804,11587964,5092160,5092160,42927,5049233,1,0
11725532,645,1,6495809,6495809,11725532,5229723,5229723,151198,5078525,1,0
11836722,623,1,6482594,6482594,11836722,5354128,5354128,1625199,3728929,6,0
11967296,49,1,1945509,1945509,11967296,10021787,10021787,10021787,0,0,0
12036611,21,1,1943846,1943846,12036611,10092765,10092765,10092765,0,0,0
12063805,25,1,1943885,1943885,12063805,10119920,10119920,10119920,0,0,0
12119390,702,1,7229858,7229858,12119390,4889532,4889532,89979,4799553,1,0
12146964,703,1,7229861,7229861,12146964,4917103,4917103,90359,4826744,1,0
12366387,599,1,6314494,6314494,12366387,6051893,6051893,3655431,2396462,27,0
12434279,641,1,6495592,6495592,12434279,5938687,5938687,956501,4982186,1,0
12685785,701,1,7229854,7229854,12685785,5455931,5455931,725689,4730242,1,0
12763224,708,1,7229878,7229878,12763224,5533346,5533346,84639,5448707,1,0
12775522,633,1,6486730,6486730,12775522,6288792,6288792,1884667,4404125,1,0
12894976,736,1,7556319,7556319,12894976,5338657,5338657,126654,5212003,1,0
12899730,738,1,7619099,7619099,12899730,5280631,5280631,11954,5268677,1,0
13242425,239,1,4238543,4238543,13242425,9003882,9003882,8965879,38003,32,0
13244464,753,1,7869565,7869565,13244464,5374899,5374899,9239,5365660,1,0
13248891,240,1,4238546,4238546,13248891,9010345,9010345,8965914,44431,32,0
13318491,248,1,4238572,4238572,13318491,9079919,9079919,8962735,117184,71,0
13321055,647,1,6505672,6505672,13321055,6815383,6815383,1740291,5075092,1,0
13324824,819,1,8959230,8959230,13324824,4365594,4365594,10969,4354625,1,0
13365273,820,1,8964394,8964394,13365273,4400879,4400879,47649,4353230,1,0
13379559,809,1,8689233,8689233,13379559,4690326,4690326,137868,4552458,1,0
13418547,818,1,8958896,8958896,13418547,4459651,4459651,107256,4352395,1,0
13485883,643,1,6495756,6495756,13485883,6990127,6990127,1958194,5031933,1,0
13521133,830,1,9089233,9089233,13521133,4431900,4431900,42450,4389450,1,0
13657457,825,1,8999938,8999938,13657457,4657519,4657519,285098,4372421,1,0
13723291,54,1,1945555,1945555,13723291,11777736,11777736,11776992,744,1,0
13959280,842,1,9317096,9317096,13959280,4642184,4642184,445347,4196837,1,0
13963949,709,1,7233791,7233791,13963949,6730158,6730158,1207925,5522233,1,0
14066496,604,1,6435049,6435049,14066496,7631447,7631447,5225950,2405497,26,0
14137083,845,1,9318584,9318584,14137083,4818499,4818499,185003,4633496,1,0
14142384,847,1,9318591,9318591,14142384,4823793,4823793,83088,4740705,1,0
14206818,846,1,9318587,9318587,14206818,4888231,4888231,250069,4638162,1,0
14270414,850,1,9318601,9318601,14270414,4951813,4951813,70796,4881017,1,0
14274239,624,1,6482599,6482599,14274239,7791640,7791640,4016668,3774972,5,0
14341787,851,1,9318604,9318604,14341787,5023183,5023183,78573,4944610,1,0
14374518,848,1,9318594,9318594,14374518,5055924,5055924,244635,4811289,1,0
14379836,849,1,9318597,9318597,14379836,5061239,5061239,244652,4816587,1,0
14387827,634,1,6486734,6486734,14387827,7901093,7901093,3386462,4514631,1,0
14389299,856,1,9318625,9318625,14389299,5070674,5070674,8672,5062002,1,0
14445907,854,1,9318613,9318613,14445907,5127294,5127294,78589,5048705,1,0
14446707,852,1,9318607,9318607,14446707,5128100,5128100,179668,4948432,1,0
14451230,855,1,9318617,9318617,14451230,5132613,5132613,78594,5054019,1,0
14468604,860,1,9320228,9320228,14468604,5148376,5148376,24574,5123802,1,0
14533220,97,1,2530524,2530524,14533220,12002696,12002696,11984760,17936,14,0
14577209,859,1,9320225,9320225,14577209,5256984,5256984,137702,5119282,1,0
14623722,858,1,9320221,9320221,14623722,5303501,5303501,185015,5118486,1,0
14632324,857,1,9318628,9318628,14632324,5313696,5313696,250225,5063471,1,0
14726198,8,1,1245386,1245386,14726198,13480812,13480812,13480812,0,0,0
14748687,844,1,9318580,9318580,14748687,5430107,5430107,1032596,4397511,1,0
14766057,878,1,9388849,9388849,14766057,5377208,5377208,24570,5352638,1,0
14770536,863,1,9320237,9320237,14770536,5450299,5450299,244516,5205783,1,0
14858600,601,1,6435016,6435016,14858600,8423584,8423584,6110639,2312945,25,0
14869674,876,1,9371269,9371269,14869674,5498405,5498405,244550,5253855,1,0
14901105,881,1,9391363,9391363,14901105,5509742,5509742,137769,5371973,1,0
14941068,883,1,9393712,9393712,14941068,5547356,5547356,78594,5468762,1,0
14943770,879,1,9390865,9390865,14943770,5552905,5552905,184913,5367992,1,0
14972145,807,1,8678070,8678070,14972145,6294075,6294075,1734881,4559194,1,0
15012419,884,1,9407056,9407056,15012419,5605363,5605363,118514,5486849,1,0
15084097,596,1,6307815,6307815,15084097,8776282,8776282,6410151,2366131,24,0
15105401,890,1,9560906,9560906,15105401,5544495,5544495,100182,5444313,1,0
15108169,891,1,9560917,9560917,15108169,5547252,5547252,31272,5515980,1,0
15131748,893,1,9560933,9560933,15131748,5570815,5570815,30779,5540036,1,0
15133955,894,1,9560938,9560938,15133955,5573017,5573017,9407,5563610,1,0
15139671,684,1,6880435,6880435,15139671,8259236,8259236,3421339,4837897,1,0
15202089,864,1,9320241,9320241,15202089,5881848,5881848,632080,5249768,1,0
15204101,843,1,9318577,9318577,15204101,5885524,5885524,1553844,4331680,1,0
15269649,896,1,9560955,9560955,15269649,5708694,5708694,137178,5571516,1,0
15339402,897,1,9560962,9560962,15339402,5778440,5778440,144513,5633927,1,0
15347330,895,1,9560944,9560944,15347330,5786386,5786386,220575,5565811,1,0
15371488,898,1,9560967,9560967,15371488,5810521,5810521,174587,5635934,1,0
15409199,862,1,9320234,9320234,15409199,6088965,6088965,947795,5141170,1,0
15454414,899,1,9560974,9560974,15454414,5893440,5893440,191965,5701475,1,0
15470656,903,1,9560997,9560997,15470656,5909659,5909659,68657,5841002,1,0
15470772,829,1,9089228,9089228,15470772,6381544,6381544,2059425,4322119,1,0
15504509,905,1,9561013,9561013,15504509,5943496,5943496,41053,5902443,1,0
15555283,882,1,9392244,9392244,15555283,6163039,6163039,703883,5459156,1,0
15687451,902,1,9560991,9560991,15687451,6126460,6126460,323163,5803297,1,0
15688005,909,1,9561036,9561036,15688005,6126969,6126969,7754,6119215,1,0
15879144,904,1,9561002,9561002,15879144,6318142,6318142,431930,5886212,1,0
15905890,906,1,9561018,9561018,15905890,6344872,6344872,442318,5902554,1,0
15907101,912,1,9562206,9562206,15907101,6344895,6344895,8411,6336484,1,0
15925374,889,1,9560896,9560896,15925374,6364478,6364478,960429,5404049,1,0
15939047,910,1,9561041,9561041,15939047,6378006,6378006,258242,6119764,1,0
15940022,76,1,2353494,2353494,15940022,13586528,13586528,13585270,1258,3,0
15942462,916,1,9562229,9562229,15942462,6380233,6380233,9640,6370593,1,0
15950374,911,1,9562201,9562201,15950374,6388173,6388173,78430,6309743,1,0
15961336,917,1,9562235,9562235,15961336,6399101,6399101,26074,6373027,1,0
15966316,918,1,9562241,9562241,15966316,6404075,6404075,23142,6380933,1,0
16018679,914,1,9562217,9562217,16018679,6456462,6456462,100505,6355957,1,0
16019403,913,1,9562212,9562212,16019403,6457191,6457191,119502,6337689,1,0
16026741,920,1,9562253,9562253,16026741,6464488,6464488,67625,6396863,1,0
16129738,921,1,9562260,9562260,16129738,6567478,6567478,118259,6449219,1,0
16190125,922,1,9562271,9562271,16190125,6627854,6627854,177922,6449932,1,0
16209383,919,1,9562246,9562246,16209383,6647137,6647137,255247,6391890,1,0
16223510,915,1,9562223,9562223,16223510,6661287,6661287,291663,6369624,1,0
16282714,901,1,9560986,9560986,16282714,6721728,6721728,942584,5779144,1,0
16307176,908,1,9561030,9561030,16307176,6746146,6746146,759093,5987053,1,0
16311126,925,1,9562292,9562292,16311126,6748834,6748834,128201,6620633,1,0
16327513,961,1,10287315,10287315,16327513,6040198,6040198,27537,6012661,1,0
16332960,924,1,9562284,9562284,16332960,6770676,6770676,210422,6560254,1,0
16345330,892,1,9560923,9560923,16345330,6784407,6784407,1247129,5537278,1,0
16354205,926,1,9562304,9562304,16354205,6791901,6791901,152022,6639879,1,0
16374471,969,1,10817213,10817213,16374471,5557258,5557258,48711,5508547,1,0
16397831,853,1,9318610,9318610,16397831,7079221,7079221,2063244,5015977,1,0
16437130,962,2,10288864,10288864,16437130,6148266,6148266,67377,6080889,1,0
16493493,612,1,6477889,6477889,16493493,10015604,10015604,7123158,2892446,28,0
16540592,964,1,10291099,10291099,16540592,6249493,6249493,236666,6012827,1,0
16553419,0,1,0,0,16553419,16553419,16553419,16553419,0,0,0
16626464,705,1,7229868,7229868,16626464,9396596,9396596,4486700,4909896,1,0
16640282,929,1,9562322,9562322,16640282,7077960,7077960,423972,6653988,1,0
16715170,965,1,10646927,10646927,16715170,6068243,6068243,394857,5673386,1,0
16870863,554,1,5983202,5983202,16870863,10887661,10887661,9614472,1273189,53,0
17013860,963,2,10288886,10288886,17013860,6724974,6724974,581426,6143548,1,0
17064854,7,1,1245348,1245348,17064854,15819506,15819506,15819506,0,0,0
17075550,907,1,9561023,9561023,17075550,7514527,7514527,1578241,5936286,1,0
17485376,888,1,9560890,9560890,17485376,7924486,7924486,2548806,5375680,1,0
17796801,631,1,6483706,6483706,17796801,11313095,11313095,7064354,4248741,3,0
18017458,824,1,8998764,8998764,18017458,9018694,9018694,4659385,4359309,1,0
18088663,923,1,9562278,9562278,18088663,8526385,8526385,2069122,6457263,1,0
18140605,930,1,9562335,9562335,18140605,8578270,8578270,1865091,6713179,1,0
18436080,886,1,9498086,9498086,18436080,8937994,8937994,3502212,5435782,1,0
18460073,900,1,9560979,9560979,18460073,8899094,8899094,3127871,5771223,1,0
18509432,65,1,2345983,2345983,18509432,16163449,16163449,16162395,1054,2,0
18520793,971,1,10817570,10817570,18520793,7703223,7703223,2182663,5520560,1,0
18553947,555,1,5983205,5983205,18553947,12570742,12570742,11207425,1363317,44,0
18554227,68,1,2353317,2353317,18554227,16200910,16200910,16199856,1054,2,0
18746847,45,1,1945474,1945474,18746847,16801373,16801373,16801373,0,0,0
18916164,707,1,7229875,7229875,18916164,11686289,11686289,6489085,5197204,1,0
19944150,244,1,4238559,4238559,19944150,15705591,15705591,15629291,76300,55,0
19979417,350,1,5088087,5088087,19979417,14891330,14891330,14730119,161211,88,0
20294496,179,4,3979177,3979177,20294496,16315319,16315319,1973216,14342103,6,0
21054392,176,4,3960108,3960108,21054392,17094284,17094284,4233932,12860352,8,0
21507435,186,4,3994633,3994633,21507435,17512802,17512802,454915,17057887,1,0
21627816,37,1,1943971,1943971,21627816,19683845,19683845,19683845,0,0,0
21656452,195,4,4022105,4022105,21656452,17634347,17634347,31585,17602762,1,0
21707504,178,4,3976270,3976270,21707504,17731234,17731234,3843225,13888009,11,0
21895574,706,1,7229871,7229871,21895574,14665703,14665703,9536387,5129316,1,0
22102654,42,1,1945418,1945418,22102654,20157236,20157236,20157236,0,0,0
22362722,13,1,1943781,1943781,22362722,20418941,20418941,20418941,0,0,0
22488995,618,1,6477920,6477920,22488995,16011075,16011075,12614956,3396119,13,0
22510331,89,1,2372749,2372749,22510331,20137582,20137582,20133364,4218,6,0
22780420,185,4,3994609,3994609,22780420,18785811,18785811,2494418,16291393,2,0
22940921,79,1,2353535,2353535,22940921,20587386,20587386,20586017,1369,3,0
23083079,62,1,2341233,2341233,23083079,20741846,20741846,20740797,1049,2,0
23084866,198,4,4022238,4022238,23084866,19062628,19062628,598687,18463941,1,0
23137174,202,4,4072703,4072703,23137174,19064471,19064471,54936,19009535,1,0
23279945,85,1,2357366,2357366,23279945,20922579,20922579,20919234,3345,5,0
23362190,200,4,4072661,4072661,23362190,19289529,19289529,584440,18705089,1,0
23376546,257,4,4246023,4246023,23376546,19130523,19130523,16342,19114181,1,0
23400212,745,1,7785948,7785948,23400212,15614264,15614264,10507682,5106582,1,0
23451867,11,1,1714609,1714609,23451867,21737258,21737258,21737258,0,0,0
23480463,258,4,4251430,4251430,23480463,19229033,19229033,105878,19123155,1,0
23487228,259,4,4251434,4251434,23487228,19235794,19235794,8722,19227072,1,0
23551300,83,1,2353718,2353718,23551300,21197582,21197582,21195801,1781,4,0
23585050,196,4,4022127,4022127,23585050,19562923,19562923,1931525,17631398,1,0
23591687,260,4,4253391,4253391,23591687,19338296,19338296,106869,19231427,1,0
23613038,265,4,4304374,4304374,23613038,19308664,19308664,24163,19284501,1,0
23623198,266,4,4305079,4305079,23623198,19318119,19318119,12267,19305852,1,0
23886679,267,4,4308027,4308027,23886679,19578652,19578652,265441,19313211,1,0
23959083,268,4,4322941,4322941,23959083,19636142,19636142,74814,19561328,1,0
23964362,272,4,4394242,4394242,23964362,19570120,19570120,7689,19562431,1,0
24126117,273,4,4414052,4414052,24126117,19712065,19712065,164165,19547900,1,0
24212624,184,4,3994590,3994590,24212624,20218034,20218034,5481504,14736530,2,0
24289732,626,1,6482611,6482611,24289732,17807121,17807121,13877799,3929322,4,0
24410997,255,4,4243885,4243885,24410997,20167112,20167112,1132870,19034242,1,0
24446763,619,1,6477925,6477925,24446763,17968838,17968838,14487804,3481034,9,0
25206883,172,4,3910570,3910570,25206883,21296313,21296313,10367049,10929264,45,0
25310449,280,4,4507993,4507993,25310449,20802456,20802456,106443,20696013,1,0
26403776,190,4,3999219,3999219,26403776,22404557,22404557,4898751,17505806,1,0
26436172,283,4,4521634,4521634,26436172,21914538,21914538,34643,21879895,1,0
26519429,175,4,3959858,3959858,26519429,22559571,22559571,10589332,11970239,30,0
26658194,285,4,4522932,4522932,26658194,22135262,22135262,140723,21994539,1,0
26660908,286,4,4522984,4522984,26660908,22137924,22137924,4620,22133304,1,0
26761718,696,1,7219983,7219983,26761718,19541735,19541735,14932196,4609539,1,0
26764445,287,4,4523016,4523016,26764445,22241429,22241429,105411,22136018,1,0
26989364,245,1,4238563,4238563,26989364,22750801,22750801,22655711,95090,62,0
27059357,279,4,4505268,4505268,27059357,22554089,22554089,2651085,19903004,1,0
27271998,281,4,4508009,4508009,27271998,22763989,22763989,1964410,20799579,1,0
27345592,289,4,4523905,4523905,27345592,22821687,22821687,288371,22533316,1,0
27345976,288,4,4523114,4523114,27345976,22822862,22822862,583931,22238931,1,0
27616821,290,4,4524134,4524134,27616821,23092687,23092687,346730,22745957,1,0
27664788,296,4,4531335,4531335,27664788,23133453,23133453,49866,23083587,1,0
28295612,295,4,4531328,4531328,28295612,23764284,23764284,951542,22812742,1,0
28399564,16,1,1943802,1943802,28399564,26455762,26455762,26455762,0,0,0
28404451,28,1,1943923,1943923,28404451,26460528,26460528,26460528,0,0,0
28440479,91,1,2372761,2372761,28440479,26067718,26067718,26061094,6624,7,0
28874728,299,4,4570061,4570061,28874728,24304667,24304667,478058,23826609,1,0
28967473,277,4,4488504,4488504,28967473,24478969,24478969,4757259,19721710,1,0
29008052,301,4,4570131,4570131,29008052,24437921,24437921,43403,24394518,1,0
29388641,300,4,4570110,4570110,29388641,24818531,24818531,516758,24301773,1,0
29517808,305,4,4710424,4710424,29517808,24807384,24807384,132080,24675304,1,0
30175899,602,1,6435021,6435021,30175899,23740878,23740878,21426459,2314419,25,0
30199064,303,4,4680987,4680987,30199064,25518077,25518077,1193422,24324655,1,0
30206576,9,8,1429823,1429823,30206576,28776753,28776753,28776753,0,0,0
30215441,298,4,4570030,4570030,30215441,25645411,25645411,1922754,23722657,1,0
30385507,73,1,2353463,2353463,30385507,28032044,28032044,28030793,1251,3,0
30564289,309,4,4710499,4710499,30564289,25853790,25853790,181620,25672170,1,0
30618768,310,4,4710506,4710506,30618768,25908262,25908262,57310,25850952,1,0
30652191,307,4,4710486,4710486,30652191,25941705,25941705,455978,25485727,1,0
30938330,197,4,4022175,4022175,30938330,26916155,26916155,9233705,17682450,1,0
30945268,284,4,4522057,4522057,30945268,26423211,26423211,4510920,21912291,1,0
31566416,294,4,4531321,4531321,31566416,27035095,27035095,4222737,22812358,1,0
31814177,318,4,4748606,4748606,31814177,27065571,27065571,878654,26186917,1,0
32222699,320,4,4753084,4753084,32222699,27469615,27469615,658693,26810922,1,0
32233984,610,1,6472782,6472782,32233984,25761202,25761202,22876854,2884348,21,0
32480582,375,4,5284972,5284972,32480582,27195610,27195610,260316,26935294,1,0
32867814,376,4,5284976,5284976,32867814,27582838,27582838,389661,27193177,1,0
33072320,203,4,4072721,4072721,33072320,28999599,28999599,9937756,19061843,1,0
33156790,319,4,4751993,4751993,33156790,28404797,28404797,2213426,26191371,1,0
33289302,297,4,4534242,4534242,33289302,28755060,28755060,5626924,23128136,1,0
33408860,632,1,6483711,6483711,33408860,26925149,26925149,22592541,4332608,2,0
33838423,351,4,5088196,5088196,33838423,28750227,28750227,2026656,26723571,1,0
33892035,380,4,5284995,5284995,33892035,28607040,28607040,605143,28001897,1,0
33921699,382,4,5303075,5303075,33921699,28618624,28618624,31584,28587040,1,0
33942801,377,4,5284981,5284981,33942801,28657820,28657820,1077411,27580409,1,0
33971429,384,4,5303127,5303127,33971429,28668302,28668302,30496,28637806,1,0
34045050,385,4,5304303,5304303,34045050,28740747,28740747,75432,28665315,1,0
34098541,406,4,5363283,5363283,34098541,28735258,28735258,55445,28679813,1,0
34101480,262,4,4265546,4265546,34101480,29835934,29835934,10518840,19317094,1,0
34107507,407,4,5365237,5365237,34107507,28742270,28742270,11133,28731137,1,0
34136774,409,4,5367404,5367404,34136774,28769370,28769370,32162,28737208,1,0
34280574,867,1,9350020,9350020,34280574,24930554,24930554,19664052,5266502,1,0
34295895,410,4,5367428,5367428,34295895,28928467,28928467,161992,28766475,1,0
34329138,378,4,5284986,5284986,34329138,29044152,29044152,1259237,27784915,1,0
34375843,408,4,5365278,5365278,34375843,29010565,29010565,276489,28734076,1,0
34456426,415,4,5381638,5381638,34456426,29074788,29074788,83134,28991654,1,0
34473068,414,4,5381592,5381592,34473068,29091476,29091476,146527,28944949,1,0
34760244,317,4,4748477,4748477,34760244,30011767,30011767,4110989,25900778,1,0
34778239,379,4,5284990,5284990,34778239,29493249,29493249,1623864,27869385,1,0
35004127,416,4,5390064,5390064,35004127,29614063,29614063,550474,29063589,1,0
35236968,411,4,5367449,5367449,35236968,29869519,29869519,943923,28925596,1,0
35311756,381,4,5288603,5288603,35311756,30023153,30023153,1475743,28547410,1,0
35358233,419,4,5399324,5399324,35358233,29958909,29958909,582853,29376056,1,0
35501694,421,4,5427880,5427880,35501694,30073814,30073814,267536,29806278,1,0
35715996,417,4,5399276,5399276,35715996,30316720,30316720,1245835,29070885,1,0
35790935,423,4,5427893,5427893,35790935,30363042,30363042,435499,29927543,1,0
35990961,424,4,5428226,5428226,35990961,30562735,30562735,491731,30071004,1,0
36006557,429,4,5539973,5539973,36006557,30466584,30466584,18006,30448578,1,0
36379657,420,4,5399341,5399341,36379657,30980316,30980316,1378372,29601944,1,0
36463453,564,1,6050374,6050374,36463453,30413079,30413079,28918781,1494298,49,0
36465612,433,4,5565210,5565210,36465612,30900402,30900402,87940,30812462,1,0
36465924,422,4,5427889,5427889,36465924,31038035,31038035,1156969,29881066,1,0
36493877,445,4,5652948,5652948,36493877,30840929,30840929,30057,30810872,1,0
36537546,435,4,5569206,5569206,36537546,30968340,30968340,76731,30891609,1,0
36543517,425,4,5428233,5428233,36543517,31115284,31115284,829978,30285306,1,0
36610288,642,1,6495752,6495752,36610288,30114536,30114536,25113677,5000859,1,0
36733003,428,4,5475741,5475741,36733003,31257262,31257262,944478,30312784,1,0
36898849,704,1,7229865,7229865,36898849,29668984,29668984,24786659,4882325,1,0
36929669,27,1,1943907,1943907,36929669,34985762,34985762,34985762,0,0,0
36933699,15,1,1943792,1943792,36933699,34989907,34989907,34989907,0,0,0
36936960,17,1,1943808,1943808,36936960,34993152,34993152,34993152,0,0,0
36978820,457,4,5690742,5690742,36978820,31288078,31288078,48158,31239920,1,0
37046711,446,4,5652958,5652958,37046711,31393753,31393753,554928,30838825,1,0
37095583,456,4,5690721,5690721,37095583,31404862,31404862,365638,31039224,1,0
37450841,430,4,5547539,5547539,37450841,31903302,31903302,1446097,30457205,1,0
37817809,611,1,6472830,6472830,37817809,31344979,31344979,28450663,2894316,27,0
38025993,455,4,5690674,5690674,38025993,32335319,32335319,1485581,30849738,1,0
38227111,236,1,4238533,4238533,38227111,33988578,33988578,33958617,29961,26,0
39121733,463,4,5702741,5702741,39121733,33418992,33418992,1097824,32321168,1,0
39560737,464,4,5702763,5702763,39560737,33857974,33857974,441066,33416908,1,0
39636348,458,4,5691065,5691065,39636348,33945283,33945283,2660242,31285041,1,0
39769277,39,1,1945383,1945383,39769277,37823894,37823894,37823894,0,0,0
39887928,33,1,1943947,1943947,39887928,37943981,37943981,37943981,0,0,0
39975027,220,1,4211443,4211443,39975027,35763584,35763584,35733717,29867,19,0
40052757,465,4,5703486,5703486,40052757,34349271,34349271,494825,33854446,1,0
40082555,470,4,5709256,5709256,40082555,34373299,34373299,32088,34341211,1,0
40645064,466,4,5703986,5703986,40645064,34941078,34941078,1011021,33930057,1,0
40799536,472,4,5709293,5709293,40799536,35090243,35090243,156725,34933518,1,0
41017069,418,4,5399317,5399317,41017069,35617752,35617752,6259691,29358061,1,0
41078316,480,4,5735148,5735148,41078316,35343168,35343168,63198,35279970,1,0
41270582,230,1,4238513,4238513,41270582,37032069,37032069,37013175,18894,19,0
41507512,253,1,4238590,4238590,41507512,37268922,37268922,37010449,258473,87,0
41897151,877,1,9375612,9375612,41897151,32521539,32521539,27178153,5343386,1,0
42359892,482,4,5735156,5735156,42359892,36624736,36624736,854323,35770413,1,0
42619531,460,4,5699331,5699331,42619531,36920200,36920200,5575230,31344970,1,0
42752361,469,4,5709221,5709221,42752361,37043140,37043140,2985409,34057731,1,0
42775261,483,4,5735159,5735159,42775261,37040102,37040102,417309,36622793,1,0
42821817,487,4,5778243,5778243,42821817,37043574,37043574,204811,36838763,1,0
42871969,490,4,5789711,5789711,42871969,37082258,37082258,52103,37030155,1,0
43095700,436,4,5574140,5574140,43095700,37521560,37521560,6632085,30889475,1,0
43260085,452,4,5659723,5659723,43260085,37600362,37600362,6724507,30875855,1,0
43346119,493,4,5799377,5799377,43346119,37546742,37546742,88074,37458668,1,0
43657965,489,4,5784307,5784307,43657965,37873658,37873658,885114,36988544,1,0
43845937,495,4,5799426,5799426,43845937,38046511,38046511,189963,37856548,1,0
44019878,496,4,5799681,5799681,44019878,38220197,38220197,177043,38043154,1,0
44282090,249,1,4238576,4238576,44282090,40043514,40043514,39898625,144889,76,0
44521257,497,4,5800140,5800140,44521257,38721117,38721117,504022,38217095,1,0
44797603,625,1,6482605,6482605,44797603,38314998,38314998,34482099,3832899,4,0
44815902,494,4,5799387,5799387,44815902,39016515,39016515,1471813,37544702,1,0
44906316,500,4,5809095,5809095,44906316,39097221,39097221,93041,39004180,1,0
45343625,278,4,4494277,4494277,45343625,40849348,40849348,21056303,19793045,1,0
45356842,504,4,5820527,5820527,45356842,39536315,39536315,16075,39520240,1,0
45383742,514,4,5865253,5865253,45383742,39518489,39518489,29432,39489057,1,0
45402501,515,4,5865263,5865263,45402501,39537238,39537238,21281,39515957,1,0
45447271,516,4,5868672,5868672,45447271,39578599,39578599,47063,39531536,1,0
45464488,217,1,4126763,4126763,45464488,41337725,41337725,41317767,19958,18,0
45709873,492,4,5799365,5799365,45709873,39910508,39910508,2616225,37294283,1,0
45752465,491,4,5790362,5790362,45752465,39962103,39962103,2883271,37078832,1,0
46220458,316,4,4748470,4748470,46220458,41471988,41471988,15604633,25867355,1,0
46240331,523,4,5875152,5875152,46240331,40365179,40365179,22237,40342942,1,0
46286125,519,4,5871041,5871041,46286125,40415084,40415084,578348,39836736,1,0
46357404,503,4,5820504,5820504,46357404,40536900,40536900,1453969,39082931,1,0
46365260,522,4,5875152,5875152,46365260,40490108,40490108,615159,39874949,1,0
46419474,461,4,5702448,5702448,46419474,40717026,40717026,9325789,31391237,1,0
46527439,525,4,5879609,5879609,46527439,40647830,40647830,244134,40403696,1,0
46561235,524,4,5877516,5877516,46561235,40683719,40683719,322997,40360722,1,0
46562337,530,4,5904197,5904197,46562337,40658140,40658140,3847,40654293,1,0
46577847,529,4,5904192,5904192,46577847,40673655,40673655,53158,40620497,1,0
46683478,383,4,5303101,5303101,46683478,41380377,41380377,12763673,28616704,1,0
46699865,528,4,5904060,5904060,46699865,40795805,40795805,283273,40512532,1,0
46857179,535,4,5918849,5918849,46857179,40938330,40938330,296883,40641447,1,0
47065099,481,4,5735152,5735152,47065099,41329947,41329947,5988730,35341217,1,0
47284758,517,4,5870152,5870152,47284758,41414606,41414606,1839739,39574867,1,0
47508248,462,4,5702462,5702462,47508248,41805786,41805786,10059291,31746495,1,0
47947268,488,4,5779955,5779955,47947268,42167313,42167313,5197317,36969996,1,0
48156959,536,4,5918858,5918858,48156959,42238101,42238101,1581144,40656957,1,0
48188470,560,4,6045036,6045036,48188470,42143434,42143434,34370,42109064,1,0
48206099,308,4,4710494,4710494,48206099,43495605,43495605,17993501,25502104,1,0
48360135,518,4,5871027,5871027,48360135,42489108,42489108,2897757,39591351,1,0
48382412,498,4,5805669,5805669,48382412,42576743,42576743,3863565,38713178,1,0
48383891,577,4,6243133,6243133,48383891,42140758,42140758,26166,42114592,1,0
48482239,579,4,6246704,6246704,48482239,42235535,42235535,100176,42135359,1,0
48663833,578,4,6246689,6246689,48663833,42417144,42417144,283264,42133880,1,0
48779308,581,4,6247024,6247024,48779308,42532284,42532284,118334,42413950,1,0
48871740,582,4,6247207,6247207,48871740,42624533,42624533,95108,42529425,1,0
49233098,306,4,4710459,4710459,49233098,44522639,44522639,19718168,24804471,1,0
49491285,537,4,5918952,5918952,49491285,43572333,43572333,2809745,40762588,1,0
49552167,649,4,6509153,6509153,49552167,43043014,43043014,63383,42979631,1,0
49619275,545,4,5967213,5967213,49619275,43652062,43652062,2764582,40887480,1,0
49698779,650,4,6509168,6509168,49698779,43189611,43189611,149098,43040513,1,0
49812850,580,4,6246733,6246733,49812850,43566117,43566117,1333761,42232356,1,0
49914301,471,4,5709282,5709282,49914301,44205019,44205019,9834010,34371009,1,0
50135477,651,4,6509186,6509186,50135477,43626291,43626291,518670,43107621,1,0
50153662,652,4,6509211,6509211,50153662,43644451,43644451,457326,43187125,1,0
50184113,656,4,6510635,6510635,50184113,43673478,43673478,32688,43640790,1,0
50255360,571,4,6083344,6083344,50255360,44172016,44172016,2069773,42102243,1,0
50376508,653,4,6509232,6509232,50376508,43867276,43867276,566080,43301196,1,0
50397412,648,4,6509134,6509134,50397412,43888278,43888278,1166834,42721444,1,0
50459445,660,4,6510883,6510883,50459445,43948562,43948562,64022,43884540,1,0
50595009,616,1,6477911,6477911,50595009,44117098,44117098,41044544,3072554,25,0
50823753,658,4,6510870,6510870,50823753,44312883,44312883,570395,43742488,1,0
51116995,546,4,5967229,5967229,51116995,45149766,45149766,4054366,41095400,1,0
51256838,87,1,2372737,2372737,51256838,48884101,48884101,48879883,4218,6,0
51387183,527,4,5888974,5888974,51387183,45498209,45498209,5024333,40473876,1,0
51470002,608,4,6440206,6440206,51470002,45029796,45029796,2600272,42429524,1,0
51582990,655,4,6509275,6509275,51582990,45073715,45073715,1449892,43623823,1,0
51600304,526,4,5884574,5884574,51600304,45715730,45715730,5245310,40470420,1,0
51663656,657,4,6510828,6510828,51663656,45152828,45152828,1481587,43671241,1,0
51674222,659,4,6510876,6510876,51674222,45163346,45163346,1299710,43863636,1,0
51698427,669,4,6588893,6588893,51698427,45109534,45109534,36589,45072945,1,0
51703794,671,4,6596579,6596579,51703794,45107215,45107215,31660,45075555,1,0
51706874,661,4,6510890,6510890,51706874,45195984,45195984,1249411,43946573,1,0
51735017,672,4,6596586,6596586,51735017,45138431,45138431,38671,45099760,1,0
51750655,675,4,6597402,6597402,51750655,45153253,45153253,18380,45134873,1,0
51791888,82,1,2353661,2353661,51791888,49438227,49438227,49436446,1781,4,0
51864411,676,4,6605282,6605282,51864411,45259129,45259129,116166,45142963,1,0
52032623,674,4,6597372,6597372,52032623,45435251,45435251,328521,45106730,1,0
52577455,679,4,6636534,6636534,52577455,45940921,45940921,547702,45393219,1,0
52872526,594,1,6307606,6307606,52872526,46564920,46564920,44355410,2209510,22,0
52961528,673,4,6596601,6596601,52961528,46364927,46364927,1259800,45105127,1,0
52978798,680,4,6636543,6636543,52978798,46342255,46342255,404204,45938051,1,0
52991940,697,4,7221212,7221212,52991940,45770728,45770728,15080,45755648,1,0
53047532,666,4,6554555,6554555,53047532,46492977,46492977,1580403,44912574,1,0
53513828,698,4,7221218,7221218,53513828,46292610,46292610,523820,45768790,1,0
53655855,699,4,7223150,7223150,53655855,46432705,46432705,610780,45821925,1,0
53902901,700,4,7223190,7223190,53902901,46679711,46679711,391490,46288221,1,0
53919368,711,4,7244608,7244608,53919368,46674760,46674760,19237,46655523,1,0
54093034,681,4,6707833,6707833,54093034,47385201,47385201,1222918,46162283,1,0
54112134,713,4,7247378,7247378,54112134,46864756,46864756,21510,46843246,1,0
54358879,712,4,7244616,7244616,54358879,47114263,47114263,442273,46671990,1,0
54378297,715,4,7256318,7256318,54378297,47121979,47121979,21828,47100151,1,0
54461411,717,4,7282240,7282240,54461411,47179171,47179171,85524,47093647,1,0
54481150,719,4,7359724,7359724,54481150,47121426,47121426,21631,47099795,1,0
54579758,720,4,7359778,7359778,54579758,47219980,47219980,100446,47119534,1,0
54606998,721,4,7361616,7361616,54606998,47245382,47245382,29288,47216094,1,0
54634181,668,4,6588873,6588873,54634181,48045308,48045308,3035715,45009593,1,0
54675916,722,4,7361741,7361741,54675916,47314175,47314175,70841,47243334,1,0
54676725,724,4,7363367,7363367,54676725,47313358,47313358,3098,47310260,1,0
54677198,725,4,7363664,7363664,54677198,47313534,47313534,2465,47311069,1,0
54708486,723,4,7363337,7363337,54708486,47345149,47345149,76624,47268525,1,0
54716169,726,4,7365656,7365656,54716169,47350513,47350513,42018,47308495,1,0
54890191,606,1,6435092,6435092,54890191,48455099,48455099,45967258,2487841,24,0
54964683,727,4,7365942,7365942,54964683,47598741,47598741,258958,47339783,1,0
55005675,729,4,7369089,7369089,55005675,47636586,47636586,42933,47593653,1,0
55021144,678,4,6636526,6636526,55021144,48384618,48384618,3159611,45225007,1,0
55085838,730,4,7369337,7369337,55085838,47716501,47716501,83233,47633268,1,0
55361473,60,1,2341107,2341107,55361473,53020366,53020366,53019317,1049,2,0
55424434,19,1,1943819,1943819,55424434,53480615,53480615,53480615,0,0,0
55497031,628,1,6483527,6483527,55497031,49013504,49013504,45029081,3984423,4,0
55573167,731,4,7370217,7370217,55573167,48202950,48202950,554213,47648737,1,0
55599505,714,4,7251689,7251689,55599505,48347816,48347816,1489781,46858035,1,0
55801487,654,4,6509257,6509257,55801487,49292230,49292230,5889583,43402647,1,0
55902453,728,4,7365955,7365955,55902453,48536498,48536498,1189032,47347466,1,0
56808982,710,4,7244582,7244582,56808982,49564400,49564400,3155923,46408477,1,0
57792103,663,4,6510903,6510903,57792103,51281200,51281200,6677077,44604123,1,0
57971668,662,4,6510898,6510898,57971668,51460770,51460770,7149889,44310881,1,0
60971178,682,4,6711622,6711622,60971178,54259556,54259556,8011742,46247814,1,0
62120472,547,4,5967243,5967243,62120472,56153229,56153229,14838170,41315059,1,0
62347716,558,4,6045015,6045015,62347716,56302701,56302701,14842348,41460353,1,0
62781753,646,1,6495875,6495875,62781753,56285878,56285878,51206944,5078934,1,0
62843568,559,4,6045026,6045026,62843568,56798542,56798542,14899169,41899373,1,0
63341726,100,8,2918990,2918990,63341726,60422736,60422736,5551190,54871546,1,0
63770661,102,8,3173969,3173969,63770661,60596692,60596692,1424202,59172490,1,0
63885340,101,8,3077111,3077111,63885340,60808229,60808229,2915419,57892810,1,0
64303597,29,1,1943927,1943927,64303597,62359670,62359670,62359670,0,0,0
64329470,36,1,1943965,1943965,64329470,62385505,62385505,62385505,0,0,0
64393281,105,8,3181760,3181760,64393281,61211521,61211521,508893,60702628,1,0
64626583,543,4,5961299,5961299,64626583,58665284,58665284,17929128,40736156,1,0
64859099,106,8,3182305,3182305,64859099,61676794,61676794,467075,61209719,1,0
65324462,104,8,3180113,3180113,65324462,62144349,62144349,1555334,60589015,1,0
65520440,103,8,3179744,3179744,65520440,62340696,62340696,2179806,60160890,1,0
65624591,609,1,6472517,6472517,65624591,59152074,59152074,56400319,2751755,24,0
65639779,110,8,3235945,3235945,65639779,62403834,62403834,120471,62283363,1,0
65686041,111,8,3236670,3236670,65686041,62449371,62449371,47941,62401430,1,0
65967191,112,8,3237153,3237153,65967191,62730038,62730038,282346,62447692,1,0
68157042,667,4,6554564,6554564,68157042,61602478,61602478,16576916,45025562,1,0
69146202,664,4,6510910,6510910,69146202,62635292,62635292,17760981,44874311,1,0
69622310,114,8,3245414,3245414,69622310,66376896,66376896,1466525,64910371,1,0
69627751,276,4,4483075,4483075,69627751,65144676,65144676,45504044,19640632,1,0
69838998,116,8,3251613,3251613,69838998,66587385,66587385,212788,66374597,1,0
70133082,117,8,3253439,3253439,70133082,66879643,66879643,295341,66584302,1,0
70192648,107,8,3211674,3211674,70192648,66980974,66980974,5567322,61413652,1,0
71002081,118,8,3288962,3288962,71002081,67713119,67713119,870212,66842907,1,0
71865993,108,8,3221514,3221514,71865993,68644479,68644479,7008151,61636328,1,0
73234959,93,1,2372773,2372773,73234959,70862186,70862186,70853534,8652,9,0
73681021,119,8,3307318,3307318,73681021,70373703,70373703,3489630,66884073,1,0
73689278,122,8,3390490,3390490,73689278,70298788,70298788,9182,70289606,1,0
74657109,109,8,3232960,3232960,74657109,71424149,71424149,9333904,62090245,1,0
74779516,124,8,3391008,3391008,74779516,71388508,71388508,123664,71264844,1,0
75164534,125,8,3407881,3407881,75164534,71756653,71756653,386590,71370063,1,0
75201721,126,8,3407887,3407887,75201721,71793834,71793834,38753,71755081,1,0
75533125,123,8,3390490,3390490,75533125,72142635,72142635,1844772,70297863,1,0
76349050,128,8,3513854,3513854,76349050,72835196,72835196,816901,72018295,1,0
76754756,473,4,5709310,5709310,76754756,71045446,71045446,35957456,35087990,1,0
78282107,242,1,4238553,4238553,78282107,74043554,74043554,73979759,63795,48,0
78830320,563,1,6050371,6050371,78830320,72779949,72779949,71295289,1484660,49,0
80622932,129,8,3514079,3514079,80622932,77108853,77108853,4275440,72833413,1,0
80763378,130,8,3514096,3514096,80763378,77249282,77249282,141987,77107295,1,0
82216292,67,1,2352468,2352468,82216292,79863824,79863824,79862770,1054,2,0
82801882,572,4,6083370,6083370,82801882,76718512,76718512,34598640,42119872,1,0
82854638,115,8,3251335,3251335,82854638,79603303,79603303,13233338,66369965,1,0
82854915,133,8,3572938,3572938,82854915,79281977,79281977,1312,79280665,1,0
83008609,78,1,2353524,2353524,83008609,80655085,80655085,80653716,1369,3,0
83026968,77,1,2353516,2353516,83026968,80673452,80673452,80672194,1258,3,0
84703523,131,8,3556332,3556332,84703523,81147191,81147191,3941402,77205789,1,0
85321736,135,8,3575927,3575927,85321736,81745809,81745809,619807,81126002,1,0
85444798,132,8,3572883,3572883,85444798,81871915,81871915,3229596,78642319,1,0
86491251,137,8,3581378,3581378,86491251,82909873,82909873,1047710,81862163,1,0
88781546,96,8,2471567,2471567,88781546,86309979,86309979,34153815,52156164,26,0
89518548,138,8,3583341,3583341,89518548,85935207,85935207,3028554,82906653,1,0
89524417,140,8,3586358,3586358,89524417,85938059,85938059,6956,85931103,1,0
89587669,141,8,3587038,3587038,89587669,86000631,86000631,64509,85936122,1,0
89792487,142,8,3602731,3602731,89792487,86189756,86189756,206075,85983681,1,0
90319043,143,8,3664267,3664267,90319043,86654776,86654776,527813,86126963,1,0
90340919,144,8,3668447,3668447,90340919,86672472,86672472,22896,86649576,1,0
90500018,229,1,4238510,4238510,90500018,86261508,86261508,86244586,16922,16,0
90674582,250,1,4238580,4238580,90674582,86436002,86436002,86240575,195427,84,0
91288632,139,8,3585839,3585839,91288632,87702793,87702793,2508012,85194781,1,0
91357188,147,8,3670526,3670526,91357188,87686662,87686662,70114,87616548,1,0
91419474,148,8,3672188,3672188,91419474,87747286,87747286,63543,87683743,1,0
91542925,40,1,1945403,1945403,91542925,89597522,89597522,89597522,0,0,0
92127690,20,1,1943835,1943835,92127690,90183855,90183855,90183855,0,0,0
92347538,26,1,1943901,1943901,92347538,90403637,90403637,90403637,0,0,0
93419985,99,8,2918986,2918986,93419985,90500999,90500999,37519103,52981896,1,0
95473343,121,8,3336253,3336253,95473343,92137090,92137090,23608908,68528182,1,0
95545560,151,8,3771896,3771896,95545560,91773664,91773664,73680,91699984,1,0
95738963,146,8,3670480,3670480,95738963,92068483,92068483,5065985,87002498,1,0
96052492,405,1,5343745,5343745,96052492,90708747,90708747,90046965,661782,82,0
96321915,153,8,3773359,3773359,96321915,92548556,92548556,584084,91964472,1,0
98312171,152,8,3772318,3772318,98312171,94539853,94539853,2767652,91772201,1,0
99475076,136,8,3575962,3575962,99475076,95899114,95899114,14154899,81744215,1,0
99500061,156,8,3775871,3775871,99500061,95724190,95724190,26242,95697948,1,0
101603536,155,8,3775315,3775315,101603536,97828221,97828221,3292328,94535893,1,0
101694703,52,1,1945545,1945545,101694703,99749158,99749158,99748414,744,1,0
102491825,157,8,3780272,3780272,102491825,98711553,98711553,2993021,95718532,1,0
102639287,31,1,1943937,1943937,102639287,100695350,100695350,100695350,0,0,0
102820694,159,8,3817978,3817978,102820694,99002716,99002716,330430,98672286,1,0
102985459,120,8,3336208,3336208,102985459,99649251,99649251,31984981,67664270,1,0
106102257,160,8,3828965,3828965,106102257,102273292,102273292,3282653,98990639,1,0
106168073,162,8,3831486,3831486,106168073,102336587,102336587,67004,102269583,1,0
107928862,154,8,3774084,3774084,107928862,104154778,104154778,11608178,92546600,1,0
108029789,164,8,3845388,3845388,108029789,104184401,104184401,102184,104082217,1,0
108031763,165,8,3852752,3852752,108031763,104179011,104179011,3567,104175444,1,0
108404186,145,8,3668737,3668737,108404186,104735449,104735449,18064806,86670643,1,0
109647501,166,8,3852784,3852784,109647501,105794717,105794717,1617299,104177418,1,0
110183362,134,8,3573973,3573973,110183362,106609389,106609389,27329704,79279685,1,0
111104019,254,1,4242644,4242644,111104019,106861375,106861375,106524172,337203,101,0
111411635,113,8,3244307,3244307,111411635,108167328,108167328,45445551,62721777,1,0
111522018,171,8,3892069,3892069,111522018,107629949,107629949,111640,107518309,1,0
111671648,163,8,3832267,3832267,111671648,107839381,107839381,5504832,102334549,1,0
111712177,174,8,3922206,3922206,111712177,107789971,107789971,41786,107748185,1,0
113716100,161,8,3829332,3829332,113716100,109886768,109886768,10732174,99154594,1,0
113838725,181,8,3993309,3993309,113838725,109845416,109845416,123566,109721850,1,0
114116064,173,8,3910611,3910611,114116064,110205453,110205453,2595154,107610299,1,0
116763296,168,8,3854783,3854783,116763296,112908513,112908513,7117042,105791471,1,0
117506083,182,8,3993416,3993416,117506083,113512667,113512667,3668532,109844135,1,0
117549536,188,8,3996027,3996027,117549536,113553509,113553509,45084,113508425,1,0
117689611,189,8,3996109,3996109,117689611,113693502,113693502,141624,113551878,1,0
117906973,191,8,4002150,4002150,117906973,113904823,113904823,218947,113685876,1,0
118243054,192,8,4002172,4002172,118243054,114240882,114240882,337644,113903238,1,0
118284981,193,8,4011623,4011623,118284981,114273358,114273358,43184,114230174,1,0
118397178,194,8,4017576,4017576,118397178,114379602,114379602,113454,114266148,1,0
119478881,69,1,2353391,2353391,119478881,117125490,117125490,117124436,1054,2,0
119531298,158,8,3817947,3817947,119531298,115713351,115713351,17929354,97783997,1,0
119800012,205,8,4098808,4098808,119800012,115701204,115701204,269818,115431386,1,0
125305349,169,8,3855623,3855623,125305349,121449726,121449726,15123244,106326482,1,0
127267596,201,8,4072683,4072683,127267596,123194913,123194913,8871555,114323358,1,0
129132886,208,8,4098825,4098825,129132886,125034061,125034061,1866377,123167684,1,0
130611849,59,1,2326970,2326970,130611849,128284879,128284879,128284135,744,1,0
130710457,183,8,3993843,3993843,130710457,126716614,126716614,16595433,110121181,1,0
133596642,187,8,3994883,3994883,133596642,129601759,129601759,16834391,112767368,1,0
134284150,210,8,4099456,4099456,134284150,130184694,130184694,3575000,126609694,1,0
136233149,48,1,1945503,1945503,136233149,134287646,134287646,134287646,0,0,0
141280554,213,8,4100763,4100763,141280554,137179791,137179791,6997784,130182007,1,0
141657541,215,8,4117439,4117439,141657541,137540102,137540102,378644,137161458,1,0
145162564,207,8,4098822,4098822,145162564,141063742,141063742,19858305,121205437,1,0
148547704,206,8,4098818,4098818,148547704,144448886,144448886,28748786,115700100,1,0
148582351,216,8,4117554,4117554,148582351,144464797,144464797,6926352,137538445,1,0
149630590,167,8,3854780,3854780,149630590,145775810,145775810,41227654,104548156,1,0
149720460,12,1,1943248,1943248,149720460,147777212,147777212,147777212,0,0,0
149762550,270,8,4388907,4388907,149762550,145373643,145373643,132926,145240717,1,0
151626178,219,8,4207092,4207092,151626178,147419086,147419086,3080035,144339051,1,0
152140222,274,8,4431116,4431116,152140222,147709106,147709106,515301,147193805,1,0
152192713,275,8,4436304,4436304,152192713,147756409,147756409,53748,147702661,1,0
154041365,271,8,4389136,4389136,154041365,149652229,149652229,4280360,145371869,1,0
154706295,291,8,4525610,4525610,154706295,150180685,150180685,666519,149514166,1,0
155879508,149,8,3675831,3675831,155879508,152203677,152203677,64461291,87742386,1,0
157025669,261,8,4257328,4257328,157025669,152768341,152768341,8444575,144323766,1,0
157572172,302,8,4620804,4620804,157572172,152951368,152951368,547760,152403608,1,0
159210242,292,8,4525638,4525638,159210242,154684604,154684604,4505508,150179096,1,0
159473403,312,8,4721038,4721038,159473403,154752365,154752365,264101,154488264,1,0
159560413,313,8,4721206,4721206,159560413,154839207,154839207,88586,154750621,1,0
159680270,314,8,4721246,4721246,159680270,154959024,154959024,121393,154837631,1,0
159691702,321,8,4856485,4856485,159691702,154835217,154835217,12674,154822543,1,0
159708837,51,1,1945520,1945520,159708837,157763317,157763317,157763317,0,0,0
160347787,322,8,4857727,4857727,160347787,155490060,155490060,657342,154832718,1,0
161152952,209,8,4099352,4099352,161152952,157053600,157053600,32020995,125032605,1,0
165208643,323,8,4951959,4951959,165208643,160256684,160256684,4861795,155394889,1,0
165615657,211,8,4099614,4099614,165615657,161516043,161516043,32020164,129495879,1,0
167892945,325,8,4952491,4952491,167892945,162940454,162940454,2685497,160254957,1,0
176595095,88,1,2372744,2372744,176595095,174222351,174222351,174218133,4218,6,0
176595130,90,1,2372756,2372756,176595130,174222374,174222374,174217161,5213,7,0
178487799,84,1,2354619,2354619,178487799,176133180,176133180,176129835,3345,5,0
178768212,180,8,3991832,3991832,178768212,174776380,174776380,67057292,107719088,1,0
178799568,328,8,4974958,4974958,178799568,173824610,173824610,32949,173791661,1,0
178947462,329,8,4974991,4974991,178947462,173972471,173972471,149454,173823017,1,0
180493002,75,1,2353483,2353483,180493002,178139519,178139519,178138261,1258,3,0
181891604,330,8,5030414,5030414,181891604,176861190,176861190,2945713,173915477,1,0
187936089,331,8,5030418,5030418,187936089,182905671,182905671,7444654,175461017,1,0
189695134,3,1,945683,945683,189695134,188749451,188749451,188749451,0,0,0
190253495,204,8,4098805,4098805,190253495,186154690,186154690,70775721,115378969,1,0
190933897,336,8,5077256,5077256,190933897,185856641,185856641,681319,185175322,1,0
191184884,337,8,5078173,5078173,191184884,186106711,186106711,251984,185854727,1,0
191416827,338,8,5078194,5078194,191416827,186338633,186338633,232919,186105714,1,0
191829177,348,8,5078919,5078919,191829177,186750258,186750258,413336,186336922,1,0
193863834,327,8,4968494,4968494,193863834,188895340,188895340,25972146,162923194,1,0
194843926,282,8,4513730,4513730,194843926,190330196,190330196,42652470,147677726,1,0
195001400,365,8,5214469,5214469,195001400,189786931,189786931,1139229,188647702,1,0
195050942,367,8,5214587,5214587,195050942,189836355,189836355,51087,189785268,1,0
195087135,366,8,5214473,5214473,195087135,189872662,189872662,244868,189627794,1,0
196506610,368,8,5214593,5214593,196506610,191292017,191292017,1457207,189834810,1,0
198075771,218,8,4207065,4207065,198075771,193868706,193868706,52914795,140953911,1,0
198243538,372,8,5281861,5281861,198243538,192961677,192961677,169316,192792361,1,0
199538502,371,8,5281775,5281775,199538502,194256727,194256727,3033527,191223200,1,0
204522791,334,8,5061663,5061663,204522791,199461128,199461128,16588269,182872859,1,0
204958285,349,8,5079170,5079170,204958285,199879115,199879115,13130167,186748948,1,0
207090378,333,8,5061660,5061660,207090378,202028718,202028718,25200344,176828374,1,0
210329606,43,1,1945454,1945454,210329606,208384152,208384152,208384152,0,0,0
219348945,95,8,2471552,2471552,219348945,216877393,216877393,190438576,26438817,16,0
219666025,401,8,5321027,5321027,219666025,214344998,214344998,318062,214026936,1,0
220118869,402,8,5321274,5321274,220118869,214797595,214797595,454388,214343207,1,0
221596498,50,1,1945514,1945514,221596498,219650984,219650984,219650984,0,0,0
221860822,390,8,5305183,5305183,221860822,216555639,216555639,23618215,192937424,1,0
221873512,393,8,5305810,5305810,221873512,216567702,216567702,16916489,199651213,1,0
221927771,434,8,5569193,5569193,221927771,216358578,216358578,55389,216303189,1,0
221944783,432,8,5562718,5562718,221944783,216382065,216382065,85218,216296847,1,0
222271883,431,8,5549352,5549352,222271883,216722531,216722531,2154271,214568260,1,0
222445330,438,8,5577140,5577140,222445330,216868190,216868190,501804,216366386,1,0
223062798,437,8,5576137,5576137,223062798,217486661,217486661,1136030,216350631,1,0
223572819,35,1,1943959,1943959,223572819,221628860,221628860,221628860,0,0,0
224313156,23,1,1943861,1943861,224313156,222369295,222369295,222369295,0,0,0
225756078,400,8,5321019,5321019,225756078,220435059,220435059,18666690,201768369,1,0
232113492,439,8,5609800,5609800,232113492,226503692,226503692,9843180,216660512,1,0
232154316,443,8,5628790,5628790,232154316,226525526,226525526,42432,226483094,1,0
232370855,444,8,5628842,5628842,232370855,226742013,226742013,218095,226523918,1,0
233747431,150,8,3698317,3698317,233747431,230049114,230049114,140328703,89720411,1,0
235020410,448,8,5654290,5654290,235020410,229366120,229366120,1274545,228091575,1,0
235255675,311,8,4720969,4720969,235255675,230534706,230534706,77684512,152850194,1,0
236093525,449,8,5655926,5655926,236093525,230437599,230437599,1074692,229362907,1,0
236112863,451,8,5655938,5655938,236112863,230456925,230456925,20903,230436022,1,0
236393121,80,1,2353564,2353564,236393121,234039557,234039557,234038188,1369,3,0
237120641,293,8,4527914,4527914,237120641,232592727,232592727,81242390,151350337,1,0
237849738,453,8,5659730,5659730,237849738,232190008,232190008,1737991,230452017,1,0
237946493,486,8,5758806,5758806,237946493,232187687,232187687,98012,232089675,1,0
238736874,447,8,5654281,5654281,238736874,233082593,233082593,6367594,226714999,1,0
238781319,370,8,5232515,5232515,238781319,233548804,233548804,43695441,189853363,1,0
238875957,499,8,5808930,5808930,238875957,233067027,233067027,930731,232136296,1,0
238876232,505,8,5826341,5826341,238876232,233049891,233049891,1532,233048359,1,0
238939154,531,8,5906942,5906942,238939154,233032212,233032212,64543,232967669,1,0
238979979,532,8,5906977,5906977,238979979,233073002,233073002,42411,233030591,1,0
239429444,502,8,5818950,5818950,239429444,233610494,233610494,649679,232960815,1,0
239562776,441,8,5611975,5611975,239562776,233950801,233950801,16501549,217449252,1,0
240086498,534,8,5910762,5910762,240086498,234175736,234175736,658311,233517425,1,0
241391256,539,8,5920105,5920105,241391256,235471151,235471151,1306352,234164799,1,0
241810652,485,8,5746918,5746918,241810652,236063734,236063734,4691268,231372466,1,0
242447512,540,8,5920134,5920134,242447512,236527378,236527378,1057821,235469557,1,0
243402455,538,8,5920075,5920075,243402455,237482380,237482380,3841303,233641077,1,0
243497953,442,8,5611979,5611979,243497953,237885974,237885974,17743442,220142532,1,0
243637018,575,8,6135933,6135933,243637018,237501085,237501085,236099,237264986,1,0
243738770,670,8,6590711,6590711,243738770,237148059,237148059,242074,236905985,1,0
244061601,450,8,5655933,5655933,244061601,238405668,238405668,8807496,229598172,1,0
244451570,685,8,6996605,6996605,244451570,237454965,237454965,390943,237064022,1,0
245725304,46,1,1945483,1945483,245725304,243779821,243779821,243779821,0,0,0
245992016,324,8,4951999,4951999,245992016,241040017,241040017,84840751,156199266,1,0
247475680,533,8,5907010,5907010,247475680,241568670,241568670,8497254,233071416,1,0
247650355,683,8,6713307,6713307,247650355,240937048,240937048,3912842,237024206,1,0
247753460,692,8,7186665,7186665,247753460,240566795,240566795,279037,240287758,1,0
248161922,677,8,6619673,6619673,248161922,241542249,241542249,4526161,237016088,1,0
248372306,695,8,7217520,7217520,248372306,241154786,241154786,211641,240943145,1,0
253503076,686,8,6997386,6997386,253503076,246505690,246505690,9052417,237453273,1,0
257524347,718,8,7314985,7314985,257524347,250209362,250209362,9153298,241056064,1,0
257551427,739,8,7651010,7651010,257551427,249900417,249900417,28512,249871905,1,0
257556863,740,8,7651017,7651017,257556863,249905846,249905846,6861,249898985,1,0
257700089,742,8,7651118,7651118,257700089,250048971,250048971,144550,249904421,1,0
257917387,743,8,7670655,7670655,257917387,250246732,250246732,218868,250027864,1,0
258010042,735,8,7537843,7537843,258010042,250472199,250472199,4508223,245963976,1,0
258016448,746,8,7788414,7788414,258016448,250228034,250228034,7581,250220453,1,0
258103906,693,8,7188172,7188172,258103906,250915734,250915734,10455143,240460591,1,0
258140611,744,8,7670658,7670658,258140611,250469953,250469953,224791,250245162,1,0
258141299,749,8,7794273,7794273,258141299,250347026,250347026,2258,250344768,1,0
258219912,747,8,7789076,7789076,258219912,250430836,250430836,204813,250226023,1,0
258390031,748,8,7792122,7792122,258390031,250597909,250597909,287151,250310758,1,0
258430854,752,8,7819776,7819776,258430854,250611078,250611078,42390,250568688,1,0
258481133,750,8,7794276,7794276,258481133,250686857,250686857,341401,250345456,1,0
258506398,755,8,7911435,7911435,258506398,250594963,250594963,26287,250568676,1,0
258506521,756,8,7912457,7912457,258506521,250594064,250594064,1380,250592684,1,0
258515490,751,8,7819773,7819773,258515490,250695717,250695717,297148,250398569,1,0
258564465,757,8,7914914,7914914,258564465,250649551,250649551,59201,250590350,1,0
258594887,759,8,7967407,7967407,258594887,250627480,250627480,31973,250595507,1,0
259221522,760,8,7989604,7989604,259221522,251231918,251231918,628205,250603713,1,0
259226371,761,8,7989607,7989607,259226371,251236764,251236764,6416,251230348,1,0
259467119,765,8,8051849,8051849,259467119,251415270,251415270,242358,251172912,1,0
259666156,766,8,8051903,8051903,259666156,251614253,251614253,200593,251413660,1,0
259888361,501,8,5818917,5818917,259888361,254069444,254069444,21153074,232916370,1,0
260048710,768,8,8055044,8055044,260048710,251993666,251993666,161986,251831680,1,0
263868908,754,8,7911064,7911064,263868908,255957844,255957844,5439147,250518697,1,0
264404092,770,8,8083271,8083271,264404092,256320821,256320821,536755,255784066,1,0
264433442,771,8,8083275,8083275,264433442,256350167,256350167,30917,256319250,1,0
264914015,772,8,8084946,8084946,264914015,256829069,256829069,482144,256346925,1,0
265213566,773,8,8084950,8084950,265213566,257128616,257128616,301118,256827498,1,0
265236268,775,8,8123816,8123816,265236268,257112452,257112452,23959,257088493,1,0
265624714,769,8,8055147,8055147,265624714,257569567,257569567,5577538,251992029,1,0
265627993,777,8,8143698,8143698,265627993,257484295,257484295,4849,257479446,1,0
265845927,776,8,8125796,8125796,265845927,257720131,257720131,610916,257109215,1,0
265903623,779,8,8148661,8148661,265903623,257754962,257754962,58953,257696009,1,0
265964873,780,8,8151835,8151835,265964873,257813038,257813038,62340,257750698,1,0
265977178,781,8,8151887,8151887,265977178,257825291,257825291,13343,257811948,1,0
265982700,782,8,8152202,8152202,265982700,257830498,257830498,7055,257823443,1,0
266000486,783,8,8167016,8167016,266000486,257833470,257833470,19357,257814113,1,0
266229501,778,8,8143701,8143701,266229501,258085800,258085800,603075,257482725,1,0
266879641,784,8,8167020,8167020,266879641,258712621,258712621,880722,257831899,1,0
266971849,786,8,8242114,8242114,266971849,258729735,258729735,93789,258635946,1,0
266975318,787,8,8242117,8242117,266975318,258733201,258733201,5047,258728154,1,0
266994965,788,8,8242131,8242131,266994965,258752834,258752834,21211,258731623,1,0
267030155,767,8,8054934,8054934,267030155,258975221,258975221,7364951,251610270,1,0
267048523,440,8,5609804,5609804,267048523,261438719,261438719,44604760,216833959,1,0
267071622,790,8,8398984,8398984,267071622,258672638,258672638,78228,258594410,1,0
267137595,793,8,8434461,8434461,267137595,258703134,258703134,67540,258635594,1,0
267220285,758,8,7967236,7967236,267220285,259253049,259253049,8705710,250547339,1,0
267260448,792,8,8434457,8434457,267260448,258825991,258825991,213496,258612495,1,0
267262300,798,8,8493846,8493846,267262300,258768454,258768454,126277,258642177,1,0
267410080,791,8,8398988,8398988,267410080,259011092,259011092,381492,258629600,1,0
267782208,799,8,8493852,8493852,267782208,259288356,259288356,563489,258724867,1,0
267783405,808,8,8680077,8680077,267783405,259103328,259103328,2440,259100888,1,0
268011573,811,8,8690423,8690423,268011573,259321150,259321150,229761,259091389,1,0
268014523,812,8,8690431,8690431,268014523,259324092,259324092,4535,259319557,1,0
268208649,785,8,8173466,8173466,268208649,260035183,260035183,1980405,258054778,1,0
268305512,814,8,8690456,8690456,268305512,259615056,259615056,98423,259516633,1,0
268378435,815,8,8844933,8844933,268378435,259533502,259533502,74180,259459322,1,0
268381218,816,8,8931250,8931250,268381218,259449968,259449968,4355,259445613,1,0
268475493,806,8,8666263,8666263,268475493,259809230,259809230,1066670,258742560,1,0
268475584,826,8,9023473,9023473,268475584,259452111,259452111,1662,259450449,1,0
268481968,827,8,9023477,9023477,268481968,259458491,259458491,7951,259450540,1,0
268605361,813,8,8690449,8690449,268605361,259914912,259914912,592405,259322507,1,0
268743432,831,8,9128320,9128320,268743432,259615112,259615112,139109,259476003,1,0
268914930,832,8,9128323,9128323,268914930,259786607,259786607,172533,259614074,1,0
268986979,817,8,8931256,8931256,268986979,260055723,260055723,607327,259448396,1,0
269047300,834,8,9131722,9131722,269047300,259915578,259915578,133941,259781637,1,0
269161333,835,8,9131726,9131726,269161333,260029607,260029607,175921,259853686,1,0
269163702,837,8,9142149,9142149,269163702,260021553,260021553,3483,260018070,1,0
269225969,838,8,9142856,9142856,269225969,260083113,260083113,63524,260019589,1,0
270161855,836,8,9142146,9142146,270161855,261019709,261019709,1115672,259904037,1,0
271541922,803,8,8516889,8516889,271541922,263025033,263025033,4280645,258744388,1,0
271824256,868,8,9352340,9352340,271824256,262471916,262471916,283264,262188652,1,0
272132018,802,8,8516854,8516854,272132018,263615164,263615164,4872628,258742536,1,0
272159720,694,8,7188203,7188203,272159720,264971517,264971517,24407821,240563696,1,0
272585101,871,8,9352949,9352949,272585101,263232152,263232152,426426,262805726,1,0
272917891,866,8,9323676,9323676,272917891,263594215,263594215,2757467,260836748,1,0
273016390,828,8,9041075,9041075,273016390,263975315,263975315,4535679,259439636,1,0
273469338,874,8,9353218,9353218,273469338,264116120,264116120,454527,263661593,1,0
273476965,875,8,9353239,9353239,273476965,264123726,264123726,9185,264114541,1,0
273630122,574,8,6135603,6135603,273630122,267494519,267494519,31183666,236310853,1,0
273902749,932,8,9618714,9618714,273902749,264284035,264284035,427041,263856994,1,0
274191902,933,8,9621946,9621946,274191902,264569956,264569956,563037,264006919,1,0
274263671,936,8,9649809,9649809,274263671,264613862,264613862,362179,264251683,1,0
274689873,938,8,9718865,9718865,274689873,264971008,264971008,427459,264543549,1,0
275191826,81,1,2353630,2353630,275191826,272838196,272838196,272836421,1775,4,0
275527263,940,8,9723284,9723284,275527263,265803979,265803979,336694,265467285,1,0
275542718,941,8,9778827,9778827,275542718,265763891,265763891,16712,265747179,1,0
275742925,942,8,9780149,9780149,275742925,265962776,265962776,201109,265761667,1,0
275745299,943,8,9780306,9780306,275745299,265964993,265964993,3926,265961067,1,0
275745869,944,8,9812781,9812781,275745869,265933088,265933088,2166,265930922,1,0
275827948,945,8,9812818,9812818,275827948,266015130,266015130,83638,265931492,1,0
276193322,872,8,9352960,9352960,276193322,266840362,266840362,3609255,263231107,1,0
276196746,946,8,9822965,9822965,276196746,266373781,266373781,370055,266003726,1,0
276253005,948,8,9867954,9867954,276253005,266385051,266385051,57825,266327226,1,0
276341549,947,8,9867948,9867948,276341549,266473601,266473601,149799,266323802,1,0
276348102,950,8,9879334,9879334,276348102,266468768,266468768,8120,266460648,1,0
276414279,951,8,9886114,9886114,276414279,266528165,266528165,67434,266460731,1,0
276453439,949,8,9879329,9879329,276453439,266574110,266574110,202006,266372104,1,0
276837605,937,8,9717883,9717883,276837605,267119722,267119722,2646685,264473037,1,0
276842704,954,8,9904351,9904351,276842704,266938353,266938353,6637,266931716,1,0
277143700,953,8,9904293,9904293,277143700,267239407,267239407,691857,266547550,1,0
277149838,957,8,10050687,10050687,277149838,267099151,267099151,7395,267091756,1,0
277353795,958,8,10064333,10064333,277353795,267289462,267289462,205214,267084248,1,0
277457471,959,8,10216368,10216368,277457471,267241103,267241103,104933,267136170,1,0
277676058,955,8,9983541,9983541,277676058,267692517,267692517,834611,266857906,1,0
277682665,966,8,10729202,10729202,277682665,266953463,266953463,7819,266945644,1,0
278636080,960,8,10224956,10224956,278636080,268411124,268411124,1179866,267231258,1,0
278702273,939,8,9722372,9722372,278702273,268979901,268979901,4013312,264966589,1,0
278722413,952,8,9904218,9904218,278722413,268818195,268818195,2309805,266508390,1,0
278753146,967,8,10730007,10730007,278753146,268023139,268023139,1071970,266951169,1,0
278800785,970,8,10817519,10817519,278800785,267983266,267983266,99807,267883459,1,0
280682650,968,8,10805328,10805328,280682650,269877322,269877322,2047827,267829495,1,0
281067149,98,8,2746135,2746135,281067149,278321014,278321014,226247035,52073979,42,0
281318407,870,8,9352373,9352373,281318407,271966034,271966034,9187653,262778381,1,0
283535570,688,16,6998093,6998093,283535570,276537477,276537477,4783066,271754411,1,0
284055685,690,16,7063550,7063550,284055685,276992135,276992135,2738092,274254043,1,0
284422342,94,1,2372779,2372779,284422342,282049563,282049563,282036009,13554,12,0
284527966,732,16,7407929,7407929,284527966,277120037,277120037,472923,276647114,1,0
285117961,733,16,7409520,7409520,285117961,277708441,277708441,590539,277117902,1,0
285192012,691,16,7142056,7142056,285192012,278049956,278049956,1657084,276392872,1,0
286133604,734,16,7409860,7409860,286133604,278723744,278723744,1016285,277707459,1,0
286685628,737,16,7557853,7557853,286685628,279127775,279127775,1494258,277633517,1,0
287661831,687,8,6997579,6997579,287661831,280664252,280664252,41670971,238993281,1,0
288044823,763,16,8040988,8040988,288044823,280003835,280003835,1359648,278644187,1,0
289563960,764,16,8041056,8041056,289563960,281522904,281522904,1519948,280002956,1,0
289751678,774,16,8095109,8095109,289751678,281656569,281656569,188360,281468209,1,0
289782004,794,16,8462235,8462235,289782004,281319769,281319769,30940,281288829,1,0
290370606,689,16,7063496,7063496,290370606,283307110,283307110,9688824,273618286,1,0
290841635,796,16,8463334,8463334,290841635,282378301,282378301,471856,281906445,1,0
291313792,797,16,8463342,8463342,291313792,282850450,282850450,472976,282377474,1,0
292160360,800,16,8505702,8505702,292160360,283654658,283654658,847210,282807448,1,0
293690458,801,16,8513322,8513322,293690458,285177136,285177136,1530740,283646396,1,0
296379500,804,16,8517361,8517361,296379500,287862139,287862139,2689593,285172546,1,0
296916620,869,8,9352358,9352358,296916620,287564262,287564262,25093276,262470986,1,0
297201357,14,1,1943786,1943786,297201357,295257571,295257571,295257571,0,0,0
297510582,823,16,8968659,8968659,297510582,288541923,288541923,594604,287947319,1,0
297985595,805,16,8517527,8517527,297985595,289468068,289468068,1606906,287861162,1,0
298019028,885,16,9484002,9484002,298019028,288535026,288535026,34075,288500951,1,0
298037228,935,16,9647037,9647037,298037228,288390191,288390191,18842,288371349,1,0
300133445,873,8,9352975,9352975,300133445,290780470,290780470,27216573,263563897,1,0
301932162,865,8,9323577,9323577,301932162,292608585,292608585,32707723,259900862,1,0
303007583,789,32,8334448,8334448,303007583,294673135,294673135,1075745,293597390,1,0
303030262,821,32,8967286,8967286,303030262,294062976,294062976,23003,294039973,1,0
303196862,822,32,8967975,8967975,303196862,294228887,294228887,166924,294061963,1,0
303276964,839,32,9308070,9308070,303276964,293968894,293968894,80426,293888468,1,0
303336333,762,16,8040909,8040909,303336333,295295424,295295424,17203261,278092163,1,0
303803022,795,16,8462645,8462645,303803022,295340377,295340377,14021660,281318717,1,0
304611388,841,32,9313816,9313816,304611388,295297572,295297572,808690,294488882,1,0
308069173,840,32,9312655,9312655,308069173,298756518,298756518,4792533,293963985,1,0
312653385,934,32,9632785,9632785,312653385,303020600,303020600,8042321,294978279,1,0
322899913,833,16,9129154,9129154,322899913,313770759,313770759,25389973,288380786,1,0
332133369,326,8,4959086,4959086,332133369,327174283,327174283,166518969,160655314,1,0
343027339,44,1,1945464,1945464,343027339,341081875,341081875,341081875,0,0,0
346193809,34,1,1943953,1943953,346193809,344249856,344249856,344249856,0,0,0
372618618,127,8,3512880,3512880,372618618,369105738,369105738,297417871,71687867,1,0
378694375,391,8,5305187,5305187,378694375,373389188,373389188,179156800,194232388,1,0
382140256,392,8,5305807,5305807,382140256,376834449,376834449,177618730,199215719,1,0
393799381,10,1,1639747,1639747,393799381,392159634,392159634,392159634,0,0,0
394136643,5,1,1245115,1245115,394136643,392891528,392891528,392891528,0,0,0
446605938,61,1,2341194,2341194,446605938,444264744,444264744,444263695,1049,2,0
459288312,6,1,1245337,1245337,459288312,458042975,458042975,458042975,0,0,0
496511334,573,8,6135599,6135599,496511334,490375735,490375735,254701742,235673993,1,0
