time,job_id,num_gpu,submit_time,start_time,end_time,executed_time,JCT,duration,pending_time,preempt,promote
524706,4,8,512614,512614,524706,12092,12092,12092,0,0,0
559303,1,4,1456,1456,559303,557847,557847,557847,0,0,0
566163,7,8,542432,542432,566163,23731,23731,23731,0,0,0
597706,8,8,589714,589714,597706,7992,7992,7992,0,0,0
700895,16,8,680163,680163,700895,20732,20732,20732,0,0,0
710452,9,8,665621,665621,710452,44831,44831,44831,0,0,0
711640,15,8,680146,680146,711640,31494,31494,31494,0,0,0
872119,17,1,773814,773814,872119,98305,98305,98305,0,0,0
1018098,18,8,895207,895207,1018098,122891,122891,122450,441,1,0
1088393,24,8,972336,972336,1088393,116057,116057,116057,0,0,0
1121086,5,8,517969,517969,1121086,603117,603117,603117,0,0,0
1122388,23,1,943298,943298,1122388,179090,179090,179090,0,0,0
1172506,19,8,929584,929584,1172506,242922,242922,242481,441,1,0
1211878,6,8,533527,533527,1211878,678351,678351,678351,0,0,0
1233895,41,4,1222021,1222021,1233895,11874,11874,11874,0,0,0
1287055,32,8,1198208,1198208,1287055,88847,88847,79321,9526,4,0
1299550,37,8,1205035,1205035,1299550,94515,94515,12495,82020,2,0
1302734,38,8,1207098,1207098,1302734,95636,95636,2396,93240,2,0
1306879,30,8,1198165,1198165,1306879,108714,108714,102959,5755,2,0
1317952,39,8,1209098,1209098,1317952,108854,108854,15269,93585,2,0
1322711,47,8,1288816,1288816,1322711,33895,33895,6016,27879,1,0
1334483,2,4,352430,352430,1334483,982053,982053,981830,223,1,0
1362931,53,8,1362087,1362087,1362931,844,844,844,0,0,0
1367580,55,8,1366817,1366817,1367580,763,763,763,0,0,0
1404054,48,8,1300065,1300065,1404054,103989,103989,79361,24628,5,0
1404193,40,8,1212768,1212768,1404193,191425,191425,96192,95233,4,0
1438607,49,8,1300853,1300853,1438607,137754,137754,95969,41785,10,0
1517882,10,8,665969,665969,1517882,851913,851913,851490,423,2,0
1521748,52,8,1361647,1361647,1521748,160101,160101,71077,89024,10,0
1523291,58,8,1379974,1379974,1523291,143317,143317,2800,140517,1,0
1524266,54,8,1363741,1363741,1524266,160525,160525,7641,152884,1,0
1880918,59,8,1382142,1382142,1880918,498776,498776,357515,141261,2,0
2013480,25,8,972341,972341,2013480,1041139,1041139,995921,45218,5,0
2085800,124,1,2080187,2080187,2085800,5613,5613,5613,0,0,0
2260360,11,8,672805,672805,2260360,1587555,1587555,1586713,842,4,0
2351264,141,1,2347736,2347736,2351264,3528,3528,3528,0,0,0
2366821,128,1,2159458,2159458,2366821,207363,207363,205027,2336,2,0
2398631,131,1,2168059,2168059,2398631,230572,230572,228236,2336,2,0
2496595,62,8,1385826,1385826,2496595,1110769,1110769,231329,879440,5,0
2524381,64,8,1408253,1408253,2524381,1116128,1116128,29043,1087085,1,0
2533728,151,8,2533111,2533111,2533728,617,617,617,0,0,0
2544821,65,8,1435521,1435521,2544821,1109300,1109300,19823,1089477,3,0
2576786,156,1,2569772,2569772,2576786,7014,7014,7014,0,0,0
2580765,159,1,2575880,2575880,2580765,4885,4885,4885,0,0,0
2593298,165,1,2575958,2575958,2593298,17340,17340,17340,0,0,0
2596295,157,1,2575861,2575861,2596295,20434,20434,20434,0,0,0
2609877,160,1,2575888,2575888,2609877,33989,33989,33989,0,0,0
2629052,162,1,2575928,2575928,2629052,53124,53124,53124,0,0,0
2681390,161,1,2575898,2575898,2681390,105492,105492,104731,761,1,0
2723203,164,1,2575948,2575948,2723203,147255,147255,140983,6272,4,0
2726030,13,8,672933,672933,2726030,2053097,2053097,2052171,926,4,0
2727681,163,1,2575937,2575937,2727681,151744,151744,150983,761,1,0
2798435,66,8,1441858,1441858,2798435,1356577,1356577,98920,1257657,6,0
2799996,106,2,1933693,1933693,2799996,866303,866303,850650,15653,14,0
2840184,158,1,2575871,2575871,2840184,264313,264313,263228,1085,2,0
2901571,132,1,2183382,2183382,2901571,718189,718189,714768,3421,4,0
3011853,67,8,1441922,1441922,3011853,1569931,1569931,279959,1289972,8,0
3146862,200,1,3085485,3085485,3146862,61377,61377,61377,0,0,0
3185580,202,2,3184949,3184949,3185580,631,631,631,0,0,0
3281537,33,8,1198246,1198246,3281537,2083291,2083291,2064845,18446,10,0
3284419,212,1,3280677,3280677,3284419,3742,3742,3742,0,0,0
3297182,70,8,1453262,1453262,3297182,1843920,1843920,16902,1827018,1,0
3309362,166,1,2575975,2575975,3309362,733387,733387,723596,9791,9,0
3319268,71,8,1457822,1457822,3319268,1861446,1861446,22086,1839360,2,0
3324667,72,8,1461874,1461874,3324667,1862793,1862793,6541,1856252,1,0
3365592,215,1,3347810,3347810,3365592,17782,17782,17782,0,0,0
3449692,214,1,3347678,3347678,3449692,102014,102014,102014,0,0,0
3782679,225,1,3723295,3723295,3782679,59384,59384,59384,0,0,0
3938655,201,2,3173344,3173344,3938655,765311,765311,764987,324,1,0
3950376,235,8,3949328,3949328,3950376,1048,1048,1048,0,0,0
4095305,60,8,1383820,1383820,4095305,2711485,2711485,2539033,172452,30,0
4146761,28,8,972388,972388,4146761,3174373,3174373,2971674,202699,8,0
4239978,252,1,4221357,4221357,4239978,18621,18621,18621,0,0,0
4344937,283,8,4344304,4344304,4344937,633,633,633,0,0,0
4414235,291,1,4396907,4396907,4414235,17328,17328,17328,0,0,0
4419226,277,1,4315128,4315128,4419226,104098,104098,100942,3156,1,0
4493845,301,1,4489380,4489380,4493845,4465,4465,4465,0,0,0
4520056,310,8,4519286,4519286,4520056,770,770,770,0,0,0
4541649,68,8,1447269,1447269,4541649,3094380,3094380,1729653,1364727,19,0
4548011,303,1,4494659,4494659,4548011,53352,53352,50821,2531,2,0
4569001,302,2,4491418,4491418,4569001,77583,77583,75052,2531,2,0
4575218,320,1,4565596,4565596,4575218,9622,9622,9622,0,0,0
4580714,318,1,4562297,4562297,4580714,18417,18417,18417,0,0,0
4650530,319,1,4562735,4562735,4650530,87795,87795,87795,0,0,0
4701928,242,1,4089062,4089062,4701928,612866,612866,612866,0,0,0
4880445,292,1,4397285,4397285,4880445,483160,483160,480629,2531,2,0
4890324,175,1,2672949,2672949,4890324,2217375,2217375,2213856,3519,5,0
4943215,74,8,1463038,1463038,4943215,3480177,3480177,815550,2664627,25,0
5092039,342,1,4931129,4931129,5092039,160910,160910,159411,1499,2,0
5110294,376,1,5073789,5073789,5110294,36505,36505,36505,0,0,0
5111618,377,1,5081896,5081896,5111618,29722,29722,29722,0,0,0
5157466,385,8,5156232,5156232,5157466,1234,1234,1234,0,0,0
5230328,27,8,972384,972384,5230328,4257944,4257944,4106917,151027,11,0
5352836,0,4,0,0,5352836,5352836,5352836,5352613,223,1,0
5370128,350,1,4989789,4989789,5370128,380339,380339,363391,16948,2,0
5420033,297,1,4410658,4410658,5420033,1009375,1009375,1006006,3369,4,0
5450684,404,1,5448204,5448204,5450684,2480,2480,2480,0,0,0
5583479,278,1,4318284,4318284,5583479,1265195,1265195,1193344,71851,2,0
5676298,427,1,5604341,5604341,5676298,71957,71957,71957,0,0,0
5722532,428,4,5606701,5606701,5722532,115831,115831,28767,87064,2,0
5743317,434,4,5694659,5694659,5743317,48658,48658,47084,1574,1,0
5775457,403,4,5448068,5448068,5775457,327389,327389,327389,0,0,0
5788866,276,2,4314048,4314048,5788866,1474818,1474818,1470346,4472,2,0
5845814,435,1,5700199,5700199,5845814,145615,145615,145615,0,0,0
6093713,29,8,1198143,1198143,6093713,4895570,4895570,4885556,10014,12,0
6134656,51,8,1316099,1316099,6134656,4818557,4818557,4713035,105522,22,0
6169760,451,8,6168786,6168786,6169760,974,974,974,0,0,0
6180252,73,8,1463016,1463016,6180252,4717236,4717236,2802083,1915153,47,0
6196041,83,8,1529623,1529623,6196041,4666418,4666418,17046,4649372,1,0
6198326,82,8,1499394,1499394,6198326,4698932,4698932,62725,4636207,2,0
6213036,85,8,1536518,1536518,6213036,4676518,4676518,15967,4660551,1,0
6328363,86,8,1545400,1545400,6328363,4782963,4782963,114851,4668112,2,0
6613060,405,1,5448702,5448702,6613060,1164358,1164358,1163676,682,2,0
6637388,370,1,5012390,5012390,6637388,1624998,1624998,1621258,3740,4,0
6740701,484,1,6739370,6739370,6740701,1331,1331,1331,0,0,0
6754542,483,1,6738661,6738661,6754542,15881,15881,14991,890,1,0
6822743,489,4,6806776,6806776,6822743,15967,15967,13690,2277,1,0
6948635,506,4,6915524,6915524,6948635,33111,33111,31289,1822,1,0
6953991,500,4,6906477,6906477,6953991,47514,47514,43569,3945,3,0
6959767,499,1,6832918,6832918,6959767,126849,126849,125360,1489,2,0
6969994,502,1,6909082,6909082,6969994,60912,60912,59090,1822,1,0
6984723,485,1,6739551,6739551,6984723,245172,245172,237381,7791,1,0
7116308,76,8,1463193,1463193,7116308,5653115,5653115,2200903,3452212,29,0
7166580,488,1,6804949,6804949,7166580,361631,361631,357050,4581,3,0
7168221,509,1,6977272,6977272,7168221,190949,190949,190949,0,0,0
7219896,253,1,4221911,4221911,7219896,2997985,2997985,2996875,1110,3,0
7292058,50,8,1315692,1315692,7292058,5976366,5976366,5880839,95527,17,0
7347163,515,1,7334402,7334402,7347163,12761,12761,12761,0,0,0
7403461,517,1,7339932,7339932,7403461,63529,63529,61015,2514,2,0
7412834,519,1,7340612,7340612,7412834,72222,72222,69708,2514,2,0
7413084,516,1,7339906,7339906,7413084,73178,73178,70664,2514,2,0
7446001,518,1,7340449,7340449,7446001,105552,105552,103038,2514,2,0
7595450,497,1,6828268,6828268,7595450,767182,767182,766451,731,1,0
7803870,498,1,6828288,6828288,7803870,975582,975582,974851,731,1,0
8092568,523,1,7894819,7894819,8092568,197749,197749,197749,0,0,0
8192411,526,1,7974515,7974515,8192411,217896,217896,214125,3771,3,0
8602447,527,1,7975556,7975556,8602447,626891,626891,621863,5028,4,0
8668470,528,1,7976735,7976735,8668470,691735,691735,686707,5028,4,0
8853992,92,8,1548882,1548882,8853992,7305110,7305110,815752,6489358,9,0
8859131,91,8,1548860,1548860,8859131,7310271,7310271,1638602,5671669,2,0
9320626,99,2,1574758,1574758,9320626,7745868,7745868,7372645,373223,21,0
9516387,31,8,1198187,1198187,9516387,8318200,8318200,8306106,12094,16,0
9677418,26,8,972381,972381,9677418,8705037,8705037,8586536,118501,14,0
10878704,522,1,7894655,7894655,10878704,2984049,2984049,2984049,0,0,0
11385943,87,8,1546505,1546505,11385943,9839438,9839438,5000012,4839426,14,0
11656544,61,8,1383824,1383824,11656544,10272720,10272720,9656692,616028,47,0
12292402,96,8,1549002,1549002,12292402,10743400,10743400,2616158,8127242,1,0
12634451,100,8,1741404,1741404,12634451,10893047,10893047,343306,10549741,1,0
13063722,97,8,1549769,1549769,13063722,11513953,11513953,1679036,9834917,1,0
13900466,102,8,1789807,1789807,13900466,12110659,12110659,838001,11272658,1,0
15383372,12,8,672911,672911,15383372,14710461,14710461,14707597,2864,11,0
16117499,101,8,1784044,1784044,16117499,14333455,14333455,3484305,10849150,1,0
16244956,104,8,1811028,1811028,16244956,14433928,14433928,862841,13571087,1,0
16278103,107,8,1963257,1963257,16278103,14314846,14314846,34404,14280442,1,0
16298633,108,8,1968479,1968479,16298633,14330154,14330154,21787,14308367,1,0
16499479,105,8,1818396,1818396,16499479,14681083,14681083,383237,14297846,1,0
17495585,69,8,1448138,1448138,17495585,16047447,16047447,14451905,1595542,38,0
17498830,111,8,1971303,1971303,17498830,15527527,15527527,4811,15522716,1,0
18005853,112,8,1976623,1976623,18005853,16029230,16029230,508280,15520950,1,0
18307589,113,8,1978758,1978758,18307589,16328831,16328831,302993,16025838,1,0
18308385,116,8,1987448,1987448,18308385,16320937,16320937,2053,16318884,1,0
18424929,117,8,1991832,1991832,18424929,16433097,16433097,117801,16315296,1,0
18954220,90,8,1548833,1548833,18954220,17405387,17405387,12021732,5383655,5,0
19208518,80,8,1488829,1488829,19208518,17719689,17719689,13783969,3935720,23,0
19485530,93,8,1548919,1548919,19485530,17936611,17936611,10632795,7303816,1,0
19603517,122,8,2064450,2064450,19603517,17539067,17539067,119244,17419823,1,0
20116293,118,8,2035614,2035614,20116293,18080679,18080679,1692621,16388058,1,0
20136144,77,8,1463214,1463214,20136144,18672930,18672930,14947755,3725175,19,0
20147776,125,8,2092764,2092764,20147776,18055012,18055012,32740,18022272,1,0
20149749,120,8,2045101,2045101,20149749,18104648,18104648,942794,17161854,1,0
20150052,126,8,2131377,2131377,20150052,18018675,18018675,15165,18003510,1,0
20246681,98,8,1572361,1572361,20246681,18674320,18674320,8591394,10082926,1,0
20247165,133,8,2187386,2187386,20247165,18059779,18059779,1741,18058038,1,0
20327258,123,8,2078637,2078637,20327258,18248621,18248621,724998,17523623,1,0
20407715,134,8,2189193,2189193,20407715,18218522,18218522,161807,18056715,1,0
20714541,135,8,2190963,2190963,20714541,18523578,18523578,388496,18135082,1,0
20949934,130,8,2161892,2161892,20949934,18788042,18788042,801493,17986549,1,0
21244810,137,8,2235058,2235058,21244810,19009752,19009752,531848,18477904,1,0
22449437,138,8,2235061,2235061,22449437,20214376,20214376,1501079,18713297,1,0
22490810,140,8,2235073,2235073,22490810,20255737,20255737,42937,20212800,1,0
22607283,142,8,2352139,2352139,22607283,20255144,20255144,117382,20137762,1,0
22689144,119,8,2045080,2045080,22689144,20644064,20644064,3736508,16907556,1,0
23629380,143,8,2352143,2352143,23629380,21277237,21277237,1023002,20254235,1,0
24175812,95,8,1548982,1548982,24175812,22626830,22626830,14660619,7966211,1,0
24296966,129,8,2161867,2161867,24296966,22135099,22135099,4148853,17986246,1,0
25228149,144,8,2352269,2352269,25228149,22875880,22875880,2540587,20335293,1,0
25774535,103,8,1794916,1794916,25774535,23979619,23979619,11875326,12104293,1,0
26751619,146,8,2352304,2352304,26751619,24399315,24399315,2577354,21821961,1,0
28149101,84,8,1533742,1533742,28149101,26615359,26615359,21944792,4670567,11,0
28508866,152,8,2535022,2535022,28508866,25973844,25973844,361022,25612822,1,0
28795266,153,8,2561473,2561473,28795266,26233793,26233793,287657,25946136,1,0
28823014,150,8,2443694,2443694,28823014,26379320,26379320,2072652,24306668,1,0
28849657,154,8,2567407,2567407,28849657,26282250,26282250,55345,26226905,1,0
29954848,14,8,672959,672959,29954848,29281889,29281889,29278374,3515,12,0
30081876,148,8,2398878,2398878,30081876,27682998,27682998,4854814,22828184,1,0
30836307,168,8,2647617,2647617,30836307,28188690,28188690,882633,27306057,1,0
30965766,170,8,2648030,2648030,30965766,28317736,28317736,131024,28186712,1,0
31117021,171,8,2665170,2665170,31117021,28451851,28451851,152512,28299339,1,0
31210659,147,8,2387276,2387276,31210659,28823383,28823383,6914950,21908433,1,0
31653084,110,8,1971299,1971299,31653084,29681785,29681785,15155175,14526610,1,0
31659057,174,8,2671796,2671796,31659057,28987261,28987261,7126,28980135,1,0
31734543,176,8,2693483,2693483,31734543,29041060,29041060,76743,28964317,1,0
31833394,177,8,2739679,2739679,31833394,29093715,29093715,100425,28993290,1,0
32926193,172,8,2668028,2668028,32926193,30258165,30258165,1810240,28447925,1,0
33115665,173,8,2668371,2668371,33115665,30447294,30447294,1906541,28540753,1,0
33206645,94,8,1548940,1548940,33206645,31657705,31657705,24348750,7308955,1,0
33275458,181,8,2763952,2763952,33275458,30511506,30511506,70345,30441161,1,0
33871218,169,8,2648019,2648019,33871218,31223199,31223199,3790918,27432281,1,0
33911495,75,8,1463152,1463152,33911495,32448343,32448343,29560403,2887940,47,0
33988378,182,8,2763974,2763974,33988378,31224404,31224404,714430,30509974,1,0
34085671,167,8,2647611,2647611,34085671,31438060,31438060,5237194,26200866,1,0
34591024,81,8,1491324,1491324,34591024,33099700,33099700,28488597,4611103,12,0
34913531,184,8,2808341,2808341,34913531,32105190,32105190,1043570,31061620,1,0
36392252,109,8,1971294,1971294,36392252,34420958,34420958,20095194,14325764,1,0
36612172,193,8,3009771,3009771,36612172,33602401,33602401,1699941,31902460,1,0
36728332,195,8,3009785,3009785,36728332,33718547,33718547,117446,33601101,1,0
38320862,149,8,2399558,2399558,38320862,35921304,35921304,12547584,23373720,1,0
39297818,194,8,3009781,3009781,39297818,36288037,36288037,2906856,33381181,1,0
39399812,198,8,3010664,3010664,39399812,36389148,36389148,103183,36285965,1,0
39588059,199,8,3021360,3021360,39588059,36566699,36566699,189504,36377195,1,0
39903747,145,8,2352279,2352279,39903747,37551468,37551468,16275939,21275529,1,0
39927894,205,8,3208775,3208775,39927894,36719119,36719119,25404,36693715,1,0
41744635,136,8,2191769,2191769,41744635,39552866,39552866,21338177,18214689,1,0
41789459,191,8,3009764,3009764,41789459,38779695,38779695,7704688,31075007,1,0
41907121,196,8,3009789,3009789,41907121,38897332,38897332,5180071,33717261,1,0
41942514,185,8,2959121,2959121,41942514,38983393,38983393,8032306,30951087,1,0
42364970,208,8,3227576,3227576,42364970,39137394,39137394,621875,38515519,1,0
42396520,213,8,3302269,3302269,42396520,39094251,39094251,32807,39061444,1,0
42888986,178,8,2739684,2739684,42888986,40149302,40149302,11057161,29092141,1,0
42996470,210,8,3267778,3267778,42996470,39728692,39728692,1090925,38637767,1,0
43853554,217,8,3418308,3418308,43853554,40435246,40435246,965825,39469421,1,0
43921939,219,8,3639937,3639937,43921939,40282002,40282002,926726,39355276,1,0
44153250,155,8,2567954,2567954,44153250,41585296,41585296,15331493,26253803,1,0
44973662,180,8,2763894,2763894,44973662,42209768,42209768,11859587,30350181,1,0
45730766,226,8,3724758,3724758,45730766,42006008,42006008,758712,41247296,1,0
46529524,190,8,3009761,3009761,46529524,43519763,43519763,12542049,30977714,1,0
46862644,207,8,3227452,3227452,46862644,43635192,43635192,6936414,36698778,1,0
47470504,222,8,3646247,3646247,47470504,43824257,43824257,3318511,40505746,1,0
47661132,229,8,3799877,3799877,47661132,43861255,43861255,1133260,42727995,1,0
47796775,232,8,3815828,3815828,47796775,43980947,43980947,136900,43844047,1,0
47801221,233,8,3869987,3869987,47801221,43931234,43931234,5703,43925531,1,0
47845166,192,8,3009768,3009768,47845166,44835398,44835398,13255445,31579953,1,0
48132767,236,8,3950721,3950721,48132767,44182046,44182046,288754,43893292,1,0
48835861,234,8,3930863,3930863,48835861,44904998,44904998,1035897,43869101,1,0
48880298,238,8,4031998,4031998,48880298,44848300,44848300,45694,44802606,1,0
48884649,237,8,3951467,3951467,48884649,44933182,44933182,753139,44180043,1,0
49149998,227,8,3724810,3724810,49149998,45425188,45425188,3420788,42004400,1,0
49164580,221,8,3642919,3642919,49164580,45521661,45521661,5244198,40277463,1,0
49659989,243,8,4095543,4095543,49659989,45564446,45564446,496939,45067507,1,0
50346230,241,8,4039030,4039030,50346230,46307200,46307200,1197489,45109711,1,0
50475448,211,8,3267795,3267795,50475448,47207653,47207653,8534493,38673160,1,0
50478451,230,8,3799985,3799985,50478451,46678466,46678466,3617351,43061115,1,0
50481778,179,8,2739687,2739687,50481778,47742091,47742091,17557151,30184940,1,0
50538764,239,8,4035377,4035377,50538764,46503387,46503387,1659723,44843664,1,0
50548119,240,8,4037130,4037130,50548119,46510989,46510989,1664727,44846262,1,0
50579573,247,8,4095598,4095598,50579573,46483975,46483975,102597,46381378,1,0
50598815,256,8,4234303,4234303,50598815,46364512,46364512,20429,46344083,1,0
50969611,216,8,3385021,3385021,50969611,47584590,47584590,8574348,39010242,1,0
50994362,258,8,4258552,4258552,50994362,46735810,46735810,25953,46709857,1,0
50995373,259,8,4258673,4258673,50995373,46736700,46736700,2092,46734608,1,0
51005215,260,8,4259031,4259031,51005215,46746184,46746184,11375,46734809,1,0
51032021,261,8,4261348,4261348,51032021,46770673,46770673,28063,46742610,1,0
51148604,231,8,3814560,3814560,51148604,47334044,47334044,3679357,43654687,1,0
51179772,257,8,4235083,4235083,51179772,46944689,46944689,582214,46362475,1,0
51201667,263,8,4288473,4288473,51201667,46913194,46913194,54320,46858874,1,0
51694299,255,8,4232574,4232574,51694299,47461725,47461725,1147437,46314288,1,0
51695586,266,8,4296879,4296879,51695586,47398707,47398707,2207,47396500,1,0
51696675,220,8,3642869,3642869,51696675,48053806,48053806,7844728,40209078,1,0
51779985,264,8,4295990,4295990,51779985,47483995,47483995,601142,46882853,1,0
51838928,269,8,4297062,4297062,51838928,47541866,47541866,60470,47481396,1,0
51939341,265,8,4296830,4296830,51939341,47642511,47642511,738643,46903868,1,0
51985147,268,8,4296986,4296986,51985147,47688161,47688161,290075,47398086,1,0
52004979,272,8,4302316,4302316,52004979,47702663,47702663,21430,47681233,1,0
52092027,273,8,4302322,4302322,52092027,47789705,47789705,88640,47701065,1,0
52123611,274,8,4302344,4302344,52123611,47821267,47821267,33154,47788113,1,0
52125807,275,8,4302372,4302372,52125807,47823435,47823435,3738,47819697,1,0
52133805,246,8,4095577,4095577,52133805,48038228,48038228,1659853,46378375,1,0
52141277,280,8,4326892,4326892,52141277,47814385,47814385,9087,47805298,1,0
52200023,279,8,4324936,4324936,52200023,47875087,47875087,75596,47799491,1,0
52265724,270,8,4302251,4302251,52265724,47963473,47963473,428459,47535014,1,0
52404413,282,8,4343615,4343615,52404413,48060798,48060798,205486,47855312,1,0
52471208,271,8,4302288,4302288,52471208,48168920,48168920,533493,47635427,1,0
52476649,286,8,4357299,4357299,52476649,48119350,48119350,6698,48112652,1,0
52674240,285,8,4355239,4355239,52674240,48319001,48319001,271084,48047917,1,0
52813857,289,8,4396331,4396331,52813857,48417526,48417526,140571,48276955,1,0
52934381,209,8,3267755,3267755,52934381,49666626,49666626,11146521,38520105,1,0
53069977,127,8,2136227,2136227,53069977,50933750,50933750,32923458,18010292,1,0
53167776,290,8,4396392,4396392,53167776,48771384,48771384,355601,48415783,1,0
53228664,293,8,4403339,4403339,53228664,48825325,48825325,295429,48529896,1,0
53240069,296,8,4405380,4405380,53240069,48834689,48834689,12970,48821719,1,0
54208608,248,8,4095603,4095603,54208608,50113005,50113005,3728300,46384705,1,0
54538742,281,8,4326953,4326953,54538742,50211789,50211789,2399019,47812770,1,0
54884300,244,8,4095548,4095548,54884300,50788752,50788752,5225836,45562916,1,0
54891216,304,8,4502258,4502258,54891216,50388958,50388958,8173,50380785,1,0
54891438,305,8,4517911,4517911,54891438,50373527,50373527,1244,50372283,1,0
55060661,306,8,4518167,4518167,55060661,50542494,50542494,170342,50372152,1,0
55063091,307,8,4518440,4518440,55063091,50544651,50544651,3639,50541012,1,0
55102744,287,8,4396213,4396213,55102744,50706531,50706531,2627167,48079364,1,0
55111426,309,8,4518933,4518933,55111426,50592493,50592493,9759,50582734,1,0
55190306,308,8,4518676,4518676,55190306,50671630,50671630,128188,50543442,1,0
55224547,312,8,4524192,4524192,55224547,50700355,50700355,35845,50664510,1,0
55231630,313,8,4524203,4524203,55231630,50707427,50707427,8676,50698751,1,0
55241188,314,8,4524230,4524230,55241188,50716958,50716958,11124,50705834,1,0
55255840,315,8,4524238,4524238,55255840,50731602,50731602,16210,50715392,1,0
55259352,311,8,4520722,4520722,55259352,50738630,50738630,149183,50589447,1,0
55321938,295,8,4405375,4405375,55321938,50916563,50916563,2155732,48760831,1,0
55338871,321,8,4603845,4603845,55338871,50735026,50735026,18190,50716836,1,0
55508046,317,8,4549316,4549316,55508046,50958730,50958730,250260,50708470,1,0
55598487,300,8,4418589,4418589,55598487,51179898,51179898,1061203,50118695,1,0
55624961,323,8,4661051,4661051,55624961,50963910,50963910,118489,50845421,1,0
55635057,299,8,4418240,4418240,55635057,51216817,51216817,1427435,49789382,1,0
55702771,322,8,4635387,4635387,55702771,51067384,51067384,365157,50702227,1,0
55813163,3,4,352712,352712,55813163,55460451,55460451,55459546,905,3,0
55817853,327,8,4687811,4687811,55817853,51130042,51130042,116651,51013391,1,0
55824035,328,8,4687814,4687814,55824035,51136221,51136221,12438,51123783,1,0
55919660,326,8,4687806,4687806,55919660,51231854,51231854,286177,50945677,1,0
56253983,316,8,4549310,4549310,56253983,51704673,51704673,999715,50704958,1,0
56432060,332,8,4725976,4725976,56432060,51706084,51706084,179643,51526441,1,0
56522370,333,8,4751873,4751873,56522370,51770497,51770497,91884,51678613,1,0
56531449,330,8,4725969,4725969,56531449,51805480,51805480,708987,51096493,1,0
56577494,267,8,4296919,4296919,56577494,52280575,52280575,4883578,47396997,1,0
56579801,334,8,4751881,4751881,56579801,51827920,51827920,58997,51768923,1,0
56627494,336,8,4759010,4759010,56627494,51868484,51868484,51570,51816914,1,0
56630494,338,8,4780877,4780877,56630494,51849617,51849617,4257,51845360,1,0
56632958,337,8,4759014,4759014,56632958,51873944,51873944,54723,51819221,1,0
56636254,341,8,4814673,4814673,56636254,51821581,51821581,4774,51816807,1,0
56641428,343,8,4935698,4935698,56641428,51705730,51705730,6164,51699566,1,0
56771700,339,8,4814491,4814491,56771700,51957209,51957209,142866,51814343,1,0
56802871,344,8,4935946,4935946,56802871,51866925,51866925,162993,51703932,1,0
56834471,346,8,4942249,4942249,56834471,51892222,51892222,32566,51859656,1,0
56853909,347,8,4945345,4945345,56853909,51908564,51908564,20695,51887869,1,0
56877206,348,8,4988524,4988524,56877206,51888682,51888682,24562,51864120,1,0
57055608,349,8,4988585,4988585,57055608,52067023,52067023,179606,51887417,1,0
57085022,351,8,4994587,4994587,57085022,52090435,52090435,30575,52059860,1,0
57095895,324,8,4661056,4661056,57095895,52434839,52434839,1498977,50935862,1,0
57098900,353,8,4995385,4995385,57098900,52103515,52103515,4133,52099382,1,0
57102171,354,8,4996513,4996513,57102171,52105658,52105658,4588,52101070,1,0
57243535,335,8,4759007,4759007,57243535,52484528,52484528,713659,51770869,1,0
57245275,356,8,4997990,4997990,57245275,52247285,52247285,3309,52243976,1,0
57291780,352,8,4995038,4995038,57291780,52296742,52296742,207829,52088913,1,0
57347935,325,8,4661059,4661059,57347935,52686876,52686876,1724540,50962336,1,0
57419462,329,8,4690733,4690733,57419462,52728729,52728729,1602866,51125863,1,0
57513100,345,8,4935954,4935954,57513100,52577146,52577146,742942,51834204,1,0
57661014,331,8,4725972,4725972,57661014,52935042,52935042,1742924,51192118,1,0
57872729,139,8,2235070,2235070,57872729,55637659,55637659,36629486,19008173,1,0
57874341,363,8,5006129,5006129,57874341,52868212,52868212,3100,52865112,1,0
57964066,364,8,5006133,5006133,57964066,52957933,52957933,91209,52866724,1,0
58069230,362,8,5006125,5006125,58069230,53063105,53063105,409708,52653397,1,0
58135686,360,8,5006087,5006087,58135686,53129599,53129599,717754,52411845,1,0
58197580,298,8,4417969,4417969,58197580,53779611,53779611,4958494,48821117,1,0
58214372,372,8,5020578,5020578,58214372,53193794,53193794,18335,53175459,1,0
58217215,371,8,5020574,5020574,58217215,53196641,53196641,83076,53113565,1,0
58286799,378,8,5081986,5081986,58286799,53204813,53204813,70841,53133972,1,0
58293824,357,8,4997993,4997993,58293824,53295831,53295831,1050115,52245716,1,0
58334339,380,8,5103828,5103828,58334339,53230511,53230511,49121,53181390,1,0
58342803,382,8,5125621,5125621,58342803,53217182,53217182,10037,53207145,1,0
58582354,381,8,5103846,5103846,58582354,53478508,53478508,290093,53188415,1,0
58590792,384,8,5125628,5125628,58590792,53465164,53465164,10004,53455160,1,0
58601753,386,8,5160256,5160256,58601753,53441497,53441497,12218,53429279,1,0
58809037,245,8,4095572,4095572,58809037,54713465,54713465,8464308,46249157,1,0
58891268,355,8,4997986,4997986,58891268,53893282,53893282,1790670,52102612,1,0
58893685,389,8,5177565,5177565,58893685,53716120,53716120,3674,53712446,1,0
59537186,359,8,5006082,5006082,59537186,54531104,54531104,2190786,52340318,1,0
59706042,361,8,5006109,5006109,59706042,54699933,54699933,2194450,52505483,1,0
60006160,390,8,5180533,5180533,60006160,54825627,54825627,1113524,53712103,1,0
60279117,204,8,3188727,3188727,60279117,57090390,57090390,20692562,36397828,1,0
60360444,394,8,5203304,5203304,60360444,55157140,55157140,82892,55074248,1,0
60470923,358,8,5006076,5006076,60470923,55464847,55464847,3180684,52284163,1,0
60493860,391,8,5181157,5181157,60493860,55312703,55312703,958258,54354445,1,0
60663132,392,8,5181178,5181178,60663132,55481954,55481954,958653,54523301,1,0
60752619,368,8,5010472,5010472,60752619,55742147,55742147,2789579,52952568,1,0
60760482,401,8,5428042,5428042,60760482,55332440,55332440,9433,55323007,1,0
60767175,402,8,5428045,5428045,60767175,55339130,55339130,8260,55330870,1,0
60796327,406,8,5450756,5450756,60796327,55345571,55345571,30348,55315223,1,0
60827176,395,8,5203307,5203307,60827176,55623869,55623869,468294,55155575,1,0
60852835,407,8,5498736,5498736,60852835,55354099,55354099,57765,55296334,1,0
61005292,373,8,5020582,5020582,61005292,55984710,55984710,2792459,53192251,1,0
61196802,294,8,4405368,4405368,61196802,56791434,56791434,8128402,48663032,1,0
61462488,262,8,4283179,4283179,61462488,57179309,57179309,10431724,46747585,1,0
61725375,393,8,5203300,5203300,61725375,56522075,56522075,1720784,54801291,1,0
61827212,254,8,4229008,4229008,61827212,57598204,57598204,11289783,46308421,1,0
62119390,398,8,5203379,5203379,62119390,56916011,56916011,1649957,55266054,1,0
62164039,388,8,5172342,5172342,62164039,56991697,56991697,3356568,53635129,1,0
62242524,408,8,5500560,5500560,62242524,56741964,56741964,1416921,55325043,1,0
62630007,383,8,5125625,5125625,62630007,57504382,57504382,4288773,53215609,1,0
62773071,415,8,5523615,5523615,62773071,57249456,57249456,1049269,56200187,1,0
62790930,421,8,5526185,5526185,62790930,57264745,57264745,628480,56636265,1,0
62884764,411,8,5500609,5500609,62884764,57384155,57384155,2033453,55350702,1,0
62998491,426,8,5526213,5526213,62998491,57472278,57472278,115288,57356990,1,0
63003076,429,8,5611873,5611873,63003076,57391203,57391203,5842,57385361,1,0
63172231,284,8,4345030,4345030,63172231,58827201,58827201,10907764,47919437,1,0
63186349,369,8,5011091,5011091,63186349,58175258,58175258,5118376,53056882,1,0
63340555,414,8,5500647,5500647,63340555,57839908,57839908,1879553,55960355,1,0
63384504,433,8,5678408,5678408,63384504,57706096,57706096,45515,57660581,1,0
63508342,432,8,5678402,5678402,63508342,57829940,57829940,323565,57506375,1,0
63644348,430,8,5623444,5623444,63644348,58020904,58020904,642529,57378375,1,0
63701627,437,8,5708753,5708753,63701627,57992874,57992874,194855,57798019,1,0
63785416,424,8,5526206,5526206,63785416,58259210,58259210,1013913,57245297,1,0
63854072,438,8,5708757,5708757,63854072,58145315,58145315,211290,57934025,1,0
64266513,431,8,5678399,5678399,64266513,58588114,58588114,1095857,57492257,1,0
64425001,413,8,5500642,5500642,64425001,58924359,58924359,3229690,55694669,1,0
64439418,417,8,5523622,5523622,64439418,58915796,58915796,2321594,56594202,1,0
64479001,436,8,5708749,5708749,64479001,58770252,58770252,1096071,57674181,1,0
64556871,445,8,6025188,6025188,64556871,58531683,58531683,133273,58398410,1,0
64657557,387,8,5172333,5172333,64657557,59485224,59485224,6057379,53427845,1,0
64750204,439,8,6025027,6025027,64750204,58725177,58725177,1050141,57675036,1,0
64790326,425,8,5526210,5526210,64790326,59264116,59264116,2000960,57263156,1,0
64837619,448,8,6111283,6111283,64837619,58726336,58726336,282296,58444040,1,0
64858544,453,8,6169176,6169176,64858544,58689368,58689368,22300,58667068,1,0
64868141,454,8,6254582,6254582,64868141,58613559,58613559,11178,58602381,1,0
64890338,452,8,6168884,6168884,64890338,58721454,58721454,101679,58619775,1,0
64914543,456,8,6254600,6254600,64914543,58659943,58659943,25768,58634175,1,0
64921018,455,8,6254586,6254586,64921018,58666432,58666432,54454,58611978,1,0
65009477,422,8,5526189,5526189,65009477,59483288,59483288,2768538,56714750,1,0
65051939,450,8,6168349,6168349,65051939,58883590,58883590,302920,58580670,1,0
65116478,449,8,6116635,6116635,65116478,58999843,58999843,460178,58539665,1,0
65292802,457,8,6365548,6365548,65292802,58927254,58927254,379831,58547423,1,0
65372747,447,8,6111079,6111079,65372747,59261668,59261668,894690,58366978,1,0
65390301,423,8,5526192,5526192,65390301,59864109,59864109,2761876,57102233,1,0
65411093,487,8,6774169,6774169,65411093,58636924,58636924,22049,58614875,1,0
65427539,461,8,6499021,6499021,65427539,58928518,58928518,312686,58615832,1,0
65444178,459,8,6394624,6394624,65444178,59049554,59049554,435958,58613596,1,0
65505005,491,8,6817147,6817147,65505005,58687858,58687858,78578,58609280,1,0
65547361,493,8,6817841,6817841,65547361,58729520,58729520,43930,58685590,1,0
65565350,446,8,6025207,6025207,65565350,59540143,59540143,1127316,58412827,1,0
65596189,490,8,6817138,6817138,65596189,58779051,58779051,186217,58592834,1,0
65681481,462,8,6499094,6499094,65681481,59182387,59182387,390231,58792156,1,0
65761145,486,8,6765853,6765853,65761145,58995292,58995292,389655,58605637,1,0
65886422,492,8,6817802,6817802,65886422,59068620,59068620,443857,58624763,1,0
65887386,504,8,6911191,6911191,65887386,58976195,58976195,2105,58974090,1,0
65887790,505,8,6915290,6915290,65887790,58972500,58972500,1396,58971104,1,0
65890641,507,8,6931848,6931848,65890641,58958793,58958793,3864,58954929,1,0
65981114,503,8,6910110,6910110,65981114,59071004,59071004,221050,58849954,1,0
66015955,508,8,6932130,6932130,66015955,59083825,59083825,126854,58956971,1,0
66043717,510,8,7293344,7293344,66043717,58750373,58750373,64263,58686110,1,0
66045994,511,8,7293462,7293462,66045994,58752532,58752532,31581,58720951,1,0
66059064,513,8,7324131,7324131,66059064,58734933,58734933,14327,58720606,1,0
66118522,501,8,6907927,6907927,66118522,59210595,59210595,438196,58772399,1,0
66121743,494,8,6817860,6817860,66121743,59303883,59303883,575937,58727946,1,0
66128434,520,8,7352063,7352063,66128434,58776371,58776371,11169,58765202,1,0
66129676,524,8,7932314,7932314,66129676,58197362,58197362,2499,58194863,1,0
66189453,525,8,7962000,7962000,66189453,58227453,58227453,61034,58166419,1,0
66212158,529,8,7987121,7987121,66212158,58225037,58225037,23962,58201075,1,0
66251888,530,8,7997757,7997757,66251888,58254131,58254131,40987,58213144,1,0
66387103,514,8,7329044,7329044,66387103,59058059,59058059,329296,58728763,1,0
66390839,532,8,8141054,8141054,66390839,58249785,58249785,4993,58244792,1,0
67286586,521,8,7384480,7384480,67286586,59902106,59902106,1166100,58736006,1,0
67396839,496,8,6826013,6826013,67396839,60570826,60570826,1802216,58768610,1,0
67414223,115,16,1986862,1986862,67414223,65427361,65427361,128223,65299138,1,0
67528977,531,8,8042503,8042503,67528977,59486474,59486474,1278346,58208128,1,0
68264439,512,8,7317610,7317610,68264439,60946829,60946829,2221979,58724850,1,0
70577707,443,8,6025159,6025159,70577707,64552548,64552548,6725067,57827481,1,0
70933509,495,8,6826006,6826006,70933509,64107503,64107503,5369732,58737771,1,0
71593031,121,16,2052086,2052086,71593031,69540945,69540945,4179450,65361495,1,0
71781145,458,8,6365553,6365553,71781145,65415592,65415592,6861694,58553898,1,0
72040272,21,32,937075,937075,72040272,71103197,71103197,259568,70843629,1,0
72205531,22,32,937097,937097,72205531,71268434,71268434,165678,71102756,1,0
73876752,399,8,5203382,5203382,73876752,68673370,68673370,13384379,55288991,1,0
74731199,416,8,5523619,5523619,74731199,69207580,69207580,12905556,56302024,1,0
74889100,20,32,937052,937052,74889100,73952048,73952048,4575546,69376502,5,0
75752342,400,8,5203386,5203386,75752342,70548956,70548956,15090693,55458263,1,0
76535065,197,8,3009792,3009792,76535065,73525273,73525273,38215482,35309791,1,0
78084457,36,32,1202360,1202360,78084457,76882097,76882097,1549811,75332286,1,0
78628679,42,32,1273988,1273988,78628679,77354691,77354691,544511,76810180,1,0
80000996,35,32,1202338,1202338,80000996,78798658,78798658,5112337,73686321,1,0
80633291,34,32,1202315,1202315,80633291,79430976,79430976,8428005,71002971,1,0
81162644,45,32,1274054,1274054,81162644,79888590,79888590,529696,79358894,2,0
83271585,440,8,6025037,6025037,83271585,77246548,77246548,19487723,57758825,1,0
83696056,43,32,1274009,1274009,83696056,82422047,82422047,5067645,77354402,1,0
83713120,460,8,6396962,6396962,83713120,77316158,77316158,18662438,58653720,1,0
83948518,412,8,5500618,5500618,83948518,78447900,78447900,22944741,55503159,1,0
83956869,56,32,1379050,1379050,83956869,82577819,82577819,261255,82316564,1,0
83982034,57,32,1379074,1379074,83982034,82602960,82602960,25583,82577377,1,0
84290779,63,32,1387257,1387257,84290779,82903522,82903522,309069,82594453,1,0
86923337,78,32,1466073,1466073,86923337,85457264,85457264,2632999,82824265,1,0
87670698,79,32,1466095,1466095,87670698,86204603,86204603,747780,85456823,1,0
87973848,44,32,1274032,1274032,87973848,86699816,86699816,7973097,78726719,1,0
88069286,46,32,1274076,1274175,88069286,86795111,86795210,6906966,79888244,1,0
88267578,114,32,1984102,1984102,88267578,86283476,86283476,198616,86084860,1,0
88561778,89,32,1548830,1548830,88561778,87012948,87012948,588321,86424627,1,0
88758933,186,32,2959239,2959239,88758933,85799694,85799694,197479,85602215,1,0
88836237,187,32,3000184,3000184,88836237,85836053,85836053,77628,85758425,1,0
88874998,188,32,3003988,3003988,88874998,85871010,85871010,39085,85831925,1,0
92965335,183,32,2764358,2764358,92965335,90200977,90200977,4698081,85502896,1,0
93379364,189,32,3008241,3008241,93379364,90371123,90371123,4504690,85866433,1,0
93675051,88,32,1548807,1548807,93675051,92126244,92126244,6004767,86121477,1,0
93976787,218,32,3625903,3625903,93976787,90350884,90350884,302060,90048824,1,0
93978403,223,32,3694824,3694824,93978403,90283579,90283579,1940,90281639,1,0
94060993,224,32,3702669,3702669,94060993,90358324,90358324,82914,90275410,1,0
94098930,203,32,3188710,3188710,94098930,90910220,90910220,1133936,89776284,1,0
94105294,228,32,3780749,3780749,94105294,90324545,90324545,44625,90279920,1,0
96518762,206,32,3226969,3226969,96518762,93291793,93291793,3139722,90152071,1,0
96544691,251,32,4199711,4199711,96544691,92344980,92344980,26253,92318727,1,0
97246473,288,32,4396265,4396265,97246473,92850208,92850208,702131,92148077,1,0
100129665,249,32,4095722,4095722,100129665,96033943,96033943,6031064,90002879,1,0
100180334,365,32,5006155,5006155,100180334,95174179,95174179,51100,95123079,1,0
100190788,366,32,5006158,5006158,100190788,95184630,95184630,10780,95173850,2,0
100191358,367,32,5006163,5006265,100191358,95185093,95185195,894,95184301,2,0
101683063,444,8,6025169,6025169,101683063,95657894,95657894,37417972,58239922,1,0
101765403,375,32,5020989,5020989,101765403,96744414,96744414,82664,96661750,1,0
101947470,379,32,5086226,5086226,101947470,96861244,96861244,182391,96678853,1,0
103336003,340,32,4814582,4814582,103336003,98521421,98521421,6089940,92431481,1,0
103454491,250,32,4095727,4095727,103454491,99358764,99358764,9349521,90009243,1,0
103458876,409,32,5500582,5500582,103458876,97958294,97958294,4770,97953524,1,0
103483079,410,32,5500589,5500589,103483079,97982490,97982490,24581,97957909,1,0
103920647,397,32,5203362,5203362,103920647,98717285,98717285,584990,98132295,1,0
103944325,374,32,5020986,5020986,103944325,98923339,98923339,3753294,95170045,1,0
104191121,420,32,5525972,5525972,104191121,98665149,98665149,247030,98418119,1,0
104650646,419,32,5525969,5525969,104650646,99124677,99124677,730236,98394441,1,0
104916962,442,32,6025069,6025069,104916962,98891893,98891893,266675,98625218,1,0
104967364,441,32,6025060,6025060,104967364,98942304,98942304,776611,98165693,1,0
104975635,464,32,6502921,6502921,104975635,98472714,98472714,8548,98464166,1,0
105046179,465,32,6502941,6502941,105046179,98543238,98543238,70801,98472437,1,0
105096223,463,32,6502613,6502613,105096223,98593610,98593610,179569,98414041,1,0
105135358,467,32,6502977,6502977,105135358,98632381,98632381,39434,98592947,2,0
105225522,466,32,6502960,6502960,105225522,98722562,98722562,179581,98542981,1,0
105524196,469,32,6503276,6503276,105524196,99020920,99020920,298998,98721922,1,0
106209128,396,32,5203358,5203358,106209128,101005770,101005770,4262008,96743762,1,0
106216872,470,32,6528322,6528322,106216872,99688550,99688550,8171,99680379,2,0
106218759,472,32,6528388,6528388,106218759,99690371,99690371,2260,99688111,2,0
106965767,418,32,5525965,5525965,106965767,101439802,101439802,3482915,97956887,1,0
106999667,474,32,6528415,6528428,106999667,100471239,100471252,34233,100437019,2,0
107170011,473,32,6528402,6528402,107170011,100641609,100641609,951611,99689998,2,0
107178675,476,32,6528442,6528542,107178675,100650133,100650233,8988,100641245,2,0
107178899,475,32,6528428,6528542,107178899,100650357,100650471,179556,100470915,2,0
107185264,477,32,6529219,6529219,107185264,100656045,100656045,6913,100649132,1,0
107201977,478,32,6529901,6529901,107201977,100672076,100672076,23340,100648736,1,0
107206412,480,32,6530869,6530869,107206412,100675543,100675543,4772,100670771,1,0
107206737,479,32,6529964,6529964,107206737,100676773,100676773,21891,100654882,1,0
107213655,482,32,6534164,6534164,107213655,100679491,100679491,7242,100672249,1,0
107560697,468,32,6502996,6503096,107560697,101057601,101057701,2425621,98632080,1,0
107930996,471,32,6528374,6528374,107930996,101402622,101402622,2407070,98995552,1,0
108239330,481,32,6530882,6530882,108239330,101708448,101708448,1033242,100675206,1,0
