time,job_id,num_gpu,submit_time,start_time,end_time,executed_time,JCT,duration,pending_time,preempt,promote
951825,4,1,867308,867308,951825,84517,84517,84517,0,0,0
1012459,1,1,529666,529666,1012459,482793,482793,482793,0,0,0
1090042,9,1,979018,979018,1090042,111024,111024,111024,0,0,0
1093417,24,1,1089783,1089783,1093417,3634,3634,3634,0,0,0
1102503,30,1,1101566,1101566,1102503,937,937,937,0,0,0
1106380,18,1,1073402,1073402,1106380,32978,32978,32978,0,0,0
1122247,19,1,1073545,1073545,1122247,48702,48702,48702,0,0,0
1143713,17,1,1072689,1072689,1143713,71024,71024,71024,0,0,0
1155168,32,1,1106397,1106397,1155168,48771,48771,48771,0,0,0
1167564,33,1,1107097,1107097,1167564,60467,60467,60467,0,0,0
1169200,37,1,1114931,1114931,1169200,54269,54269,54269,0,0,0
1176523,15,1,1050596,1050596,1176523,125927,125927,125927,0,0,0
1197382,53,4,1187568,1187568,1197382,9814,9814,9814,0,0,0
1210124,49,1,1180328,1180328,1210124,29796,29796,29796,0,0,0
1210607,47,4,1153440,1153440,1210607,57167,57167,57167,0,0,0
1219322,13,4,1031456,1031456,1219322,187866,187866,187866,0,0,0
1220162,42,1,1144498,1144498,1220162,75664,75664,75664,0,0,0
1220533,22,1,1084436,1084436,1220533,136097,136097,136097,0,0,0
1222928,21,4,1077213,1077213,1222928,145715,145715,145715,0,0,0
1269632,16,4,1058360,1058360,1269632,211272,211272,211272,0,0,0
1293633,57,1,1248834,1248834,1293633,44799,44799,44799,0,0,0
1313632,45,4,1152314,1152314,1313632,161318,161318,161318,0,0,0
1320398,55,1,1199703,1199703,1320398,120695,120695,120695,0,0,0
1330539,6,8,952842,952842,1330539,377697,377697,377697,0,0,0
1332717,28,4,1096370,1096370,1332717,236347,236347,236347,0,0,0
1373935,39,4,1120762,1120762,1373935,253173,253173,253173,0,0,0
1384583,40,1,1136572,1136572,1384583,248011,248011,248011,0,0,0
1394538,58,1,1249748,1249748,1394538,144790,144790,144790,0,0,0
1394943,62,8,1310461,1332717,1394943,62226,84482,62226,22256,0,0
1396762,66,1,1361760,1394943,1396762,1819,35002,1819,33183,0,0
1432330,41,1,1142769,1142769,1432330,289561,289561,289561,0,0,0
1438597,31,4,1103252,1103252,1438597,335345,335345,335345,0,0,0
1541506,25,1,1089969,1089969,1541506,451537,451537,451537,0,0,0
1547764,12,1,989042,989042,1547764,558722,558722,558722,0,0,0
1634450,48,1,1180064,1180064,1634450,454386,454386,454386,0,0,0
1643581,69,1,1390061,1438597,1643581,204984,253520,204984,48536,0,0
1712765,56,8,1204081,1210607,1712765,502158,508684,502158,6526,0,0
1739423,74,1,1478556,1712765,1739423,26658,260867,26658,234209,0,0
1750160,72,1,1435450,1712765,1750160,37395,314710,37395,277315,0,0
1843370,70,4,1393054,1712765,1843370,130605,450316,130605,319711,0,0
1933011,50,1,1180378,1180378,1933011,752633,752633,752633,0,0,0
1935090,54,1,1195879,1195879,1935090,739211,739211,739211,0,0,0
1936448,64,8,1327382,1394943,1936448,541505,609066,541505,67561,0,0
1940791,43,1,1144978,1144978,1940791,795813,795813,795813,0,0,0
1975599,52,4,1187489,1187489,1975599,788110,788110,788110,0,0,0
2090721,2,1,544653,544653,2090721,1546068,1546068,1546068,0,0,0
2200700,8,1,958289,958289,2200700,1242411,1242411,1242411,0,0,0
2213842,20,4,1075378,1075378,2213842,1138464,1138464,1138464,0,0,0
2309752,73,4,1443247,1712765,2309752,596987,866505,596987,269518,0,0
2352778,7,8,958154,958154,2352778,1394624,1394624,1394624,0,0,0
2364788,44,1,1145961,1145961,2364788,1218827,1218827,1218827,0,0,0
2404019,51,4,1186735,1186735,2404019,1217284,1217284,1217284,0,0,0
2462602,65,1,1340977,1394943,2462602,1067659,1121625,1067659,53966,0,0
2530806,78,4,2179629,2309752,2530806,221054,351177,221054,130123,0,0
2645058,67,4,1365241,1438597,2645058,1206461,1279817,1206461,73356,0,0
2708173,68,1,1379884,1438597,2708173,1269576,1328289,1269576,58713,0,0
2735707,38,8,1119434,1119434,2735707,1616273,1616273,1616273,0,0,0
2767706,86,8,2263787,2735707,2767706,31999,503919,31999,471920,0,0
2866978,27,1,1095773,1095773,2866978,1771205,1771205,1771205,0,0,0
2954461,79,1,2185747,2309752,2954461,644709,768714,644709,124005,0,0
3265654,83,4,2189933,2352778,3265654,912876,1075721,912876,162845,0,0
3504979,89,8,2325554,3265654,3504979,239325,1179425,239325,940100,0,0
3591859,92,1,2356419,3504979,3591859,86880,1235440,86880,1148560,0,0
3651150,95,1,2384044,3504979,3651150,146171,1267106,146171,1120935,0,0
3845240,90,8,2345868,3504979,3845240,340261,1499372,340261,1159111,0,0
3863056,97,1,2400817,3845240,3863056,17816,1462239,17816,1444423,0,0
3904527,29,1,1100086,1100086,3904527,2804441,2804441,2804441,0,0,0
3964472,46,4,1152599,1152599,3964472,2811873,2811873,2811873,0,0,0
4029973,96,4,2386254,3845240,4029973,184733,1643719,184733,1458986,0,0
4096846,98,1,2401669,3845240,4096846,251606,1695177,251606,1443571,0,0
4305395,82,1,2188384,2309752,4305395,1995643,2117011,1995643,121368,0,0
4339617,76,8,2070363,2070363,4339617,2269254,2269254,2269254,0,0,0
4348194,35,4,1112151,1112151,4348194,3236043,3236043,3236043,0,0,0
4374596,101,4,2420412,4339617,4374596,34979,1954184,34979,1919205,0,0
4425871,102,2,2420436,4339617,4425871,86254,2005435,86254,1919181,0,0
4475871,108,1,2448390,4374596,4475871,101275,2027481,101275,1926206,0,0
4558364,111,1,2458013,4475871,4558364,82493,2100351,82493,2017858,0,0
4645404,107,1,2433983,4348194,4645404,297210,2211421,297210,1914211,0,0
4677404,75,4,1484152,1843370,4677404,2834034,3193252,2834034,359218,0,0
4793763,112,1,2460171,4558364,4793763,235399,2333592,235399,2098193,0,0
4845119,36,1,1113881,1113881,4845119,3731238,3731238,3731238,0,0,0
4847838,116,1,2518484,4845119,4847838,2719,2329354,2719,2326635,0,0
4944467,105,1,2429268,4339617,4944467,604850,2515199,604850,1910349,0,0
5000079,71,1,1405309,1712765,5000079,3287314,3594770,3287314,307456,0,0
5008434,103,4,2421752,4339617,5008434,668817,2586682,668817,1917865,0,0
5017875,117,4,2524337,5008434,5017875,9441,2493538,9441,2484097,0,0
5077397,106,4,2431841,4348194,5077397,729203,2645556,729203,1916353,0,0
5078019,104,1,2424054,4339617,5078019,738402,2653965,738402,1915563,0,0
5132045,100,8,2419308,4029973,5132045,1102072,2712737,1102072,1610665,0,0
5132866,122,8,2528603,5132045,5132866,821,2604263,821,2603442,0,0
5135226,124,1,2540332,5132866,5135226,2360,2594894,2360,2592534,0,0
5164457,120,8,2526918,5077397,5164457,87060,2637539,87060,2550479,0,0
5244319,125,4,2545394,5164457,5244319,79862,2698925,79862,2619063,0,0
5277104,93,1,2372380,3504979,5277104,1772125,2904724,1772125,1132599,0,0
5282951,99,4,2413831,3845240,5282951,1437711,2869120,1437711,1431409,0,0
5291221,126,8,2547588,5244319,5291221,46902,2743633,46902,2696731,0,0
5382118,114,4,2483096,4677404,5382118,704714,2899022,704714,2194308,0,0
5431188,128,8,2673547,5382118,5431188,49070,2757641,49070,2708571,0,0
5524619,123,8,2530186,5132866,5524619,391753,2994433,391753,2602680,0,0
5888337,110,1,2457849,4475871,5888337,1412466,3430488,1412466,2018022,0,0
5959300,130,8,2676098,5524619,5959300,434681,3283202,434681,2848521,0,0
5988129,132,8,2686574,5959300,5988129,28829,3301555,28829,3272726,0,0
6024754,84,8,2234906,2364788,6024754,3659966,3789848,3659966,129882,0,0
6063226,134,1,2688934,5959300,6063226,103926,3374292,103926,3270366,0,0
6069307,137,1,2691652,6063226,6069307,6081,3377655,6081,3371574,0,0
6071719,133,1,2688754,5959300,6071719,112419,3382965,112419,3270546,0,0
6136282,135,8,2689764,5988129,6136282,148153,3446518,148153,3298365,0,0
6138356,140,4,2705214,6136282,6138356,2074,3433142,2074,3431068,0,0
6140810,141,4,2705640,6138356,6140810,2454,3435170,2454,3432716,0,0
6143353,142,4,2706041,6140810,6143353,2543,3437312,2543,3434769,0,0
6161505,63,8,1318317,1384583,6161505,4776922,4843188,4776922,66266,0,0
6187289,143,4,2719417,6143353,6187289,43936,3467872,43936,3423936,0,0
6187796,144,1,2727066,6143353,6187796,44443,3460730,44443,3416287,0,0
6288287,91,1,2349195,3504979,6288287,2783308,3939092,2783308,1155784,0,0
6540091,77,8,2071562,2213842,6540091,4326249,4468529,4326249,142280,0,0
6549337,131,1,2678504,5524619,6549337,1024718,3870833,1024718,2846115,0,0
6595368,139,4,2704757,6136282,6595368,459086,3890611,459086,3431525,0,0
6626481,146,1,2767559,6187289,6626481,439192,3858922,439192,3419730,0,0
6684516,87,8,2276724,2767706,6684516,3916810,4407792,3916810,490982,0,0
6763891,118,1,2525150,5008434,6763891,1755457,4238741,1755457,2483284,0,0
6770449,119,1,2525825,5008434,6770449,1762015,4244624,1762015,2482609,0,0
6870134,109,4,2454375,4475871,6870134,2394263,4415759,2394263,2021496,0,0
6880544,151,8,2867122,6870134,6880544,10410,4013422,10410,4003012,0,0
6959399,0,8,0,0,6959399,6959399,6959399,6959399,0,0,0
7038581,138,1,2692445,6069307,7038581,969274,4346136,969274,3376862,0,0
7050518,150,8,2858573,6684516,7050518,366002,4191945,366002,3825943,0,0
7585525,23,1,1085480,1085480,7585525,6500045,6500045,6500045,0,0,0
7963936,147,1,2767624,6187289,7963936,1776647,5196312,1776647,3419665,0,0
7970464,85,8,2261332,2530806,7970464,5439658,5709132,5439658,269474,0,0
8564029,155,8,2937251,7970464,8564029,593565,5626778,593565,5033213,0,0
8568107,156,8,2938780,8564029,8568107,4078,5629327,4078,5625249,0,0
8879280,26,1,1094073,1094073,8879280,7785207,7785207,7785207,0,0,0
8965758,157,8,2938781,8568107,8965758,397651,6026977,397651,5629326,0,0
8989979,154,8,2935568,7050518,8989979,1939461,6054411,1939461,4114950,0,0
9145843,94,1,2372471,3504979,9145843,5640864,6773372,5640864,1132508,0,0
9182101,159,8,2938781,8989979,9182101,192122,6243320,192122,6051198,0,0
9186039,158,8,2938781,8965758,9186039,220281,6247258,220281,6026977,0,0
9197177,149,1,2849049,6540091,9197177,2657086,6348128,2657086,3691042,0,0
9425434,161,8,2962850,9182101,9425434,243333,6462584,243333,6219251,0,0
9490872,163,1,2988749,9186039,9490872,304833,6502123,304833,6197290,0,0
9640398,88,1,2306427,2767706,9640398,6872692,7333971,6872692,461279,0,0
9679629,80,1,2185747,2309752,9679629,7369877,7493882,7369877,124005,0,0
9749742,162,8,2963058,9186039,9749742,563703,6786684,563703,6222981,0,0
9857710,160,8,2946146,9145843,9857710,711867,6911564,711867,6199697,0,0
9864746,170,1,3031111,9857710,9864746,7036,6833635,7036,6826599,0,0
9892171,165,8,2990341,9749742,9892171,142429,6901830,142429,6759401,0,0
9938002,171,1,3042765,9857710,9938002,80292,6895237,80292,6814945,0,0
9946994,121,1,2527787,5077397,9946994,4869597,7419207,4869597,2549610,0,0
10034997,168,4,3006478,9857710,10034997,177287,7028519,177287,6851232,0,0
10331314,115,1,2505773,4793763,10331314,5537551,7825541,5537551,2287990,0,0
10477154,166,1,2992093,9749742,10477154,727412,7485061,727412,6757649,0,0
10532814,164,8,2989676,9425434,10532814,1107380,7543138,1107380,6435758,0,0
10622520,174,8,3076267,10532814,10622520,89706,7546253,89706,7456547,0,0
10687951,167,4,3003379,9857710,10687951,830241,7684572,830241,6854331,0,0
10694807,81,1,2186525,2309752,10694807,8385055,8508282,8385055,123227,0,0
10760237,177,1,3138319,10687951,10760237,72286,7621918,72286,7549632,0,0
11109099,153,8,2935048,6959399,11109099,4149700,8174051,4149700,4024351,0,0
11421175,178,8,3306023,11109099,11421175,312076,8115152,312076,7803076,0,0
11908053,172,4,3043709,9892171,11908053,2015882,8864344,2015882,6848462,0,0
12639019,173,4,3057806,9892171,12639019,2746848,9581213,2746848,6834365,0,0
12928695,152,8,2878943,6880544,12928695,6048151,10049752,6048151,4001601,0,0
12997184,181,8,3313283,12928695,12997184,68489,9683901,68489,9615412,0,0
13010239,182,8,3377424,12997184,13010239,13055,9632815,13055,9619760,0,0
13126532,11,8,986834,986834,13126532,12139698,12139698,12139698,0,0,0
13509818,183,8,3379086,13010239,13509818,499579,10130732,499579,9631153,0,0
15047648,59,1,1299228,1299228,15047648,13748420,13748420,13748420,0,0,0
15222815,180,8,3308438,12639019,15222815,2583796,11914377,2583796,9330581,0,0
15685464,186,8,3393855,15222815,15685464,462649,12291609,462649,11828960,0,0
16096042,187,8,3393887,15685464,16096042,410578,12702155,410578,12291577,0,0
16554970,3,1,863276,863276,16554970,15691694,15691694,15691694,0,0,0
17062823,145,8,2766420,6161505,17062823,10901318,14296403,10901318,3395085,0,0
17290868,188,8,3395133,16096042,17290868,1194826,13895735,1194826,12700909,0,0
17378257,190,8,3450215,17290868,17378257,87389,13928042,87389,13840653,0,0
18278298,179,8,3306205,11421175,18278298,6857123,14972093,6857123,8114970,0,0
19022786,192,8,3454389,18278298,19022786,744488,15568397,744488,14823909,0,0
19038143,193,8,3454881,19022786,19038143,15357,15583262,15357,15567905,0,0
19063683,194,8,3464951,19038143,19063683,25540,15598732,25540,15573192,0,0
19073306,195,8,3467808,19063683,19073306,9623,15605498,9623,15595875,0,0
19156384,196,8,3482714,19073306,19156384,83078,15673670,83078,15590592,0,0
19426102,197,4,3483851,19073306,19426102,352796,15942251,352796,15589455,0,0
19454851,198,12,3487676,19426102,19454851,28749,15967175,28749,15938426,0,0
19455831,199,12,3530979,19454851,19455831,980,15924852,980,15923872,0,0
19663517,176,8,3078706,10687951,19663517,8975566,16584811,8975566,7609245,0,0
19665502,202,4,3553874,19663517,19665502,1985,16111628,1985,16109643,0,0
19893375,200,8,3538763,19455831,19893375,437544,16354612,437544,15917068,0,0
19897022,205,4,3560875,19893375,19897022,3647,16336147,3647,16332500,0,0
19932896,204,4,3558503,19665502,19932896,267394,16374393,267394,16106999,0,0
19956544,201,4,3539995,19455831,19956544,500713,16416549,500713,15915836,0,0
19999498,207,4,3562898,19932896,19999498,66602,16436600,66602,16369998,0,0
20012370,208,8,3565592,19999498,20012370,12872,16446778,12872,16433906,0,0
20211155,203,4,3554098,19663517,20211155,547638,16657057,547638,16109419,0,0
20440352,113,1,2461677,4645404,20440352,15794948,17978675,15794948,2183727,0,0
20567594,185,8,3390865,13509818,20567594,7057776,17176729,7057776,10118953,0,0
20570755,212,4,3624665,20567594,20570755,3161,16946090,3161,16942929,0,0
20697792,129,8,2673762,5431188,20697792,15266604,18024030,15266604,2757426,0,0
20737910,214,4,3637192,20697792,20737910,40118,17100718,40118,17060600,0,0
21134014,211,4,3622628,20567594,21134014,566420,17511386,566420,16944966,0,0
21142028,215,8,3637318,21134014,21142028,8014,17504710,8014,17496696,0,0
21173388,216,4,3642126,21142028,21173388,31360,17531262,31360,17499902,0,0
21467893,148,8,2781038,6540091,21467893,14927802,18686855,14927802,3759053,0,0
21818233,189,8,3403020,17062823,21818233,4755410,18415213,4755410,13659803,0,0
21829339,219,12,3645097,21818233,21829339,11106,18184242,11106,18173136,0,0
22038330,14,1,1043900,1043900,22038330,20994430,20994430,20994430,0,0,0
22854189,218,4,3644909,21467893,22854189,1386296,19209280,1386296,17822984,0,0
22959689,221,12,3647617,22854189,22959689,105500,19312072,105500,19206572,0,0
23086775,222,12,3650858,22959689,23086775,127086,19435917,127086,19308831,0,0
23306230,210,4,3571221,20211155,23306230,3095075,19735009,3095075,16639934,0,0
23486085,136,8,2691194,6024754,23486085,17461331,20794891,17461331,3333560,0,0
24001419,223,8,3652733,23086775,24001419,914644,20348686,914644,19434042,0,0
24013889,225,12,3661863,24001419,24013889,12470,20352026,12470,20339556,0,0
24191624,34,1,1107278,1107278,24191624,23084346,23084346,23084346,0,0,0
25691598,175,8,3076956,10622520,25691598,15069078,22614642,15069078,7545564,0,0
26124444,224,8,3654787,23306230,26124444,2818214,22469657,2818214,19651443,0,0
27037311,226,24,3664223,25691598,27037311,1345713,23373088,1345713,22027375,0,0
27047982,228,8,3664593,27037311,27047982,10671,23383389,10671,23372718,0,0
27069767,235,4,3953644,27047982,27069767,21785,23116123,21785,23094338,0,0
27094621,238,1,4089918,27069767,27094621,24854,23004703,24854,22979849,0,0
27189512,234,1,3938112,27037311,27189512,152201,23251400,152201,23099199,0,0
27192927,232,1,3769582,27037311,27192927,155616,23423345,155616,23267729,0,0
27276550,237,4,4003675,27069767,27276550,206783,23272875,206783,23066092,0,0
27415390,233,8,3824855,27037311,27415390,378079,23590535,378079,23212456,0,0
27642391,220,8,3645357,21829339,27642391,5813052,23997034,5813052,18183982,0,0
27928326,236,1,3990074,27047982,27928326,880344,23938252,880344,23057908,0,0
27964478,239,1,4089940,27069767,27964478,894711,23874538,894711,22979827,0,0
28362633,191,8,3452940,17378257,28362633,10984376,24909693,10984376,13925317,0,0
29135014,241,24,4165841,28362633,29135014,772381,24969173,772381,24196792,0,0
29147963,243,16,4228045,29135014,29147963,12949,24919918,12949,24906969,0,0
29172328,244,2,4228905,29135014,29172328,37314,24943423,37314,24906109,0,0
29485274,245,16,4234179,29147963,29485274,337311,25251095,337311,24913784,0,0
29487933,247,16,4246072,29485274,29487933,2659,25241861,2659,25239202,0,0
29645814,248,16,4247150,29487933,29645814,157881,25398664,157881,25240783,0,0
29646304,256,1,4514910,29645814,29646304,490,25131394,490,25130904,0,0
29668191,251,1,4309819,29645814,29668191,22377,25358372,22377,25335995,0,0
29721741,5,1,941115,941115,29721741,28780626,28780626,28780626,0,0,0
30056684,231,1,3747586,27037311,30056684,3019373,26309098,3019373,23289725,0,0
30075621,252,1,4327889,29645814,30075621,429807,25747732,429807,25317925,0,0
30123744,184,8,3390807,13126532,30123744,16997212,26732937,16997212,9735725,0,0
30145255,257,1,4516507,29645814,30145255,499441,25628748,499441,25129307,0,0
30836117,240,1,4146281,27069767,30836117,3766350,26689836,3766350,22923486,0,0
31179126,246,4,4238332,29147963,31179126,2031163,26940794,2031163,24909631,0,0
32429810,227,16,3664224,27037311,32429810,5392499,28765586,5392499,23373087,0,0
32433140,255,1,4443394,29645814,32433140,2787326,27989746,2787326,25202420,0,0
32726106,259,16,4518394,32433140,32726106,292966,28207712,292966,27914746,0,0
33144894,253,4,4337452,29645814,33144894,3499080,28807442,3499080,25308362,0,0
34462723,260,16,4518482,32726106,34462723,1736617,29944241,1736617,28207624,0,0
34465324,263,4,4556888,34462723,34465324,2601,29908436,2601,29905835,0,0
34467674,266,4,4607019,34462723,34467674,4951,29860655,4951,29855704,0,0
34779855,268,4,4616555,34467674,34779855,312181,30163300,312181,29851119,0,0
35451708,267,8,4613412,34465324,35451708,986384,30838296,986384,29851912,0,0
35515282,269,8,4660945,35451708,35515282,63574,30854337,63574,30790763,0,0
35556201,265,1,4595624,34462723,35556201,1093478,30960577,1093478,29867099,0,0
35940624,261,8,4522788,34462723,35940624,1477901,31417836,1477901,29939935,0,0
35954392,258,16,4518011,32429810,35954392,3524582,31436381,3524582,27911799,0,0
35955865,277,1,4696688,35940624,35955865,15241,31259177,15241,31243936,0,0
35998899,127,8,2636166,5291221,35998899,30707678,33362733,30707678,2655055,0,0
36002929,283,1,4778917,35998899,36002929,4030,31224012,4030,31219982,0,0
36031709,279,4,4706464,35954392,36031709,77317,31325245,77317,31247928,0,0
36046019,275,1,4694398,35940624,36046019,105395,31351621,105395,31246226,0,0
36049678,280,1,4745547,35954392,36049678,95286,31304131,95286,31208845,0,0
36144863,274,1,4692749,35940624,36144863,204239,31452114,204239,31247875,0,0
36182543,272,8,4686079,35940624,36182543,241919,31496464,241919,31254545,0,0
36220930,278,4,4698767,35954392,36220930,266538,31522163,266538,31255625,0,0
36667192,285,8,4783435,36182543,36667192,484649,31883757,484649,31399108,0,0
36684497,286,8,4783536,36667192,36684497,17305,31900961,17305,31883656,0,0
36868674,230,1,3726236,27037311,36868674,9831363,33142438,9831363,23311075,0,0
36885454,287,8,4834158,36684497,36885454,200957,32051296,200957,31850339,0,0
36898932,273,1,4691767,35940624,36898932,958308,32207165,958308,31248857,0,0
36952479,289,1,4849566,36885454,36952479,67025,32102913,67025,32035888,0,0
37296197,250,1,4308962,29645814,37296197,7650383,32987235,7650383,25336852,0,0
37866953,262,1,4549268,34462723,37866953,3404230,33317685,3404230,29913455,0,0
37883162,281,1,4749913,35954392,37883162,1928770,33133249,1928770,31204479,0,0
37915221,291,1,4851075,37883162,37915221,32059,33064146,32059,33032087,0,0
38490468,288,8,4838657,36885454,38490468,1605014,33651811,1605014,32046797,0,0
38670566,264,1,4589100,34462723,38670566,4207843,34081466,4207843,29873623,0,0
38760426,290,8,4849998,37883162,38760426,877264,33910428,877264,33033164,0,0
38764057,296,4,4896280,38760426,38764057,3631,33867777,3631,33864146,0,0
38773438,301,1,4915224,38760426,38773438,13012,33858214,13012,33845202,0,0
38780040,299,1,4913626,38760426,38780040,19614,33866414,19614,33846800,0,0
38780531,300,1,4913639,38760426,38780531,20105,33866892,20105,33846787,0,0
38847806,295,4,4881969,38760426,38847806,87380,33965837,87380,33878457,0,0
38849319,304,1,4927560,38847806,38849319,1513,33921759,1513,33920246,0,0
38849419,305,1,4942835,38847806,38849419,1613,33906584,1613,33904971,0,0
38898506,303,4,4918505,38847806,38898506,50700,33980001,50700,33929301,0,0
38913273,307,1,4990548,38898506,38913273,14767,33922725,14767,33907958,0,0
38966490,302,4,4918088,38764057,38966490,202433,34048402,202433,33845969,0,0
38970038,310,1,5017500,38966490,38970038,3548,33952538,3548,33948990,0,0
38980441,312,1,5021409,38966490,38980441,13951,33959032,13951,33945081,0,0
39084603,313,1,5021421,38966490,39084603,118113,34063182,118113,33945069,0,0
39177647,294,8,4864276,38490468,39177647,687179,34313371,687179,33626192,0,0
39185987,314,4,5024018,39177647,39185987,8340,34161969,8340,34153629,0,0
39187096,315,4,5029961,39177647,39187096,9449,34157135,9449,34147686,0,0
39221282,318,1,5104091,39185987,39221282,35295,34117191,35295,34081896,0,0
39362869,297,1,4900365,38760426,39362869,602443,34462504,602443,33860061,0,0
39481768,317,4,5053166,39185987,39481768,295781,34428602,295781,34132821,0,0
39579652,316,1,5046818,39177647,39579652,402005,34532834,402005,34130829,0,0
39789672,270,8,4661020,35515282,39789672,4274390,35128652,4274390,30854262,0,0
39795941,320,8,5125890,39789672,39795941,6269,34670051,6269,34663782,0,0
39802985,321,8,5127843,39795941,39802985,7044,34675142,7044,34668098,0,0
39814327,309,1,5012247,38966490,39814327,847837,34802080,847837,33954243,0,0
39849565,282,8,4752652,35998899,39849565,3850666,35096913,3850666,31246247,0,0
39857479,323,1,5133066,39802985,39857479,54494,34724413,54494,34669919,0,0
40110714,308,4,4999520,38966490,40110714,1144224,35111194,1144224,33966970,0,0
40857315,325,1,5157183,39849565,40857315,1007750,35700132,1007750,34692382,0,0
41199739,306,4,4946355,38898506,41199739,2301233,36253384,2301233,33952151,0,0
41202442,328,1,5194959,41199739,41202442,2703,36007483,2703,36004780,0,0
41670316,271,1,4663795,35515282,41670316,6155034,37006521,6155034,30851487,0,0
42220613,326,4,5163431,40110714,42220613,2109899,37057182,2109899,34947283,0,0
42244545,324,4,5140087,39849565,42244545,2394980,37104458,2394980,34709478,0,0
42267741,298,1,4911375,38760426,42267741,3507315,37356366,3507315,33849051,0,0
42791720,292,1,4852036,37883162,42791720,4908558,37939684,4908558,33031126,0,0
44997378,169,2,3028591,9857710,44997378,35139668,41968787,35139668,6829119,0,0
45534657,322,8,5128013,39802985,45534657,5731672,40406644,5731672,34674972,0,0
45553818,293,1,4859990,37883162,45553818,7670656,40693828,7670656,33023172,0,0
45657823,329,16,5196720,45534657,45657823,123166,40461103,123166,40337937,0,0
46989699,284,8,4780741,36031709,46989699,10957990,42208958,10957990,31250968,0,0
47197866,330,16,5197473,45657823,47197866,1540043,42000393,1540043,40460350,0,0
47200031,341,1,5284662,47197866,47200031,2165,41915369,2165,41913204,0,0
47204860,213,8,3636960,20697792,47204860,26507068,43567900,26507068,17060832,0,0
47207769,343,1,5332292,47204860,47207769,2909,41875477,2909,41872568,0,0
47218828,339,8,5266263,47197866,47218828,20962,41952565,20962,41931603,0,0
47220939,347,1,5351683,47218828,47220939,2111,41869256,2111,41867145,0,0
47226750,348,1,5352999,47218828,47226750,7922,41873751,7922,41865829,0,0
47234083,334,1,5212199,47197866,47234083,36217,42021884,36217,41985667,0,0
47267044,336,4,5216969,47197866,47267044,69178,42050075,69178,41980897,0,0
47286110,344,1,5333554,47204860,47286110,81250,41952556,81250,41871306,0,0
47289606,346,4,5338840,47218828,47289606,70778,41950766,70778,41879988,0,0
47298961,276,1,4695492,35940624,47298961,11358337,42603469,11358337,31245132,0,0
47324623,338,1,5235301,47197866,47324623,126757,42089322,126757,41962565,0,0
47403501,353,2,5372333,47289606,47403501,113895,42031168,113895,41917273,0,0
47409911,352,2,5369625,47289606,47409911,120305,42040286,120305,41919981,0,0
47425369,351,4,5358065,47289606,47425369,135763,42067304,135763,41931541,0,0
47438953,349,4,5356914,47267044,47438953,171909,42082039,171909,41910130,0,0
47469844,354,8,5377559,47438953,47469844,30891,42092285,30891,42061394,0,0
47791896,332,1,5201555,46989699,47791896,802197,42590341,802197,41788144,0,0
47992001,337,1,5217469,47197866,47992001,794135,42774532,794135,41980397,0,0
48138883,335,1,5215424,47197866,48138883,941017,42923459,941017,41982442,0,0
48211737,345,4,5338631,47218828,48211737,992909,42873106,992909,41880197,0,0
48942195,331,4,5199972,46989699,48942195,1952496,43742223,1952496,41789727,0,0
49074488,356,8,5397180,48942195,49074488,132293,43677308,132293,43545015,0,0
49926192,333,8,5201802,47197866,49926192,2728326,44724390,2728326,41996064,0,0
50130511,359,4,5457840,49926192,50130511,204319,44672671,204319,44468352,0,0
50184647,360,4,5459129,50130511,50184647,54136,44725518,54136,44671382,0,0
51073842,350,1,5357352,47267044,51073842,3806798,45716490,3806798,41909692,0,0
51153697,327,8,5185671,41199739,51153697,9953958,45968026,9953958,36014068,0,0
51647134,319,8,5114493,39481768,51647134,12165366,46532641,12165366,34367275,0,0
51716798,363,4,5464868,51647134,51716798,69664,46251930,69664,46182266,0,0
51859535,364,8,5467453,51716798,51859535,142737,46392082,142737,46249345,0,0
52053247,365,8,5468896,51859535,52053247,193712,46584351,193712,46390639,0,0
52091681,366,8,5470326,52053247,52091681,38434,46621355,38434,46582921,0,0
52100525,367,8,5470635,52091681,52100525,8844,46629890,8844,46621046,0,0
52281844,368,8,5474303,52100525,52281844,181319,46807541,181319,46626222,0,0
52560001,340,1,5267094,47197866,52560001,5362135,47292907,5362135,41930772,0,0
52581720,369,8,5474305,52281844,52581720,299876,47107415,299876,46807539,0,0
54170266,249,16,4255432,29645814,54170266,24524452,49914834,24524452,25390382,0,0
54170854,372,8,5491286,54170266,54170854,588,48679568,588,48678980,0,0
54269813,371,8,5486854,54170266,54269813,99547,48782959,99547,48683412,0,0
54777557,342,8,5288829,47204860,54777557,7572697,49488728,7572697,41916031,0,0
54790156,375,8,5548218,54777557,54790156,12599,49241938,12599,49229339,0,0
54851673,376,8,5550094,54790156,54851673,61517,49301579,61517,49240062,0,0
54923296,377,8,5561956,54851673,54923296,71623,49361340,71623,49289717,0,0
55263373,370,8,5486851,52581720,55263373,2681653,49776522,2681653,47094869,0,0
55593376,378,8,5561987,54923296,55593376,670080,50031389,670080,49361309,0,0
55650489,380,8,5699791,55593376,55650489,57113,49950698,57113,49893585,0,0
55651275,382,4,5717714,55650489,55651275,786,49933561,786,49932775,0,0
55705570,379,4,5698861,55263373,55705570,442197,50006709,442197,49564512,0,0
55707067,385,1,5780678,55705570,55707067,1497,49926389,1497,49924892,0,0
55721831,384,1,5755315,55705570,55721831,16261,49966516,16261,49950255,0,0
55748894,386,1,5782792,55705570,55748894,43324,49966102,43324,49922778,0,0
55989336,381,8,5700113,55650489,55989336,338847,50289223,338847,49950376,0,0
56022755,60,8,1300285,1300285,56022755,54722470,54722470,54722470,0,0,0
56271195,388,8,5785041,56022755,56271195,248440,50486154,248440,50237714,0,0
56312179,389,8,5785250,56271195,56312179,40984,50526929,40984,50485945,0,0
56329704,311,1,5021361,38966490,56329704,17363214,51308343,17363214,33945129,0,0
56374744,387,8,5784874,55989336,56374744,385408,50589870,385408,50204462,0,0
56540187,390,4,5785414,56312179,56540187,228008,50754773,228008,50526765,0,0
57086774,391,4,5787522,56312179,57086774,774595,51299252,774595,50524657,0,0
57093685,394,4,5804529,57086774,57093685,6911,51289156,6911,51282245,0,0
57362395,393,8,5799499,56540187,57362395,822208,51562896,822208,50740688,0,0
57399005,392,8,5795416,56374744,57399005,1024261,51603589,1024261,50579328,0,0
57714548,395,8,5806561,57362395,57714548,352153,51907987,352153,51555834,0,0
57910060,397,8,5812419,57714548,57910060,195512,52097641,195512,51902129,0,0
57913563,361,4,5464688,50184647,57913563,7728916,52448875,7728916,44719959,0,0
58684553,398,8,5814285,57910060,58684553,774493,52870268,774493,52095775,0,0
60370026,358,8,5432421,49926192,60370026,10443834,54937605,10443834,44493771,0,0
60372626,402,1,5872128,60370026,60372626,2600,54500498,2600,54497898,0,0
60428265,401,8,5816590,60370026,60428265,58239,54611675,58239,54553436,0,0
60569008,229,1,3667172,27037311,60569008,33531697,56901836,33531697,23370139,0,0
60573884,404,8,5874031,60569008,60573884,4876,54699853,4876,54694977,0,0
60577018,406,1,5885065,60573884,60577018,3134,54691953,3134,54688819,0,0
60942797,362,8,5464712,51153697,60942797,9789100,55478085,9789100,45688985,0,0
60943900,407,8,5887099,60942797,60943900,1103,55056801,1103,55055698,0,0
60944220,403,4,5872159,60428265,60944220,515955,55072061,515955,54556106,0,0
60972196,408,8,5887161,60943900,60972196,28296,55085035,28296,55056739,0,0
60994848,410,4,5890758,60972196,60994848,22652,55104090,22652,55081438,0,0
60995720,409,8,5889328,60944220,60995720,51500,55106392,51500,55054892,0,0
61205698,411,8,5898603,60994848,61205698,210850,55307095,210850,55096245,0,0
61342086,413,8,5898738,61205698,61342086,136388,55443348,136388,55306960,0,0
61472125,414,8,5958012,61342086,61472125,130039,55514113,130039,55384074,0,0
61482426,415,8,6054639,61472125,61482426,10301,55427787,10301,55417486,0,0
61747155,416,8,6056070,61482426,61747155,264729,55691085,264729,55426356,0,0
61807349,417,8,6056078,61747155,61807349,60194,55751271,60194,55691077,0,0
62012394,418,8,6061597,61807349,62012394,205045,55950797,205045,55745752,0,0
62057223,419,8,6061602,62012394,62057223,44829,55995621,44829,55950792,0,0
62089295,420,8,6062279,62057223,62089295,32072,56027016,32072,55994944,0,0
62094346,421,8,6068003,62089295,62094346,5051,56026343,5051,56021292,0,0
62103641,426,4,6131327,62094346,62103641,9295,55972314,9295,55963019,0,0
62112918,424,1,6126313,62089295,62112918,23623,55986605,23623,55962982,0,0
62123937,428,1,6148087,62094346,62123937,29591,55975850,29591,55946259,0,0
62155476,423,1,6124938,62089295,62155476,66181,56030538,66181,55964357,0,0
62258694,427,1,6147931,62094346,62258694,164348,56110763,164348,55946415,0,0
62260657,425,4,6130476,62094346,62260657,166311,56130181,166311,55963870,0,0
62261786,429,8,6185837,62260657,62261786,1129,56075949,1129,56074820,0,0
62374313,432,8,6233737,62261786,62374313,112527,56140576,112527,56028049,0,0
62401456,412,8,5898641,60995720,62401456,1405736,56502815,1405736,55097079,0,0
62419973,433,4,6236698,62374313,62419973,45660,56183275,45660,56137615,0,0
62529610,430,1,6230278,62260657,62529610,268953,56299332,268953,56030379,0,0
62587669,422,1,6103456,62089295,62587669,498374,56484213,498374,55985839,0,0
62597712,434,4,6238108,62374313,62597712,223399,56359604,223399,56136205,0,0
62602087,405,4,5876963,60573884,62602087,2028203,56725124,2028203,54696921,0,0
62639959,431,1,6232123,62260657,62639959,379302,56407836,379302,56028534,0,0
63000538,437,1,6308507,62597712,63000538,402826,56692031,402826,56289205,0,0
63080973,373,8,5491371,54170854,63080973,8910119,57589602,8910119,48679483,0,0
63098788,438,8,6316385,63080973,63098788,17815,56782403,17815,56764588,0,0
63181927,443,4,6327899,63098788,63181927,83139,56854028,83139,56770889,0,0
63183611,445,4,6341247,63181927,63183611,1684,56842364,1684,56840680,0,0
63213982,446,4,6345303,63183611,63213982,30371,56868679,30371,56838308,0,0
63387445,440,4,6322999,63080973,63387445,306472,57064446,306472,56757974,0,0
63390018,448,4,6387509,63213982,63390018,176036,57002509,176036,56826473,0,0
63395814,451,4,6409673,63387445,63395814,8369,56986141,8369,56977772,0,0
63471202,454,1,6419573,63387445,63471202,83757,57051629,83757,56967872,0,0
63511831,449,1,6391919,63213982,63511831,297849,57119912,297849,56822063,0,0
63607990,447,1,6380720,63183611,63607990,424379,57227270,424379,56802891,0,0
63735284,439,1,6321350,63080973,63735284,654311,57413934,654311,56759623,0,0
64145531,453,1,6415860,63387445,64145531,758086,57729671,758086,56971585,0,0
64238518,452,1,6411863,63387445,64238518,851073,57826655,851073,56975582,0,0
64359719,450,1,6401430,63213982,64359719,1145737,57958289,1145737,56812552,0,0
64693398,399,8,5814442,57913563,64693398,6779835,58878956,6779835,52099121,0,0
64717980,457,1,6474063,64693398,64717980,24582,58243917,24582,58219335,0,0
64808066,458,1,6474664,64693398,64808066,114668,58333402,114668,58218734,0,0
64918496,400,8,5816343,58684553,64918496,6233943,59102153,6233943,52868210,0,0
64960870,444,1,6340602,63098788,64960870,1862082,58620268,1862082,56758186,0,0
65246902,459,1,6475974,64693398,65246902,553504,58770928,553504,58217424,0,0
65971880,460,4,6478625,64918496,65971880,1053384,59493255,1053384,58439871,0,0
66503478,442,1,6327189,63080973,66503478,3422505,60176289,3422505,56753784,0,0
66654743,462,8,6479691,65971880,66654743,682863,60175052,682863,59492189,0,0
66676148,464,1,6488550,66654743,66676148,21405,60187598,21405,60166193,0,0
66677195,465,1,6488653,66654743,66677195,22452,60188542,22452,60166090,0,0
66919196,435,8,6305825,62401456,66919196,4517740,60613371,4517740,56095631,0,0
66926585,470,4,6546030,66919196,66926585,7389,60380555,7389,60373166,0,0
66934507,472,1,6559230,66926585,66934507,7922,60375277,7922,60367355,0,0
67065151,469,1,6541011,66919196,67065151,145955,60524140,145955,60378185,0,0
67255357,467,4,6493247,66919196,67255357,336161,60762110,336161,60425949,0,0
67343782,461,1,6479102,64918496,67343782,2425286,60864680,2425286,58439394,0,0
67507308,396,8,5806808,57399005,67507308,10108303,61700500,10108303,51592197,0,0
67735839,456,8,6421001,64693398,67735839,3042441,61314838,3042441,58272397,0,0
67772403,463,8,6484248,66654743,67772403,1117660,61288155,1117660,60170495,0,0
67894575,476,8,6672374,67772403,67894575,122172,61222201,122172,61100029,0,0
67896550,477,8,6703517,67894575,67896550,1975,61193033,1975,61191058,0,0
67897625,480,1,6749858,67894575,67897625,3050,61147767,3050,61144717,0,0
67934386,482,1,6778004,67896550,67934386,37836,61156382,37836,61118546,0,0
68041176,483,4,6784754,67934386,68041176,106790,61256422,106790,61149632,0,0
68098455,473,4,6564079,67255357,68098455,843098,61534376,843098,60691278,0,0
68168678,484,8,6785740,68098455,68168678,70223,61382938,70223,61312715,0,0
68185084,374,8,5493640,54269813,68185084,13915271,62691444,13915271,48776173,0,0
68651810,466,1,6491765,66654743,68651810,1997067,62160045,1997067,60162978,0,0
68913960,441,1,6326709,63080973,68913960,5832987,62587251,5832987,56754264,0,0
69226581,481,4,6759246,67896550,69226581,1330031,62467335,1330031,61137304,0,0
69842438,455,8,6420062,63395814,69842438,6446624,63422376,6446624,56975752,0,0
69943026,487,8,6998734,69842438,69943026,100588,62944292,100588,62843704,0,0
70082533,471,4,6548628,66926585,70082533,3155948,63533905,3155948,60377957,0,0
70129554,490,1,7017443,70082533,70129554,47021,63112111,47021,63065090,0,0
70236550,489,8,7010272,70082533,70236550,154017,63226278,154017,63072261,0,0
70339151,479,1,6724293,67894575,70339151,2444576,63614858,2444576,61170282,0,0
70369702,478,1,6724034,67894575,70369702,2475127,63645668,2475127,61170541,0,0
70460297,491,1,7023179,70082533,70460297,377764,63437118,377764,63059354,0,0
70566903,475,8,6668830,67735839,70566903,2831064,63898073,2831064,61067009,0,0
70753451,492,8,7028250,70236550,70753451,516901,63725201,516901,63208300,0,0
71009776,488,8,6999467,69943026,71009776,1066750,64010309,1066750,62943559,0,0
71019442,496,4,7098167,71009776,71019442,9666,63921275,9666,63911609,0,0
71152642,495,8,7097017,71009776,71152642,142866,64055625,142866,63912759,0,0
71643386,497,8,7099113,71152642,71643386,490744,64544273,490744,64053529,0,0
71676021,500,8,7104745,71643386,71676021,32635,64571276,32635,64538641,0,0
72205044,485,8,6845806,68168678,72205044,4036366,65359238,4036366,61322872,0,0
72430747,501,8,7112059,71676021,72430747,754726,65318688,754726,64563962,0,0
72554791,494,4,7089661,70753451,72554791,1801340,65465130,1801340,63663790,0,0
72560671,504,8,7128137,72554791,72560671,5880,65432534,5880,65426654,0,0
72575372,486,8,6909349,68185084,72575372,4390288,65666023,4390288,61275735,0,0
72602980,505,8,7160619,72560671,72602980,42309,65442361,42309,65400052,0,0
72692761,502,8,7116140,72205044,72692761,487717,65576621,487717,65088904,0,0
72815362,474,8,6582989,67507308,72815362,5308054,66232373,5308054,60924319,0,0
72912563,206,8,3561243,19897022,72912563,53015541,69351320,53015541,16335779,0,0
72919029,511,8,7191414,72912563,72919029,6466,65727615,6466,65721149,0,0
72936777,510,8,7190653,72815362,72936777,121415,65746124,121415,65624709,0,0
72972641,513,8,7194785,72936777,72972641,35864,65777856,35864,65741992,0,0
73076317,512,8,7194203,72919029,73076317,157288,65882114,157288,65724826,0,0
73135598,507,8,7165042,72602980,73135598,532618,65970556,532618,65437938,0,0
73139530,499,1,7104606,71152642,73139530,1986888,66034924,1986888,64048036,0,0
73445858,515,8,7202683,73076317,73445858,369541,66243175,369541,65873634,0,0
73564940,506,8,7164988,72575372,73564940,989568,66399952,989568,65410384,0,0
73686859,520,1,7271808,73564940,73686859,121919,66415051,121919,66293132,0,0
73768074,516,8,7220783,73135598,73768074,632476,66547291,632476,65914815,0,0
73774445,517,1,7242677,73135598,73774445,638847,66531768,638847,65892921,0,0
73900792,493,8,7028288,70566903,73900792,3333889,66872504,3333889,63538615,0,0
73904369,524,1,7408625,73900792,73904369,3577,66495744,3577,66492167,0,0
73926417,525,1,7427452,73900792,73926417,25625,66498965,25625,66473340,0,0
74293520,509,1,7185927,72692761,74293520,1600759,67107593,1600759,65506834,0,0
74337863,355,8,5379891,47469844,74337863,26868019,68957972,26868019,42089953,0,0
74389836,527,1,7446524,74337863,74389836,51973,66943312,51973,66891339,0,0
75099168,526,8,7427595,74337863,75099168,761305,67671573,761305,66910268,0,0
75134320,529,1,7514372,75099168,75134320,35152,67619948,35152,67584796,0,0
75217860,519,8,7266127,73564940,75217860,1652920,67951733,1652920,66298813,0,0
75281923,530,8,7517187,75217860,75281923,64063,67764736,64063,67700673,0,0
75303228,532,1,7520636,75281923,75303228,21305,67782592,21305,67761287,0,0
75310018,531,8,7517254,75281923,75310018,28095,67792764,28095,67764669,0,0
76426077,533,8,7523341,75310018,76426077,1116059,68902736,1116059,67786677,0,0
76513360,534,8,7523706,76426077,76513360,87283,68989654,87283,68902371,0,0
76574782,523,8,7364259,73900792,76574782,2673990,69210523,2673990,66536533,0,0
76685670,535,8,7523773,76513360,76685670,172310,69161897,172310,68989587,0,0
77071300,537,8,7528170,76685670,77071300,385630,69543130,385630,69157500,0,0
77153580,541,8,7541941,77071300,77153580,82280,69611639,82280,69529359,0,0
77154294,540,1,7541656,76685670,77154294,468624,69612638,468624,69144014,0,0
77314733,536,8,7523981,76574782,77314733,739951,69790752,739951,69050801,0,0
77321709,542,8,7542531,77153580,77321709,168129,69779178,168129,69611049,0,0
77454762,543,1,7543287,77153580,77454762,301182,69911475,301182,69610293,0,0
77462134,539,1,7541228,76685670,77462134,776464,69920906,776464,69144442,0,0
77500659,544,8,7548447,77314733,77500659,185926,69952212,185926,69766286,0,0
77520484,538,1,7529550,76685670,77520484,834814,69990934,834814,69156120,0,0
77621158,514,8,7200070,72972641,77621158,4648517,70421088,4648517,65772571,0,0
77696768,548,8,7591371,77621158,77696768,75610,70105397,75610,70029787,0,0
77704184,550,8,7595890,77696768,77704184,7416,70108294,7416,70100878,0,0
77731187,551,8,7598812,77704184,77731187,27003,70132375,27003,70105372,0,0
77738948,552,8,7599705,77731187,77738948,7761,70139243,7761,70131482,0,0
77744349,553,1,7600154,77731187,77744349,13162,70144195,13162,70131033,0,0
77746939,556,4,7608136,77738948,77746939,7991,70138803,7991,70130812,0,0
77784056,546,8,7551221,77500659,77784056,283397,70232835,283397,69949438,0,0
77785236,561,1,7626042,77784056,77785236,1180,70159194,1180,70158014,0,0
77790835,560,1,7619839,77784056,77790835,6779,70170996,6779,70164217,0,0
77823965,562,1,7628693,77785236,77823965,38729,70195272,38729,70156543,0,0
78015461,503,8,7121170,72430747,78015461,5584714,70894291,5584714,65309577,0,0
78056665,545,8,7548452,77321709,78056665,734956,70508213,734956,69773257,0,0
78093130,521,8,7287720,73768074,78093130,4325056,70805410,4325056,66480354,0,0
78097265,568,1,7687870,78093130,78097265,4135,70409395,4135,70405260,0,0
78101838,565,8,7645200,78015461,78101838,86377,70456638,86377,70370261,0,0
78103765,569,8,7687957,78101838,78103765,1927,70415808,1927,70413881,0,0
78119203,570,4,7688300,78101838,78119203,17365,70430903,17365,70413538,0,0
78123981,571,1,7688333,78101838,78123981,22143,70435648,22143,70413505,0,0
78124642,567,1,7682152,78093130,78124642,31512,70442490,31512,70410978,0,0
78727863,572,8,7691404,78103765,78727863,624098,71036459,624098,70412361,0,0
78734414,575,1,7697854,78727863,78734414,6551,71036560,6551,71030009,0,0
78739878,577,1,7702326,78727863,78739878,12015,71037552,12015,71025537,0,0
78774000,574,4,7695377,78727863,78774000,46137,71078623,46137,71032486,0,0
78805528,576,1,7697946,78727863,78805528,77665,71107582,77665,71029917,0,0
78831290,557,8,7616124,77746939,78831290,1084351,71215166,1084351,70130815,0,0
79017298,547,1,7585094,77500659,79017298,1516639,71432204,1516639,69915565,0,0
79271151,578,8,7721072,78805528,79271151,465623,71550079,465623,71084456,0,0
79324708,563,1,7633907,77790835,79324708,1533873,71690801,1533873,70156928,0,0
79407929,528,8,7468047,75099168,79407929,4308761,71939882,4308761,67631121,0,0
79455748,583,1,7900744,79407929,79455748,47819,71555004,47819,71507185,0,0
79482292,564,1,7638108,77823965,79482292,1658327,71844184,1658327,70185857,0,0
79521915,584,4,7901431,79407929,79521915,113986,71620484,113986,71506498,0,0
79529240,582,8,7885365,79407929,79529240,121311,71643875,121311,71522564,0,0
79628825,581,8,7829692,79271151,79628825,357674,71799133,357674,71441459,0,0
79797667,579,1,7803416,78831290,79797667,966377,71994251,966377,71027874,0,0
80015853,573,8,7691652,78124642,80015853,1891211,72324201,1891211,70432990,0,0
80205938,518,8,7255287,73445858,80205938,6760080,72950651,6760080,66190571,0,0
80240444,587,8,8197942,79529240,80240444,711204,72042502,711204,71331298,0,0
80364124,566,8,7645485,78056665,80364124,2307459,72718639,2307459,70411180,0,0
80493618,559,8,7617363,77784056,80493618,2709562,72876255,2709562,70166693,0,0
80872374,592,1,8266924,80240444,80872374,631930,72605450,631930,71973520,0,0
80944582,593,8,8289729,80364124,80944582,580458,72654853,580458,72074395,0,0
80957320,597,1,8329871,80944582,80957320,12738,72627449,12738,72614711,0,0
80993934,599,1,8379854,80944582,80993934,49352,72614080,49352,72564728,0,0
81022401,600,1,8380506,80944582,81022401,77819,72641895,77819,72564076,0,0
81188961,601,1,8382882,80957320,81188961,231641,72806079,231641,72574438,0,0
81201872,598,1,8353651,80944582,81201872,257290,72848221,257290,72590931,0,0
81668795,436,8,6305860,62597712,81668795,19071083,75362935,19071083,56291852,0,0
81718427,586,4,8196217,79521915,81718427,2196512,73522210,2196512,71325698,0,0
81718911,603,8,8392789,81718427,81718911,484,73326122,484,73325638,0,0
81756480,604,1,8405347,81718427,81756480,38053,73351133,38053,73313080,0,0
81763358,585,1,7940007,79407929,81763358,2355429,73823351,2355429,71467922,0,0
81903526,605,4,8410160,81718911,81903526,184615,73493366,184615,73308751,0,0
82027432,602,4,8384038,81668795,82027432,358637,73643394,358637,73284757,0,0
82203841,595,8,8314224,80944582,82203841,1259259,73889617,1259259,72630358,0,0
82877825,596,1,8326045,80944582,82877825,1933243,74551780,1933243,72618537,0,0
83094885,606,1,8468723,81718911,83094885,1375974,74626162,1375974,73250188,0,0
83430572,522,1,7343175,73768074,83430572,9662498,76087397,9662498,66424899,0,0
84378915,508,8,7165050,72692761,84378915,11686154,77213865,11686154,65527711,0,0
85454604,549,1,7594399,77621158,85454604,7833446,77860205,7833446,70026759,0,0
86735294,357,4,5407157,49074488,86735294,37660806,81328137,37660806,43667331,0,0
87262619,580,1,7824152,78831290,87262619,8431329,79438467,8431329,71007138,0,0
87429705,594,8,8292128,80493618,87429705,6936087,79137577,6936087,72201490,0,0
88592072,254,1,4432197,29645814,88592072,58946258,84159875,58946258,25213617,0,0
89742355,591,8,8234674,80240444,89742355,9501911,81507681,9501911,72005770,0,0
89818561,242,1,4168770,28362633,89818561,61455928,85649791,61455928,24193863,0,0
90704416,588,8,8203785,79628825,90704416,11075591,82500631,11075591,71425040,0,0
91789405,554,1,7602350,77731187,91789405,14058218,84187055,14058218,70128837,0,0
91919366,590,8,8214192,80205938,91919366,11713428,83705174,11713428,71991746,0,0
92359493,558,1,7616834,77746939,92359493,14612554,84742659,14612554,70130105,0,0
92659625,468,1,6517605,66919196,92659625,25740429,86142020,25740429,60401591,0,0
92736570,498,1,7103825,71152642,92736570,21583928,85632745,21583928,64048817,0,0
94061931,555,1,7602583,77731187,94061931,16330744,86459348,16330744,70128604,0,0
101716266,383,8,5721051,55705570,101716266,46010696,95995215,46010696,49984519,0,0
112369453,589,8,8204657,80015853,112369453,32353600,104164796,32353600,71811196,0,0
116595176,217,8,3642956,21173388,116595176,95421788,112952220,95421788,17530432,0,0
122999752,209,8,3566468,20012370,122999752,102987382,119433284,102987382,16445902,0,0
128893410,61,8,1307069,1330539,128893410,127562871,127586341,127562871,23470,0,0
325493514,10,8,984210,984210,325493514,324509304,324509304,324509304,0,0,0
