time,job_id,num_gpu,submit_time,start_time,end_time,executed_time,JCT,duration,pending_time,preempt,promote
2603599,1,1,266564,266564,2603599,2337035,2337035,2337035,0,0,0
3473655,57,1,2717244,2717244,3473655,756411,756411,756411,0,0,0
3617096,18,1,2025050,2025050,3617096,1592046,1592046,1592046,0,0,0
3891366,55,2,2678400,2678400,3891366,1212966,1212966,1212966,0,0,0
4112965,86,1,3175183,3175183,4112965,937782,937782,937782,0,0,0
4190937,41,1,2595254,2595254,4190937,1595683,1595683,1595683,0,0,0
4368055,108,1,3510315,4112965,4368055,255090,857740,255090,602650,0,0
4453052,110,1,3525795,4368055,4453052,84997,927257,84997,842260,0,0
4462942,58,1,2740512,2740512,4462942,1722430,1722430,1722430,0,0,0
4473682,64,1,2949862,2949862,4473682,1523820,1523820,1523820,0,0,0
4749823,66,1,2950505,2950505,4749823,1799318,1799318,1799318,0,0,0
4990646,107,1,3509664,3891366,4990646,1099280,1480982,1099280,381702,0,0
5021958,32,4,2532635,2532635,5021958,2489323,2489323,2489323,0,0,0
5035903,24,1,2100304,2100304,5035903,2935599,2935599,2935599,0,0,0
5108774,111,4,3538206,5021958,5108774,86816,1570568,86816,1483752,0,0
5624181,112,4,3538257,5108774,5624181,515407,2085924,515407,1570517,0,0
5629609,53,1,2669418,2669418,5629609,2960191,2960191,2960191,0,0,0
5693379,30,1,2454620,2454620,5693379,3238759,3238759,3238759,0,0,0
6885721,2,1,266566,266566,6885721,6619155,6619155,6619155,0,0,0
7994357,109,1,3510998,4190937,7994357,3803420,4483359,3803420,679939,0,0
8339478,92,1,3284451,3284451,8339478,5055027,5055027,5055027,0,0,0
8772233,72,1,3031681,3031681,8772233,5740552,5740552,5740552,0,0,0
9189508,74,1,3046805,3046805,9189508,6142703,6142703,6142703,0,0,0
10087759,96,1,3366387,3366387,10087759,6721372,6721372,6721372,0,0,0
11243386,22,1,2084777,2084777,11243386,9158609,9158609,9158609,0,0,0
11438107,38,1,2592367,2592367,11438107,8845740,8845740,8845740,0,0,0
11939311,63,1,2948117,2948117,11939311,8991194,8991194,8991194,0,0,0
12336900,49,1,2635460,2635460,12336900,9701440,9701440,9701440,0,0,0
12542665,100,1,3383194,3383194,12542665,9159471,9159471,9159471,0,0,0
12557085,4,1,290070,290070,12557085,12267015,12267015,12267015,0,0,0
13117590,68,1,2987445,2987445,13117590,10130145,10130145,10130145,0,0,0
13327153,106,1,3509374,3891366,13327153,9435787,9817779,9435787,381992,0,0
14098570,101,1,3389517,3389517,14098570,10709053,10709053,10709053,0,0,0
14159236,104,1,3502061,3502061,14159236,10657175,10657175,10657175,0,0,0
14267143,105,1,3509351,3617096,14267143,10650047,10757792,10650047,107745,0,0
16408739,21,1,2083781,2083781,16408739,14324958,14324958,14324958,0,0,0
16521478,85,1,3148396,3148396,16521478,13373082,13373082,13373082,0,0,0
17092235,62,1,2890966,2890966,17092235,14201269,14201269,14201269,0,0,0
17331093,47,1,2631213,2631213,17331093,14699880,14699880,14699880,0,0,0
17332598,76,1,3086290,3086290,17332598,14246308,14246308,14246308,0,0,0
18334761,97,2,3367379,3367379,18334761,14967382,14967382,14967382,0,0,0
19843728,70,1,3000822,3000822,19843728,16842906,16842906,16842906,0,0,0
20851471,0,1,0,0,20851471,20851471,20851471,20851471,0,0,0
22291423,91,1,3267762,3267762,22291423,19023661,19023661,19023661,0,0,0
22795555,89,1,3210667,3210667,22795555,19584888,19584888,19584888,0,0,0
22959090,73,1,3033601,3033601,22959090,19925489,19925489,19925489,0,0,0
24386251,79,2,3110214,3110214,24386251,21276037,21276037,21276037,0,0,0
24593515,7,1,1243820,1243820,24593515,23349695,23349695,23349695,0,0,0
25343408,8,1,1279491,1279491,25343408,24063917,24063917,24063917,0,0,0
25944747,56,1,2680341,2680341,25944747,23264406,23264406,23264406,0,0,0
26153935,25,1,2100307,2100307,26153935,24053628,24053628,24053628,0,0,0
26235128,102,1,3416286,3416286,26235128,22818842,22818842,22818842,0,0,0
27025280,71,1,3009876,3009876,27025280,24015404,24015404,24015404,0,0,0
27617132,54,1,2675408,2675408,27617132,24941724,24941724,24941724,0,0,0
27617729,133,1,3567044,27617132,27617729,597,24050685,597,24050088,0,0
27617740,124,1,3564757,27617132,27617740,608,24052983,608,24052375,0,0
27617828,126,1,3564927,27617132,27617828,696,24052901,696,24052205,0,0
27617882,151,1,3574908,27617132,27617882,750,24042974,750,24042224,0,0
27617936,117,1,3551397,27617132,27617936,804,24066539,804,24065735,0,0
27618583,159,1,3577410,27617828,27618583,755,24041173,755,24040418,0,0
27619044,142,1,3571105,27617132,27619044,1912,24047939,1912,24046027,0,0
27621303,157,1,3576571,27617729,27621303,3574,24044732,3574,24041158,0,0
27622358,141,1,3570115,27617132,27622358,5226,24052243,5226,24047017,0,0
27624709,160,1,3577412,27617882,27624709,6827,24047297,6827,24040470,0,0
27625053,165,1,3578780,27622358,27625053,2695,24046273,2695,24043578,0,0
27625173,162,1,3578012,27618583,27625173,6590,24047161,6590,24040571,0,0
27625188,125,1,3564766,27617132,27625188,8056,24060422,8056,24052366,0,0
27626187,156,1,3575453,27617132,27626187,9055,24050734,9055,24041679,0,0
27629235,132,1,3567039,27617132,27629235,12103,24062196,12103,24050093,0,0
27629553,154,1,3575265,27617132,27629553,12421,24054288,12421,24041867,0,0
27629896,161,1,3577496,27617936,27629896,11960,24052400,11960,24040440,0,0
27631790,122,1,3561873,27617132,27631790,14658,24069917,14658,24055259,0,0
27636310,164,1,3578752,27621303,27636310,15007,24057558,15007,24042551,0,0
27637171,153,1,3575206,27617132,27637171,20039,24061965,20039,24041926,0,0
27640067,163,1,3578169,27619044,27640067,21023,24061898,21023,24040875,0,0
27640889,177,1,3607156,27640067,27640889,822,24033733,822,24032911,0,0
27645750,146,1,3573828,27617132,27645750,28618,24071922,28618,24043304,0,0
27654960,130,1,3566453,27617132,27654960,37828,24088507,37828,24050679,0,0
27655508,158,1,3577076,27617740,27655508,37768,24078432,37768,24040664,0,0
27657722,170,1,3586063,27626187,27657722,31535,24071659,31535,24040124,0,0
27658751,131,1,3566765,27617132,27658751,41619,24091986,41619,24050367,0,0
27672304,174,1,3605302,27631790,27672304,40514,24067002,40514,24026488,0,0
27677729,169,1,3584166,27625188,27677729,52541,24093563,52541,24041022,0,0
27688528,143,1,3571167,27617132,27688528,71396,24117361,71396,24045965,0,0
27697582,176,1,3607097,27637171,27697582,60411,24090485,60411,24030074,0,0
27697878,168,1,3583573,27625173,27697878,72705,24114305,72705,24041600,0,0
27699895,128,1,3565644,27617132,27699895,82763,24134251,82763,24051488,0,0
27704026,148,1,3574099,27617132,27704026,86894,24129927,86894,24043033,0,0
27715730,178,1,3607159,27640889,27715730,74841,24108571,74841,24033730,0,0
27725290,150,1,3574847,27617132,27725290,108158,24150443,108158,24042285,0,0
27726641,166,1,3578792,27624709,27726641,101932,24147849,101932,24045917,0,0
27817451,175,1,3607083,27636310,27817451,181141,24210368,181141,24029227,0,0
27836337,119,1,3554308,27617132,27836337,219205,24282029,219205,24062824,0,0
27862327,118,1,3552772,27617132,27862327,245195,24309555,245195,24064360,0,0
27993498,152,1,3575019,27617132,27993498,376366,24418479,376366,24042113,0,0
28046582,180,2,3612767,27658751,28046582,387831,24433815,387831,24045984,0,0
28050658,120,1,3555137,27617132,28050658,433526,24495521,433526,24061995,0,0
28156324,171,1,3587805,27629235,28156324,527089,24568519,527089,24041430,0,0
28180538,129,1,3566016,27617132,28180538,563406,24614522,563406,24051116,0,0
28374885,115,1,3551250,27617132,28374885,757753,24823635,757753,24065882,0,0
28544429,123,1,3564060,27617132,28544429,927297,24980369,927297,24053072,0,0
28651947,155,1,3575294,27617132,28651947,1034815,25076653,1034815,24041838,0,0
28765692,179,1,3612318,27645750,28765692,1119942,25153374,1119942,24033432,0,0
28767026,127,1,3565275,27617132,28767026,1149894,25201751,1149894,24051857,0,0
28777071,181,1,3615055,27658751,28777071,1118320,25162016,1118320,24043696,0,0
28827064,145,1,3572960,27617132,28827064,1209932,25254104,1209932,24044172,0,0
28888598,98,1,3367585,3367585,28888598,25521013,25521013,25521013,0,0,0
29174382,139,1,3569055,27617132,29174382,1557250,25605327,1557250,24048077,0,0
29920011,140,1,3569099,27617132,29920011,2302879,26350912,2302879,24048033,0,0
30106924,116,1,3551333,27617132,30106924,2489792,26555591,2489792,24065799,0,0
30423459,149,1,3574639,27617132,30423459,2806327,26848820,2806327,24042493,0,0
31550744,121,1,3556468,27617132,31550744,3933612,27994276,3933612,24060664,0,0
31608516,173,1,3598054,27629896,31608516,3978620,28010462,3978620,24031842,0,0
31655796,114,4,3539025,27617132,31655796,4038664,28116771,4038664,24078107,0,0
32981011,147,1,3574004,27617132,32981011,5363879,29407007,5363879,24043128,0,0
33222000,27,1,2274866,2274866,33222000,30947134,30947134,30947134,0,0,0
33881270,182,4,3621198,31655796,33881270,2225474,30260072,2225474,28034598,0,0
33892621,186,2,3626966,33881270,33892621,11351,30265655,11351,30254304,0,0
33912192,172,1,3591558,27629553,33912192,6282639,30320634,6282639,24037995,0,0
33955716,185,2,3623941,33881270,33955716,74446,30331775,74446,30257329,0,0
34037411,184,2,3623909,33881270,34037411,156141,30413502,156141,30257361,0,0
35615173,137,1,3568406,27617132,35615173,7998041,32046767,7998041,24048726,0,0
35749413,113,4,3539024,5624181,35749413,30125232,32210389,30125232,2085157,0,0
35809021,135,1,3568044,27617132,35809021,8191889,32240977,8191889,24049088,0,0
36659700,39,1,2593223,2593223,36659700,34066477,34066477,34066477,0,0,0
38138922,37,1,2592337,2592337,38138922,35546585,35546585,35546585,0,0,0
41178193,65,1,2950237,2950237,41178193,38227956,38227956,38227956,0,0,0
41616300,45,1,2597371,2597371,41616300,39018929,39018929,39018929,0,0,0
44631370,138,1,3568584,27617132,44631370,17014238,41062786,17014238,24048548,0,0
46348624,29,1,2449642,2449642,46348624,43898982,43898982,43898982,0,0,0
49696617,42,1,2595255,2595255,49696617,47101362,47101362,47101362,0,0,0
50277273,11,4,1487280,1487280,50277273,48789993,48789993,48789993,0,0,0
50456280,87,2,3197839,3197839,50456280,47258441,47258441,47258441,0,0,0
50599703,188,4,3630214,35749413,50599703,14850290,46969489,14850290,32119199,0,0
52629625,13,2,1537172,1537172,52629625,51092453,51092453,51092453,0,0,0
53914076,67,1,2964979,2964979,53914076,50949097,50949097,50949097,0,0,0
55049678,190,2,3630424,50277273,55049678,4772405,51419254,4772405,46646849,0,0
55768462,83,1,3147031,3147031,55768462,52621431,52621431,52621431,0,0,0
57315161,17,1,2003517,2003517,57315161,55311644,55311644,55311644,0,0,0
58074807,33,4,2532663,2532663,58074807,55542144,55542144,55542144,0,0,0
58075301,212,1,3647110,58074807,58075301,494,54428191,494,54427697,0,0
58075394,233,1,3647290,58074807,58075394,587,54428104,587,54427517,0,0
58075419,238,1,3647307,58074807,58075419,612,54428112,612,54427500,0,0
58075526,232,1,3647282,58074807,58075526,719,54428244,719,54427525,0,0
58075536,202,1,3647004,58074807,58075536,729,54428532,729,54427803,0,0
58075578,223,1,3647208,58074807,58075578,771,54428370,771,54427599,0,0
58075644,228,1,3647261,58074807,58075644,837,54428383,837,54427546,0,0
58075720,235,1,3647299,58074807,58075720,913,54428421,913,54427508,0,0
58075730,195,1,3640288,58074807,58075730,923,54435442,923,54434519,0,0
58076114,247,1,3647341,58075536,58076114,578,54428773,578,54428195,0,0
58077137,205,1,3647031,58074807,58077137,2330,54430106,2330,54427776,0,0
58077333,215,1,3647178,58074807,58077333,2526,54430155,2526,54427629,0,0
58078336,226,1,3647254,58074807,58078336,3529,54431082,3529,54427553,0,0
58078449,252,1,3647457,58076114,58078449,2335,54430992,2335,54428657,0,0
58078654,208,1,3647078,58074807,58078654,3847,54431576,3847,54427729,0,0
58078657,251,1,3647436,58075730,58078657,2927,54431221,2927,54428294,0,0
58078852,256,1,3647605,58078449,58078852,403,54431247,403,54430844,0,0
58078946,243,1,3647320,58075301,58078946,3645,54431626,3645,54427981,0,0
58079558,259,1,3647663,58078852,58079558,706,54431895,706,54431189,0,0
58080733,237,1,3647300,58074807,58080733,5926,54433433,5926,54427507,0,0
58083279,224,1,3647219,58074807,58083279,8472,54436060,8472,54427588,0,0
58083804,260,1,3647728,58078946,58083804,4858,54436076,4858,54431218,0,0
58084035,210,1,3647103,58074807,58084035,9228,54436932,9228,54427704,0,0
58084909,200,1,3643855,58074807,58084909,10102,54441054,10102,54430952,0,0
58086489,219,1,3647197,58074807,58086489,11682,54439292,11682,54427610,0,0
58087197,234,1,3647291,58074807,58087197,12390,54439906,12390,54427516,0,0
58087570,214,1,3647127,58074807,58087570,12763,54440443,12763,54427680,0,0
58087637,227,1,3647259,58074807,58087637,12830,54440378,12830,54427548,0,0
58087671,258,1,3647625,58078657,58087671,9014,54440046,9014,54431032,0,0
58087822,225,1,3647227,58074807,58087822,13015,54440595,13015,54427580,0,0
58088482,266,1,3653392,58084909,58088482,3573,54435090,3573,54431517,0,0
58088756,246,1,3647338,58075526,58088756,13230,54441418,13230,54428188,0,0
58090035,269,1,3654136,58087570,58090035,2465,54435899,2465,54433434,0,0
58090699,198,1,3642439,58074807,58090699,15892,54448260,15892,54432368,0,0
58090775,241,1,3647317,58074807,58090775,15968,54443458,15968,54427490,0,0
58091557,213,1,3647112,58074807,58091557,16750,54444445,16750,54427695,0,0
58093828,257,1,3647609,58078654,58093828,15174,54446219,15174,54431045,0,0
58096514,248,1,3647344,58075578,58096514,20936,54449170,20936,54428234,0,0
58097437,255,1,3647572,58078336,58097437,19101,54449865,19101,54430764,0,0
58097845,231,1,3647281,58074807,58097845,23038,54450564,23038,54427526,0,0
58099965,239,1,3647308,58074807,58099965,25158,54452657,25158,54427499,0,0
58100486,216,1,3647178,58074807,58100486,25679,54453308,25679,54427629,0,0
58102380,194,1,3637534,58074807,58102380,27573,54464846,27573,54437273,0,0
58103733,272,1,3654830,58087822,58103733,15911,54448903,15911,54432992,0,0
58105378,261,1,3647753,58079558,58105378,25820,54457625,25820,54431805,0,0
58114495,244,1,3647325,58075394,58114495,39101,54467170,39101,54428069,0,0
58117148,222,1,3647208,58074807,58117148,42341,54469940,42341,54427599,0,0
58119965,207,1,3647066,58074807,58119965,45158,54472899,45158,54427741,0,0
58122479,196,1,3640478,58074807,58122479,47672,54482001,47672,54434329,0,0
58131308,245,1,3647332,58075419,58131308,55889,54483976,55889,54428087,0,0
58134954,206,1,3647031,58074807,58134954,60147,54487923,60147,54427776,0,0
58140574,221,1,3647202,58074807,58140574,65767,54493372,65767,54427605,0,0
58155221,201,1,3646276,58074807,58155221,80414,54508945,80414,54428531,0,0
58155221,236,1,3647300,58074807,58155221,80414,54507921,80414,54427507,0,0
58155368,209,1,3647099,58074807,58155368,80561,54508269,80561,54427708,0,0
58155710,211,1,3647105,58074807,58155710,80903,54508605,80903,54427702,0,0
58156274,217,1,3647188,58074807,58156274,81467,54509086,81467,54427619,0,0
58156646,268,1,3654012,58087197,58156646,69449,54502634,69449,54433185,0,0
58160874,230,1,3647274,58074807,58160874,86067,54513600,86067,54427533,0,0
58169961,220,1,3647201,58074807,58169961,95154,54522760,95154,54427606,0,0
58172986,249,1,3647345,58075644,58172986,97342,54525641,97342,54428299,0,0
58173963,253,1,3647459,58077137,58173963,96826,54526504,96826,54429678,0,0
58181485,240,1,3647317,58074807,58181485,106678,54534168,106678,54427490,0,0
58183011,199,1,3643016,58074807,58183011,108204,54539995,108204,54431791,0,0
58187458,203,1,3647016,58074807,58187458,112651,54540442,112651,54427791,0,0
58195157,263,1,3652003,58083279,58195157,111878,54543154,111878,54431276,0,0
58242551,262,1,3647974,58080733,58242551,161818,54594577,161818,54432759,0,0
58247843,242,1,3647319,58074807,58247843,173036,54600524,173036,54427488,0,0
58252278,204,1,3647020,58074807,58252278,177471,54605258,177471,54427787,0,0
58261462,218,1,3647189,58074807,58261462,186655,54614273,186655,54427618,0,0
58269149,254,1,3647500,58077333,58269149,191816,54621649,191816,54429833,0,0
58275521,229,1,3647266,58074807,58275521,200714,54628255,200714,54427541,0,0
58296823,250,1,3647346,58075720,58296823,221103,54649477,221103,54428374,0,0
58335257,273,1,3655387,58088482,58335257,246775,54679870,246775,54433095,0,0
58336855,197,1,3640564,58074807,58336855,262048,54696291,262048,54434243,0,0
58344841,267,1,3653578,58086489,58344841,258352,54691263,258352,54432911,0,0
58433583,93,1,3348382,3348382,58433583,55085201,55085201,55085201,0,0,0
58450356,270,1,3654151,58087637,58450356,362719,54796205,362719,54433486,0,0
58649555,271,1,3654677,58087671,58649555,561884,54994878,561884,54432994,0,0
60022377,9,1,1362192,1362192,60022377,58660185,58660185,58660185,0,0,0
60699702,183,4,3622101,33881270,60699702,26818432,57077601,26818432,30259169,0,0
64040235,60,1,2777576,2777576,64040235,61262659,61262659,61262659,0,0,0
65436849,16,1,1896806,1896806,65436849,63540043,63540043,63540043,0,0,0
65437247,301,1,3674271,65436849,65437247,398,61762976,398,61762578,0,0
65437267,283,1,3670980,65436849,65437267,418,61766287,418,61765869,0,0
65437479,280,1,3670578,65436849,65437479,630,61766901,630,61766271,0,0
65437497,291,1,3672180,65436849,65437497,648,61765317,648,61764669,0,0
65437531,286,1,3671467,65436849,65437531,682,61766064,682,61765382,0,0
65437634,289,1,3671964,65436849,65437634,785,61765670,785,61764885,0,0
65437657,296,1,3672410,65436849,65437657,808,61765247,808,61764439,0,0
65437788,275,1,3658350,65436849,65437788,939,61779438,939,61778499,0,0
65440836,290,1,3672117,65436849,65440836,3987,61768719,3987,61764732,0,0
65443820,303,1,3676808,65436849,65443820,6971,61767012,6971,61760041,0,0
65443849,288,1,3671939,65436849,65443849,7000,61771910,7000,61764910,0,0
65444309,299,1,3673994,65436849,65444309,7460,61770315,7460,61762855,0,0
65444587,274,8,3658035,65436849,65444587,7738,61786552,7738,61778814,0,0
65446519,300,1,3674114,65436849,65446519,9670,61772405,9670,61762735,0,0
65448952,295,1,3672383,65436849,65448952,12103,61776569,12103,61764466,0,0
65449519,302,1,3676392,65436849,65449519,12670,61773127,12670,61760457,0,0
65450598,281,1,3670734,65436849,65450598,13749,61779864,13749,61766115,0,0
65452379,287,1,3671667,65436849,65452379,15530,61780712,15530,61765182,0,0
65452607,277,1,3666094,65436849,65452607,15758,61786513,15758,61770755,0,0
65452854,279,1,3670395,65436849,65452854,16005,61782459,16005,61766454,0,0
65453877,297,1,3672580,65436849,65453877,17028,61781297,17028,61764269,0,0
65458966,298,1,3673190,65436849,65458966,22117,61785776,22117,61763659,0,0
65464317,285,1,3671357,65436849,65464317,27468,61792960,27468,61765492,0,0
65490235,294,1,3672253,65436849,65490235,53386,61817982,53386,61764596,0,0
65491421,278,1,3670151,65436849,65491421,54572,61821270,54572,61766698,0,0
65491552,284,1,3670988,65436849,65491552,54703,61820564,54703,61765861,0,0
65499176,292,1,3672227,65436849,65499176,62327,61826949,62327,61764622,0,0
65521229,309,1,3680101,65436849,65521229,84380,61841128,84380,61756748,0,0
65523418,282,1,3670951,65436849,65523418,86569,61852467,86569,61765898,0,0
65532181,293,1,3672229,65436849,65532181,95332,61859952,95332,61764620,0,0
65561325,304,1,3679613,65436849,65561325,124476,61881712,124476,61757236,0,0
65571368,305,1,3679652,65436849,65571368,134519,61891716,134519,61757197,0,0
65889572,307,1,3679668,65436849,65889572,452723,62209904,452723,61757181,0,0
66283882,310,4,3702039,65444587,66283882,839295,62581843,839295,61742548,0,0
66285055,313,1,3706636,66283882,66285055,1173,62578419,1173,62577246,0,0
66285355,314,1,3708723,66283882,66285355,1473,62576632,1473,62575159,0,0
66361874,276,1,3659789,65436849,66361874,925025,62702085,925025,61777060,0,0
66568987,192,4,3637262,50599703,66568987,15969284,62931725,15969284,46962441,0,0
67400387,315,4,3709672,66568987,67400387,831400,63690715,831400,62859315,0,0
68805801,312,4,3704512,66283882,68805801,2521919,65101289,2521919,62579370,0,0
68822612,318,1,3715968,68805801,68822612,16811,65106644,16811,65089833,0,0
69004046,28,1,2449488,2449488,69004046,66554558,66554558,66554558,0,0,0
69667438,144,1,3572850,27617132,69667438,42050306,66094588,42050306,24044282,0,0
71550889,265,1,3652759,58084035,71550889,13466854,67898130,13466854,54431276,0,0
71606266,95,1,3360721,3360721,71606266,68245545,68245545,68245545,0,0,0
73398368,193,4,3637273,58074807,73398368,15323561,69761095,15323561,54437534,0,0
73399247,321,1,3724222,73398368,73399247,879,69675025,879,69674146,0,0
73399247,347,1,3744774,73398368,73399247,879,69654473,879,69653594,0,0
73399262,341,1,3741711,73398368,73399262,894,69657551,894,69656657,0,0
73400279,328,1,3736349,73398368,73400279,1911,69663930,1911,69662019,0,0
73402365,338,1,3740212,73398368,73402365,3997,69662153,3997,69658156,0,0
73402620,348,1,3744827,73398368,73402620,4252,69657793,4252,69653541,0,0
73411302,363,1,3745440,73398368,73411302,12934,69665862,12934,69652928,0,0
73411913,346,1,3744664,73398368,73411913,13545,69667249,13545,69653704,0,0
73413180,372,1,3745526,73400279,73413180,12901,69667654,12901,69654753,0,0
73417907,356,1,3745371,73398368,73417907,19539,69672536,19539,69652997,0,0
73420551,353,1,3745349,73398368,73420551,22183,69675202,22183,69653019,0,0
73421414,367,1,3745488,73398368,73421414,23046,69675926,23046,69652880,0,0
73421948,354,1,3745366,73398368,73421948,23580,69676582,23580,69653002,0,0
73440462,344,1,3743085,73398368,73440462,42094,69697377,42094,69655283,0,0
73448496,343,1,3742286,73398368,73448496,50128,69706210,50128,69656082,0,0
73452325,327,1,3735060,73398368,73452325,53957,69717265,53957,69663308,0,0
73453338,382,1,3745615,73440462,73453338,12876,69707723,12876,69694847,0,0
73465187,384,1,3745630,73452325,73465187,12862,69719557,12862,69706695,0,0
73466761,385,1,3745645,73453338,73466761,13423,69721116,13423,69707693,0,0
73477881,339,1,3741251,73398368,73477881,79513,69736630,79513,69657117,0,0
73488608,319,4,3719205,73398368,73488608,90240,69769403,90240,69679163,0,0
73510166,342,1,3742276,73398368,73510166,111798,69767890,111798,69656092,0,0
73514077,366,1,3745475,73398368,73514077,115709,69768602,115709,69652893,0,0
73517961,323,1,3725137,73398368,73517961,119593,69792824,119593,69673231,0,0
73520712,375,1,3745557,73411302,73520712,109410,69775155,109410,69665745,0,0
73531931,380,1,3745600,73421414,73531931,110517,69786331,110517,69675814,0,0
73533467,394,1,3745725,73514077,73533467,19390,69787742,19390,69768352,0,0
73599000,389,1,3745672,73488608,73599000,110392,69853328,110392,69742936,0,0
73601790,345,1,3743769,73398368,73601790,203422,69858021,203422,69654599,0,0
73609103,378,1,3745591,73417907,73609103,191196,69863512,191196,69672316,0,0
73612639,377,1,3745585,73413180,73612639,199459,69867054,199459,69667595,0,0
73623848,371,1,3745521,73399262,73623848,224586,69878327,224586,69653741,0,0
73627710,395,1,3745735,73517961,73627710,109749,69881975,109749,69772226,0,0
73634328,401,1,3745789,73609103,73634328,25225,69888539,25225,69863314,0,0
73635544,402,1,3745807,73612639,73635544,22905,69889737,22905,69866832,0,0
73640528,404,1,3745817,73627710,73640528,12818,69894711,12818,69881893,0,0
73650366,322,1,3724797,73398368,73650366,251998,69925569,251998,69673571,0,0
73652060,325,1,3726342,73398368,73652060,253692,69925718,253692,69672026,0,0
73653184,407,1,3745823,73640528,73653184,12656,69907361,12656,69894705,0,0
73653995,326,1,3730697,73398368,73653995,255627,69923298,255627,69667671,0,0
73657464,406,1,3745820,73635544,73657464,21920,69911644,21920,69889724,0,0
73664879,409,1,3745855,73652060,73664879,12819,69919024,12819,69906205,0,0
73719051,410,1,3745861,73653184,73719051,65867,69973190,65867,69907323,0,0
73730811,376,1,3745584,73411913,73730811,318898,69985227,318898,69666329,0,0
73786471,351,1,3745325,73398368,73786471,388103,70041146,388103,69653043,0,0
73801788,364,1,3745448,73398368,73801788,403420,70056340,403420,69652920,0,0
73802423,360,1,3745409,73398368,73802423,404055,70057014,404055,69652959,0,0
73836474,386,1,3745650,73465187,73836474,371287,70090824,371287,69719537,0,0
73886039,349,1,3745310,73398368,73886039,487671,70140729,487671,69653058,0,0
73895570,393,1,3745712,73510166,73895570,385404,70149858,385404,69764454,0,0
73899117,365,1,3745454,73398368,73899117,500749,70153663,500749,69652914,0,0
73903625,398,1,3745765,73533467,73903625,370158,70157860,370158,69787702,0,0
73953833,415,1,3745895,73730811,73953833,223022,70207938,223022,69984916,0,0
73982395,408,1,3745840,73650366,73982395,332029,70236555,332029,69904526,0,0
73997000,320,1,3724197,73398368,73997000,598632,70272803,598632,69674171,0,0
74004941,421,1,3745934,73895570,74004941,109371,70259007,109371,70149636,0,0
74015135,397,1,3745759,73531931,74015135,483204,70269376,483204,69786172,0,0
74018838,426,1,3745965,73997000,74018838,21838,70272873,21838,70251035,0,0
74038954,411,1,3745866,73653995,74038954,384959,70293088,384959,69908129,0,0
74041331,429,1,3745993,74018838,74041331,22493,70295338,22493,70272845,0,0
74075743,368,1,3745498,73398368,74075743,677375,70330245,677375,69652870,0,0
74099793,414,1,3745890,73719051,74099793,380742,70353903,380742,69973161,0,0
74104840,381,1,3745608,73421948,74104840,682892,70359232,682892,69676340,0,0
74134807,78,1,3106680,3106680,74134807,71028127,71028127,71028127,0,0,0
74136532,388,1,3745663,73477881,74136532,658651,70390869,658651,69732218,0,0
74146347,424,1,3745960,73953833,74146347,192514,70400387,192514,70207873,0,0
74213894,433,1,3746033,74099793,74213894,114101,70467861,114101,70353760,0,0
74317335,417,1,3745905,73801788,74317335,515547,70571430,515547,70055883,0,0
74349060,425,1,3745960,73982395,74349060,366665,70603100,366665,70236435,0,0
74361314,413,1,3745887,73664879,74361314,696435,70615427,696435,69918992,0,0
74379976,422,1,3745937,73899117,74379976,480859,70634039,480859,70153180,0,0
74403509,423,1,3745941,73903625,74403509,499884,70657568,499884,70157684,0,0
74463876,336,1,3740084,73398368,74463876,1065508,70723792,1065508,69658284,0,0
74495283,428,1,3745987,74015135,74495283,480148,70749296,480148,70269148,0,0
74519133,445,1,3746129,74495283,74519133,23850,70773004,23850,70749154,0,0
74519281,419,1,3745914,73836474,74519281,682807,70773367,682807,70090560,0,0
74538557,420,1,3745919,73886039,74538557,652518,70792638,652518,70140120,0,0
74538874,439,1,3746078,74317335,74538874,221539,70792796,221539,70571257,0,0
74580065,361,1,3745423,73398368,74580065,1181697,70834642,1181697,69652945,0,0
74587304,369,1,3745500,73399247,74587304,1188057,70841804,1188057,69653747,0,0
74596634,438,1,3746077,74213894,74596634,382740,70850557,382740,70467817,0,0
74610556,451,1,3746184,74587304,74610556,23252,70864372,23252,70841120,0,0
74632735,359,1,3745399,73398368,74632735,1234367,70887336,1234367,69652969,0,0
74650829,379,1,3745595,73420551,74650829,1230278,70905234,1230278,69674956,0,0
74661419,437,1,3746060,74146347,74661419,515072,70915359,515072,70400287,0,0
74669631,337,1,3740191,73398368,74669631,1271263,70929440,1271263,69658177,0,0
74689861,387,1,3745654,73466761,74689861,1223100,70944207,1223100,69721107,0,0
74727717,446,1,3746138,74519133,74727717,208584,70981579,208584,70772995,0,0
74734889,457,1,3746224,74669631,74734889,65258,70988665,65258,70923407,0,0
74787308,435,1,3746035,74134807,74787308,652501,71041273,652501,70388772,0,0
74803168,434,1,3746034,74104840,74803168,698328,71057134,698328,70358806,0,0
74834330,340,1,3741326,73398368,74834330,1435962,71093004,1435962,69657042,0,0
74854730,454,1,3746186,74632735,74854730,221995,71108544,221995,70886549,0,0
74873865,442,1,3746109,74379976,74873865,493889,71127756,493889,70633867,0,0
74992955,441,1,3746100,74361314,74992955,631641,71246855,631641,70615214,0,0
75031932,448,1,3746146,74538557,75031932,493375,71285786,493375,70792411,0,0
75042449,464,1,3746278,74854730,75042449,187719,71296171,187719,71108452,0,0
75066060,465,1,3746285,74873865,75066060,192195,71319775,192195,71127580,0,0
75123778,453,1,3746186,74610556,75123778,513222,71377592,513222,70864370,0,0
75128445,455,1,3746202,74650829,75128445,477616,71382243,477616,70904627,0,0
75144985,470,1,3746329,75123778,75144985,21207,71398656,21207,71377449,0,0
75152790,456,1,3746209,74661419,75152790,491371,71406581,491371,70915210,0,0
75185815,362,1,3745431,73398368,75185815,1787447,71440384,1787447,69652937,0,0
75191040,358,1,3745392,73398368,75191040,1792672,71445648,1792672,69652976,0,0
75208728,472,1,3746331,75144985,75208728,63743,71462397,63743,71398654,0,0
75232928,449,1,3746173,74538874,75232928,694054,71486755,694054,70792701,0,0
75233122,476,1,3746364,75208728,75233122,24394,71486758,24394,71462364,0,0
75250876,477,1,3746376,75232928,75250876,17948,71504500,17948,71486552,0,0
75290956,373,1,3745546,73402365,75290956,1888591,71545410,1888591,69656819,0,0
75303934,480,1,3746411,75290956,75303934,12978,71557523,12978,71544545,0,0
75315177,463,1,3746263,74834330,75315177,480847,71568914,480847,71088067,0,0
75341664,403,1,3745808,73623848,75341664,1717816,71595856,1717816,69878040,0,0
75466454,466,1,3746290,74992955,75466454,473499,71720164,473499,71246665,0,0
75478793,484,1,3746468,75466454,75478793,12339,71732325,12339,71719986,0,0
75527730,482,1,3746435,75315177,75527730,212553,71781295,212553,71568742,0,0
75529211,483,1,3746460,75341664,75529211,187547,71782751,187547,71595204,0,0
75562460,443,1,3746113,74403509,75562460,1158951,71816347,1158951,70657396,0,0
75581949,334,1,3739980,73398368,75581949,2183581,71841969,2183581,69658388,0,0
75606441,475,1,3746351,75191040,75606441,415401,71860090,415401,71444689,0,0
75630194,490,1,3746510,75606441,75630194,23753,71883684,23753,71859931,0,0
75663788,474,1,3746345,75185815,75663788,477973,71917443,477973,71439470,0,0
75724499,487,1,3746497,75529211,75724499,195288,71978002,195288,71782714,0,0
75727355,430,1,3746009,74038954,75727355,1688401,71981346,1688401,70292945,0,0
75798037,478,1,3746383,75233122,75798037,564915,72051654,564915,71486739,0,0
75834119,459,1,3746238,74727717,75834119,1106402,72087881,1106402,70981479,0,0
75837593,491,1,3746534,75630194,75837593,207399,72091059,207399,71883660,0,0
75884635,427,1,3745986,74004941,75884635,1879694,72138649,1879694,70258955,0,0
75900422,458,1,3746232,74689861,75900422,1210561,72154190,1210561,70943629,0,0
75929363,479,1,3746400,75250876,75929363,678487,72182963,678487,71504476,0,0
75939892,493,1,3746545,75724499,75939892,215393,72193347,215393,71977954,0,0
75958514,489,1,3746505,75581949,75958514,376565,72212009,376565,71835444,0,0
76030670,391,1,3745694,73488608,76030670,2542062,72284976,2542062,69742914,0,0
76059790,496,1,3746581,75834119,76059790,225671,72313209,225671,72087538,0,0
76079659,504,1,3746651,76059790,76079659,19869,72333008,19869,72313139,0,0
76097343,505,1,3746662,76079659,76097343,17684,72350681,17684,72332997,0,0
76140272,502,1,3746628,75958514,76140272,181758,72393644,181758,72211886,0,0
76146353,400,1,3745779,73601790,76146353,2544563,72400574,2544563,69856011,0,0
76151621,392,1,3745699,73488608,76151621,2663013,72405922,2663013,69742909,0,0
76159596,467,1,3746294,75031932,76159596,1127664,72413302,1127664,71285638,0,0
76206120,507,1,3746665,76140272,76206120,65848,72459455,65848,72393607,0,0
76236150,500,1,3746605,75929363,76236150,306787,72489545,306787,72182758,0,0
76245213,469,1,3746320,75066060,76245213,1179153,72498893,1179153,71319740,0,0
76266311,513,1,3746718,76245213,76266311,21098,72519593,21098,72498495,0,0
76309173,514,1,3746733,76266311,76309173,42862,72562440,42862,72519578,0,0
76310812,511,1,3746694,76206120,76310812,104692,72564118,104692,72459426,0,0
76364337,510,1,3746692,76159596,76364337,204741,72617645,204741,72412904,0,0
76375516,515,1,3746740,76309173,76375516,66343,72628776,66343,72562433,0,0
76376187,399,1,3745776,73599000,76376187,2777187,72630411,2777187,69853224,0,0
76377933,499,1,3746602,75900422,76377933,477511,72631331,477511,72153820,0,0
76399992,520,1,3746776,76377933,76399992,22059,72653216,22059,72631157,0,0
76412430,374,1,3745556,73402620,76412430,3009810,72666874,3009810,69657064,0,0
76420781,355,1,3745366,73398368,76420781,3022413,72675415,3022413,69653002,0,0
76423874,350,1,3745314,73398368,76423874,3025506,72678560,3025506,69653054,0,0
76445418,524,1,3746804,76423874,76445418,21544,72698614,21544,72677070,0,0
76463006,525,1,3746824,76445418,76463006,17588,72716182,17588,72698594,0,0
76464596,452,1,3746184,74596634,76464596,1867962,72718412,1867962,70850450,0,0
76469087,506,1,3746664,76097343,76469087,371744,72722423,371744,72350679,0,0
76508355,509,1,3746686,76151621,76508355,356734,72761669,356734,72404935,0,0
76538627,416,1,3745895,73786471,76538627,2752156,72792732,2752156,70040576,0,0
76554540,352,1,3745338,73398368,76554540,3156172,72809202,3156172,69653030,0,0
76603394,432,1,3746025,74075743,76603394,2527651,72857369,2527651,70329718,0,0
76613544,390,1,3745678,73488608,76613544,3124936,72867866,3124936,69742930,0,0
76615309,431,1,3746016,74041331,76615309,2573978,72869293,2573978,70295315,0,0
76616313,532,1,3746880,76603394,76616313,12919,72869433,12919,72856514,0,0
76650132,530,1,3746863,76538627,76650132,111505,72903269,111505,72791764,0,0
76679619,516,1,3746740,76310812,76679619,368807,72932879,368807,72564072,0,0
76724867,529,1,3746844,76508355,76724867,216512,72978023,216512,72761511,0,0
76733547,517,1,3746744,76364337,76733547,369210,72986803,369210,72617593,0,0
76738180,523,1,3746785,76420781,76738180,317399,72991395,317399,72673996,0,0
76761301,308,1,3679672,65436849,76761301,11324452,73081629,11324452,61757177,0,0
76807936,534,1,3746901,76615309,76807936,192627,73061035,192627,72868408,0,0
76830355,526,1,3746827,76463006,76830355,367349,73083528,367349,72716179,0,0
76889046,436,1,3746057,74136532,76889046,2752514,73142989,2752514,70390475,0,0
76913101,495,1,3746573,75798037,76913101,1115064,73166528,1115064,72051464,0,0
76918545,418,1,3745914,73802423,76918545,3116122,73172631,3116122,70056509,0,0
76921532,531,1,3746867,76554540,76921532,366992,73174665,366992,72807673,0,0
76970557,535,1,3746903,76616313,76970557,354244,73223654,354244,72869410,0,0
76977051,541,1,3746955,76761301,76977051,215750,73230096,215750,73014346,0,0
77060437,540,1,3746946,76738180,77060437,322257,73313491,322257,72991234,0,0
77097324,539,1,3746938,76733547,77097324,363777,73350386,363777,72986609,0,0
77109532,551,1,3747034,77097324,77109532,12208,73362498,12208,73350290,0,0
77109759,542,1,3746970,76807936,77109759,301823,73362789,301823,73060966,0,0
77112445,332,1,3739856,73398368,77112445,3714077,73372589,3714077,69658512,0,0
77128019,552,1,3747050,77109532,77128019,18487,73380969,18487,73362482,0,0
77149391,447,1,3746144,74519281,77149391,2630110,73403247,2630110,70773137,0,0
77153296,553,1,3747052,77109759,77153296,43537,73406244,43537,73362707,0,0
77168081,556,1,3747066,77149391,77168081,18690,73421015,18690,73402325,0,0
77252162,550,1,3747026,77060437,77252162,191725,73505136,191725,73313411,0,0
77302710,485,1,3746473,75478793,77302710,1823917,73556237,1823917,71732320,0,0
77313010,537,1,3746922,76679619,77313010,633391,73566088,633391,72932697,0,0
77315599,560,1,3747112,77302710,77315599,12889,73568487,12889,73555598,0,0
77330694,561,1,3747175,77313010,77330694,17684,73583519,17684,73565835,0,0
77386648,486,1,3746489,75527730,77386648,1858918,73640159,1858918,71781241,0,0
77400110,473,1,3746339,75152790,77400110,2247320,73653771,2247320,71406451,0,0
77423236,488,1,3746504,75562460,77423236,1860776,73676732,1860776,71815956,0,0
77496335,518,1,3746756,76375516,77496335,1120819,73749579,1120819,72628760,0,0
77500732,548,1,3747002,76970557,77500732,530175,73753730,530175,73223555,0,0
77521810,568,1,3747314,77500732,77521810,21078,73774496,21078,73753418,0,0
77523286,544,1,3746982,76889046,77523286,634240,73776304,634240,73142064,0,0
77538166,527,1,3746837,76464596,77538166,1073570,73791329,1073570,72717759,0,0
77542557,569,1,3747314,77521810,77542557,20747,73795243,20747,73774496,0,0
77602532,565,1,3747310,77400110,77602532,202422,73855222,202422,73652800,0,0
77633918,557,1,3747093,77153296,77633918,480622,73886825,480622,73406203,0,0
77640517,562,1,3747308,77315599,77640517,324918,73893209,324918,73568291,0,0
77678181,481,1,3746422,75303934,77678181,2374247,73931759,2374247,71557512,0,0
77711216,572,1,3754953,77542557,77711216,168659,73956263,168659,73787604,0,0
77724604,575,1,3756158,77640517,77724604,84087,73968446,84087,73884359,0,0
77807635,412,1,3745874,73657464,77807635,4150171,74061761,4150171,69911590,0,0
77837236,538,1,3746934,76724867,77837236,1112369,74090302,1112369,72977933,0,0
77847733,577,1,3756196,77711216,77847733,136517,74091537,136517,73955020,0,0
77885921,396,1,3745737,73520712,77885921,4365209,74140184,4365209,69774975,0,0
77887734,567,1,3747311,77496335,77887734,391399,74140423,391399,73749024,0,0
77887869,582,1,3762668,77885921,77887869,1948,74125201,1948,74123253,0,0
77896596,583,1,3769615,77887734,77896596,8862,74126981,8862,74118119,0,0
77931730,545,1,3746995,76913101,77931730,1018629,74184735,1018629,73166106,0,0
77955937,579,1,3756217,77807635,77955937,148302,74199720,148302,74051418,0,0
77956280,584,1,3769618,77887869,77956280,68411,74186662,68411,74118251,0,0
77975452,508,1,3746679,76146353,77975452,1829099,74228773,1829099,72399674,0,0
78027171,587,1,3769659,77955937,78027171,71234,74257512,71234,74186278,0,0
78091591,574,1,3756157,77633918,78091591,457673,74335434,457673,73877761,0,0
78161960,578,1,3756214,77724604,78161960,437356,74405746,437356,73968390,0,0
78177911,519,1,3746775,76376187,78177911,1801724,74431136,1801724,72629412,0,0
78204443,581,1,3756219,77847733,78204443,356710,74448224,356710,74091514,0,0
78215515,536,1,3746910,76650132,78215515,1565383,74468605,1565383,72903222,0,0
78270274,492,1,3746536,75663788,78270274,2606486,74523738,2606486,71917252,0,0
78553383,546,1,3746998,76918545,78553383,1634838,74806385,1634838,73171547,0,0
78601782,494,1,3746555,75727355,78601782,2874427,74855227,2874427,71980800,0,0
78668498,440,1,3746090,74349060,78668498,4319438,74922408,4319438,70602970,0,0
78685928,503,1,3746629,76030670,78685928,2655258,74939299,2655258,72284041,0,0
78722138,586,1,3769658,77931730,78722138,790408,74952480,790408,74162072,0,0
78750256,588,1,3769662,77956280,78750256,793976,74980594,793976,74186618,0,0
78894925,576,1,3756179,77678181,78894925,1216744,75138746,1216744,73922002,0,0
78920671,512,1,3746704,76236150,78920671,2684521,75173967,2684521,72489446,0,0
78937523,590,1,3769670,78027171,78937523,910352,75167853,910352,74257501,0,0
78963335,333,1,3739943,73398368,78963335,5564967,75223392,5564967,69658425,0,0
79012460,383,1,3745624,73448496,79012460,5563964,75266836,5563964,69702872,0,0
79020916,564,1,3747309,77386648,79020916,1634268,75273607,1634268,73639339,0,0
79026691,460,1,3746251,74734889,79026691,4291802,75280440,4291802,70988638,0,0
79075126,533,1,3746899,76613544,79075126,2461582,75328227,2461582,72866645,0,0
79251921,357,1,3745374,73398368,79251921,5853553,75506547,5853553,69652994,0,0
79299873,549,1,3747023,76977051,79299873,2322822,75552850,2322822,73230028,0,0
79355989,521,1,3746777,76399992,79355989,2955997,75609212,2955997,72653215,0,0
79814568,580,1,3756218,77837236,79814568,1977332,76058350,1977332,74081018,0,0
79860588,566,1,3747311,77423236,79860588,2437352,76113277,2437352,73675925,0,0
79878098,370,1,3745515,73399247,79878098,6478851,76132583,6478851,69653732,0,0
79890716,497,1,3746594,75837593,79890716,4053123,76144122,4053123,72090999,0,0
80081524,450,1,3746173,74580065,80081524,5501459,76335351,5501459,70833892,0,0
80092623,405,1,3745817,73634328,80092623,6458295,76346806,6458295,69888511,0,0
80210287,592,2,3778068,79814568,80210287,395719,76432219,395719,76036500,0,0
80272152,543,1,3746977,76830355,80272152,3441797,76525175,3441797,73083378,0,0
80283842,589,1,3769663,77975452,80283842,2308390,76514179,2308390,74205789,0,0
80449731,585,1,3769636,77896596,80449731,2553135,76680095,2553135,74126960,0,0
80660438,563,1,3747308,77330694,80660438,3329744,76913130,3329744,73583386,0,0
80849139,444,1,3746127,74463876,80849139,6385263,77103012,6385263,70717749,0,0
80971437,522,1,3746783,76412430,80971437,4559007,77224654,4559007,72665647,0,0
81175077,461,1,3746260,74787308,81175077,6387769,77428817,6387769,71041048,0,0
81191554,498,1,3746598,75884635,81191554,5306919,77444956,5306919,72138037,0,0
81278304,468,1,3746306,75042449,81278304,6235855,77531998,6235855,71296143,0,0
81327031,471,1,3746330,75128445,81327031,6198586,77580701,6198586,71382115,0,0
81378470,591,4,3773175,79814568,81378470,1563902,77605295,1563902,76041393,0,0
81472372,462,1,3746261,74803168,81472372,6669204,77726111,6669204,71056907,0,0
82091015,501,1,3746618,75939892,82091015,6151123,78344397,6151123,72193274,0,0
82406460,528,1,3746843,76469087,82406460,5937373,78659617,5937373,72722244,0,0
82475131,554,1,3747063,77112445,82475131,5362686,78728068,5362686,73365382,0,0
82475208,593,4,3778324,81378470,82475208,1096738,78696884,1096738,77600146,0,0
82637353,573,1,3755066,77602532,82637353,5034821,78882287,5034821,73847466,0,0
83182121,547,1,3746999,76921532,83182121,6260589,79435122,6260589,73174533,0,0
83199396,559,1,3747107,77252162,83199396,5947234,79452289,5947234,73505055,0,0
83301192,306,1,3679667,65436849,83301192,17864343,79621525,17864343,61757182,0,0
83336084,558,1,3747098,77168081,83336084,6168003,79588986,6168003,73420983,0,0
83637955,555,1,3747065,77128019,83637955,6509936,79890890,6509936,73380954,0,0
83656653,571,1,3747840,77538166,83656653,6118487,79908813,6118487,73790326,0,0
84482532,570,1,3747524,77523286,84482532,6959246,80735008,6959246,73775762,0,0
85418766,99,1,3376792,3376792,85418766,82041974,82041974,82041974,0,0,0
85419368,603,1,3787055,85418766,85419368,602,81632313,602,81631711,0,0
85420052,597,1,3786814,85418766,85420052,1286,81633238,1286,81631952,0,0
85425899,607,1,3787061,85418766,85425899,7133,81638838,7133,81631705,0,0
85428347,601,1,3787044,85418766,85428347,9581,81641303,9581,81631722,0,0
85430111,604,1,3787055,85418766,85430111,11345,81643056,11345,81631711,0,0
85431414,605,1,3787058,85418766,85431414,12648,81644356,12648,81631708,0,0
85437392,595,1,3784244,85418766,85437392,18626,81653148,18626,81634522,0,0
85440458,602,1,3787054,85418766,85440458,21692,81653404,21692,81631712,0,0
85440947,599,1,3786963,85418766,85440947,22181,81653984,22181,81631803,0,0
85441752,600,1,3787039,85418766,85441752,22986,81654713,22986,81631727,0,0
85482958,598,1,3786922,85418766,85482958,64192,81696036,64192,81631844,0,0
85559870,596,1,3786472,85418766,85559870,141104,81773398,141104,81632294,0,0
85601694,606,1,3787058,85418766,85601694,182928,81814636,182928,81631708,0,0
85711271,594,8,3784160,85418766,85711271,292505,81927111,292505,81634606,0,0
85711939,613,1,3800383,85711271,85711939,668,81911556,668,81910888,0,0
85712258,620,1,3815002,85711271,85712258,987,81897256,987,81896269,0,0
85712279,622,1,3815247,85711271,85712279,1008,81897032,1008,81896024,0,0
85712787,656,1,3902978,85712279,85712787,508,81809809,508,81809301,0,0
85713190,638,1,3842068,85711271,85713190,1919,81871122,1919,81869203,0,0
85713968,621,1,3815068,85711271,85713968,2697,81898900,2697,81896203,0,0
85715492,627,1,3820034,85711271,85715492,4221,81895458,4221,81891237,0,0
85716066,617,1,3814820,85711271,85716066,4795,81901246,4795,81896451,0,0
85716238,650,1,3883556,85711271,85716238,4967,81832682,4967,81827715,0,0
85718964,651,1,3887806,85711271,85718964,7693,81831158,7693,81823465,0,0
85719612,614,1,3802816,85711271,85719612,8341,81916796,8341,81908455,0,0
85721174,649,1,3880144,85711271,85721174,9903,81841030,9903,81831127,0,0
85725501,665,1,3921476,85721174,85725501,4327,81804025,4327,81799698,0,0
85726700,660,1,3909567,85715492,85726700,11208,81817133,11208,81805925,0,0
85727297,658,1,3907083,85713190,85727297,14107,81820214,14107,81806107,0,0
85733566,629,1,3823211,85711271,85733566,22295,81910355,22295,81888060,0,0
85733750,648,1,3874264,85711271,85733750,22479,81859486,22479,81837007,0,0
85739015,657,1,3902981,85712787,85739015,26228,81836034,26228,81809806,0,0
85748364,661,1,3913270,85716066,85748364,32298,81835094,32298,81802796,0,0
85751144,653,1,3889964,85711271,85751144,39873,81861180,39873,81821307,0,0
85751558,655,1,3902974,85712258,85751558,39300,81848584,39300,81809284,0,0
85755349,647,1,3874091,85711271,85755349,44078,81881258,44078,81837180,0,0
85757883,674,1,3931311,85751558,85757883,6325,81826572,6325,81820247,0,0
85760040,676,1,3934794,85757883,85760040,2157,81825246,2157,81823089,0,0
85761565,666,1,3921569,85725501,85761565,36064,81839996,36064,81803932,0,0
85766955,675,1,3931338,85755349,85766955,11606,81835617,11606,81824011,0,0
85776859,679,1,3936744,85766955,85776859,9904,81840115,9904,81830211,0,0
85783312,652,1,3888614,85711271,85783312,72041,81894698,72041,81822657,0,0
85785160,618,1,3814858,85711271,85785160,73889,81970302,73889,81896413,0,0
85794520,619,1,3814979,85711271,85794520,83249,81979541,83249,81896292,0,0
85800064,632,1,3829995,85711271,85800064,88793,81970069,88793,81881276,0,0
85815917,678,1,3936391,85761565,85815917,54352,81879526,54352,81825174,0,0
85819618,662,1,3913630,85716238,85819618,103380,81905988,103380,81802608,0,0
85830182,681,1,3955416,85783312,85830182,46870,81874766,46870,81827896,0,0
85834514,637,1,3833225,85711271,85834514,123243,82001289,123243,81878046,0,0
85836081,685,1,3960546,85815917,85836081,20164,81875535,20164,81855371,0,0
85838749,680,1,3955412,85776859,85838749,61890,81883337,61890,81821447,0,0
85840059,677,1,3935091,85760040,85840059,80019,81904968,80019,81824949,0,0
85858214,610,1,3790016,85711271,85858214,146943,82068198,146943,81921255,0,0
85868210,663,1,3920952,85718964,85868210,149246,81947258,149246,81798012,0,0
85869395,692,1,3960581,85858214,85869395,11181,81908814,11181,81897633,0,0
85869588,682,1,3957014,85785160,85869588,84428,81912574,84428,81828146,0,0
85875347,659,1,3909553,85713968,85875347,161379,81965794,161379,81804415,0,0
85888677,695,1,3960609,85869588,85888677,19089,81928068,19089,81908979,0,0
85899798,697,1,3960616,85888677,85899798,11121,81939182,11121,81928061,0,0
85931621,630,1,3828002,85711271,85931621,220350,82103619,220350,81883269,0,0
85931926,667,1,3922094,85726700,85931926,205226,82009832,205226,81804606,0,0
85945665,609,1,3789053,85711271,85945665,234394,82156612,234394,81922218,0,0
86027524,616,1,3807618,85711271,86027524,316253,82219906,316253,81903653,0,0
86047687,702,1,3960641,86027524,86047687,20163,82087046,20163,82066883,0,0
86056597,683,1,3960060,85794520,86056597,262077,82096537,262077,81834460,0,0
86067832,703,1,3960664,86047687,86067832,20145,82107168,20145,82087023,0,0
86072947,654,1,3889964,85711939,86072947,361008,82182983,361008,81821975,0,0
86092295,664,1,3921076,85719612,86092295,372683,82171219,372683,81798536,0,0
86110405,701,1,3960640,85945665,86110405,164740,82149765,164740,81985025,0,0
86125094,700,1,3960634,85931926,86125094,193168,82164460,193168,81971292,0,0
86129354,708,1,3960736,86110405,86129354,18949,82168618,18949,82149669,0,0
86144423,671,1,3927740,85739015,86144423,405408,82216683,405408,81811275,0,0
86155990,711,1,3960771,86144423,86155990,11567,82195219,11567,82183652,0,0
86172437,625,1,3816384,85711271,86172437,461166,82356053,461166,81894887,0,0
86183487,713,1,3960773,86172437,86183487,11050,82222714,11050,82211664,0,0
86199274,611,4,3790542,85711271,86199274,488003,82408732,488003,81920729,0,0
86212798,669,1,3927598,85733566,86212798,479232,82285200,479232,81805968,0,0
86215265,715,1,3960798,86199274,86215265,15991,82254467,15991,82238476,0,0
86218172,716,1,3960807,86199274,86218172,18898,82257365,18898,82238467,0,0
86227879,672,1,3927747,85748364,86227879,479515,82300132,479515,81820617,0,0
86233463,698,1,3960628,85899798,86233463,333665,82272835,333665,81939170,0,0
86264099,699,1,3960630,85931621,86264099,332478,82303469,332478,81970991,0,0
86274976,646,1,3874036,85711271,86274976,563705,82400940,563705,81837235,0,0
86284923,724,1,3960865,86264099,86284923,20824,82324058,20824,82303234,0,0
86286543,693,1,3960585,85868210,86286543,418333,82325958,418333,81907625,0,0
86290919,725,1,3960867,86274976,86290919,15943,82330052,15943,82314109,0,0
86376549,719,1,3960827,86212798,86376549,163751,82415722,163751,82251971,0,0
86384906,686,1,3960546,85819618,86384906,565288,82424360,565288,81859072,0,0
86392156,722,1,3960841,86227879,86392156,164277,82431315,164277,82267038,0,0
86400826,709,1,3960743,86125094,86400826,275732,82440083,275732,82164351,0,0
86409747,691,1,3960580,85840059,86409747,569688,82449167,569688,81879479,0,0
86419252,721,1,3960838,86218172,86419252,201080,82458414,201080,82257334,0,0
86456007,726,1,3960873,86284923,86456007,171084,82495134,171084,82324050,0,0
86462718,645,1,3874024,85711271,86462718,751447,82588694,751447,81837247,0,0
86471512,628,1,3823198,85711271,86471512,760241,82648314,760241,81888073,0,0
86482737,736,1,3960939,86462718,86482737,20019,82521798,20019,82501779,0,0
86547402,729,1,3960899,86376549,86547402,170853,82586503,170853,82415650,0,0
86564262,732,1,3960919,86400826,86564262,163436,82603343,163436,82439907,0,0
86572028,712,1,3960771,86155990,86572028,416038,82611257,416038,82195219,0,0
86583530,741,1,3961000,86572028,86583530,11502,82622530,11502,82611028,0,0
86601258,733,1,3960920,86409747,86601258,191511,82640338,191511,82448827,0,0
86610194,615,1,3806182,85711271,86610194,898923,82804012,898923,81905089,0,0
86613483,644,1,3873972,85711271,86613483,902212,82739511,902212,81837299,0,0
86627278,718,1,3960819,86199274,86627278,428004,82666459,428004,82238455,0,0
86662173,723,1,3960860,86233463,86662173,428710,82701313,428710,82272603,0,0
86692736,734,1,3960923,86419252,86692736,273484,82731813,273484,82458329,0,0
86721764,746,1,3961066,86627278,86721764,94486,82760698,94486,82666212,0,0
86730658,730,1,3960904,86384906,86730658,345752,82769754,345752,82424002,0,0
86735096,740,1,3960994,86564262,86735096,170834,82774102,170834,82603268,0,0
86738366,749,1,3961082,86721764,86738366,16602,82777284,16602,82760682,0,0
86755941,738,1,3960950,86482737,86755941,273204,82794991,273204,82521787,0,0
86772470,324,1,3726225,73398368,86772470,13374102,83046245,13374102,69672143,0,0
86780519,720,1,3960836,86215265,86780519,565254,82819683,565254,82254429,0,0
86786630,735,1,3960931,86456007,86786630,330623,82825699,330623,82495076,0,0
86797312,756,1,3961141,86786630,86797312,10682,82836171,10682,82825489,0,0
86800373,755,1,3961141,86780519,86800373,19854,82839232,19854,82819378,0,0
86816569,737,1,3960949,86471512,86816569,345057,82855620,345057,82510563,0,0
86817083,757,1,3961154,86797312,86817083,19771,82855929,19771,82836158,0,0
86836152,759,1,3961161,86816569,86836152,19583,82874991,19583,82855408,0,0
86862754,739,1,3960968,86547402,86862754,315352,82901786,315352,82586434,0,0
86892608,761,1,3961182,86836152,86892608,56456,82931426,56456,82874970,0,0
86932274,694,1,3960605,85869395,86932274,1062879,82971669,1062879,81908790,0,0
86943895,753,1,3961113,86755941,86943895,187954,82982782,187954,82794828,0,0
86959806,636,1,3833006,85711271,86959806,1248535,83126800,1248535,81878265,0,0
87018608,766,1,3961223,86959806,87018608,58802,83057385,58802,82998583,0,0
87080288,752,1,3961108,86738366,87080288,341922,83119180,341922,82777258,0,0
87128591,705,1,3960677,86067832,87128591,1060759,83167914,1060759,82107155,0,0
87136442,768,1,3961273,87080288,87136442,56154,83175169,56154,83119015,0,0
87192999,714,1,3960798,86183487,87192999,1009512,83232201,1009512,82222689,0,0
87249255,771,1,3961307,87192999,87249255,56256,83287948,56256,83231692,0,0
87294208,727,1,3960881,86286543,87294208,1007665,83333327,1007665,82325662,0,0
87310276,689,1,3960557,85836081,87310276,1474195,83349719,1474195,81875524,0,0
87311144,690,1,3960562,85838749,87311144,1472395,83350582,1472395,81878187,0,0
87316064,763,1,3961202,86892608,87316064,423456,83354862,423456,82931406,0,0
87330898,775,1,3961331,87311144,87330898,19754,83369567,19754,83349813,0,0
87352184,777,1,3961377,87330898,87352184,21286,83390807,21286,83369521,0,0
87366222,774,1,3961320,87310276,87366222,55946,83404902,55946,83348956,0,0
87381627,631,1,3828327,85711271,87381627,1670356,83553300,1670356,81882944,0,0
87527105,779,1,3961399,87366222,87527105,160883,83565706,160883,83404823,0,0
87529075,765,1,3961223,86943895,87529075,585180,83567852,585180,82982672,0,0
87544574,782,1,3961421,87529075,87544574,15499,83583153,15499,83567654,0,0
87563022,707,1,3960727,86092295,87563022,1470727,83602295,1470727,82131568,0,0
87585232,781,1,3961409,87527105,87585232,58127,83623823,58127,83565696,0,0
87594637,710,1,3960755,86129354,87594637,1465283,83633882,1465283,82168599,0,0
87600002,783,1,3961428,87544574,87600002,55428,83638574,55428,83583146,0,0
87621336,787,1,3961469,87600002,87621336,21334,83659867,21334,83638533,0,0
87661088,717,1,3960809,86199274,87661088,1461814,83700279,1461814,82238465,0,0
87661566,780,1,3961402,87381627,87661566,279939,83700164,279939,83420225,0,0
87717971,788,1,3961483,87621336,87717971,96635,83756488,96635,83659853,0,0
87843888,626,1,3819993,85711271,87843888,2132617,84023895,2132617,81891278,0,0
87873402,776,1,3961356,87316064,87873402,557338,83912046,557338,83354708,0,0
87974436,764,1,3961210,86932274,87974436,1042162,84013226,1042162,82971064,0,0
87989270,790,1,3961484,87661566,87989270,327704,84027786,327704,83700082,0,0
87992950,794,1,3961517,87974436,87992950,18514,84031433,18514,84012919,0,0
88020418,786,1,3961457,87594637,88020418,425781,84058961,425781,83633180,0,0
88041956,688,1,3960553,85834514,88041956,2207442,84081403,2207442,81873961,0,0
88172032,770,1,3961291,87136442,88172032,1035590,84210741,1035590,83175151,0,0
88185290,793,1,3961504,87873402,88185290,311888,84223786,311888,83911898,0,0
88200569,742,1,3961024,86583530,88200569,1617039,84239545,1617039,82622506,0,0
88272887,706,1,3960680,86072947,88272887,2199940,84312207,2199940,82112267,0,0
88286880,773,1,3961318,87294208,88286880,992672,84325562,992672,83332890,0,0
88304704,796,1,3961526,87992950,88304704,311754,84343178,311754,84031424,0,0
88331808,684,1,3960355,85800064,88331808,2531744,84371453,2531744,81839709,0,0
88332306,797,1,3961527,88020418,88332306,311888,84370779,311888,84058891,0,0
88362842,800,1,3961571,88185290,88362842,177552,84401271,177552,84223719,0,0
88380124,754,1,3961119,86772470,88380124,1607654,84419005,1607654,82811351,0,0
88395726,808,1,3961643,88380124,88395726,15602,84434083,15602,84418481,0,0
88411316,809,1,3961655,88395726,88411316,15590,84449661,15590,84434071,0,0
88416525,687,1,3960550,85830182,88416525,2586343,84455975,2586343,81869632,0,0
88431700,810,1,3961657,88411316,88431700,20384,84470043,20384,84449659,0,0
88452891,812,1,3961692,88431700,88452891,21191,84491199,21191,84470008,0,0
88524542,801,1,3961574,88200569,88524542,323973,84562968,323973,84238995,0,0
88587702,798,1,3961544,88041956,88587702,545746,84626158,545746,84080412,0,0
88652897,805,1,3961612,88331808,88652897,321089,84691285,321089,84370196,0,0
88671254,816,1,3961762,88652897,88671254,18357,84709492,18357,84691135,0,0
88681789,731,1,3960909,86392156,88681789,2289633,84720880,2289633,82431247,0,0
88683157,807,1,3961638,88362842,88683157,320315,84721519,320315,84401204,0,0
88734436,769,1,3961273,87128591,88734436,1605845,84773163,1605845,83167318,0,0
88778495,743,1,3961039,86601258,88778495,2177237,84817456,2177237,82640219,0,0
88788747,744,1,3961053,86610194,88788747,2178553,84827694,2178553,82649141,0,0
88840861,792,1,3961499,87843888,88840861,996973,84879362,996973,83882389,0,0
88846692,772,1,3961312,87249255,88846692,1597437,84885380,1597437,83287943,0,0
88856674,804,1,3961609,88304704,88856674,551970,84895065,551970,84343095,0,0
88857178,819,1,3961778,88683157,88857178,174021,84895400,174021,84721379,0,0
88875881,826,1,3961845,88857178,88875881,18703,84914036,18703,84895333,0,0
88896768,815,1,3961725,88587702,88896768,309066,84935043,309066,84625977,0,0
88940548,814,1,3961723,88524542,88940548,416006,84978825,416006,84562819,0,0
88972126,827,1,3961858,88875881,88972126,96245,85010268,96245,84914023,0,0
89064232,822,1,3961813,88788747,89064232,275485,85102419,275485,84826934,0,0
89103318,751,1,3961091,86735096,89103318,2368222,85142227,2368222,82774005,0,0
89148489,825,1,3961834,88856674,89148489,291815,85186655,291815,84894840,0,0
89202233,750,1,3961082,86730658,89202233,2471575,85241151,2471575,82769576,0,0
89223206,643,1,3846746,85711271,89223206,3511935,85376460,3511935,81864525,0,0
89257938,789,1,3961483,87661088,89257938,1596850,85296455,1596850,83699605,0,0
89276650,15,1,1559948,1559948,89276650,87716702,87716702,87716702,0,0,0
89283230,820,1,3961796,88734436,89283230,548794,85321434,548794,84772640,0,0
89287321,837,1,3961937,89276650,89287321,10671,85325384,10671,85314713,0,0
89291896,830,1,3961878,88972126,89291896,319770,85330018,319770,85010248,0,0
89312866,791,1,3961490,87717971,89312866,1594895,85351376,1594895,83756481,0,0
89340139,821,1,3961810,88778495,89340139,561644,85378329,561644,84816685,0,0
89343848,747,1,3961070,86662173,89343848,2681675,85382778,2681675,82701103,0,0
89372494,831,1,3961880,89064232,89372494,308262,85410614,308262,85102352,0,0
89392358,811,1,3961691,88416525,89392358,975833,85430667,975833,84454834,0,0
89471348,828,1,3961863,88896768,89471348,574580,85509485,574580,84934905,0,0
89494056,767,1,3961236,87018608,89494056,2475448,85532820,2475448,83057372,0,0
89500121,696,1,3960615,85875347,89500121,3624774,85539506,3624774,81914732,0,0
89524957,832,1,3961887,89103318,89524957,421639,85563070,421639,85141431,0,0
89616184,834,1,3961916,89202233,89616184,413951,85654268,413951,85240317,0,0
89656862,835,1,3961920,89223206,89656862,433656,85694942,433656,85261286,0,0
89660682,838,1,3961953,89283230,89660682,377452,85698729,377452,85321277,0,0
89670764,847,1,3962025,89494056,89670764,176708,85708739,176708,85532031,0,0
89715152,803,1,3961596,88286880,89715152,1428272,85753556,1428272,84325284,0,0
89771313,850,1,3962053,89616184,89771313,155129,85809260,155129,85654131,0,0
89814170,845,1,3962022,89392358,89814170,421812,85852148,421812,85430336,0,0
89826151,851,1,3962055,89656862,89826151,169289,85864096,169289,85694807,0,0
89832995,856,1,3962099,89814170,89832995,18825,85870896,18825,85852071,0,0
89843740,823,1,3961816,88840861,89843740,1002879,85881924,1002879,84879045,0,0
89862600,802,1,3961590,88272887,89862600,1589713,85901010,1589713,84311297,0,0
89873741,839,1,3961958,89287321,89873741,586420,85911783,586420,85325363,0,0
89889156,854,1,3962090,89715152,89889156,174004,85927066,174004,85753062,0,0
89889826,861,1,3962196,89873741,89889826,16085,85927630,16085,85911545,0,0
89891827,778,1,3961394,87352184,89891827,2539643,85930433,2539643,83390790,0,0
89914828,860,1,3962151,89862600,89914828,52228,85952677,52228,85900449,0,0
89950846,855,1,3962099,89771313,89950846,179533,85988747,179533,85809214,0,0
90027015,846,1,3962023,89471348,90027015,555667,86064992,555667,85509325,0,0
90056572,852,1,3962075,89660682,90056572,395890,86094497,395890,85698607,0,0
90071915,848,1,3962030,89500121,90071915,571794,86109885,571794,85538091,0,0
90074515,868,1,3962253,90056572,90074515,17943,86112262,17943,86094319,0,0
90075372,784,1,3961439,87563022,90075372,2512350,86113933,2512350,83601583,0,0
90089379,849,1,3962047,89524957,90089379,564422,86127332,564422,85562910,0,0
90101763,818,1,3961771,88681789,90101763,1419974,86139992,1419974,84720018,0,0
90129052,871,1,3962280,90075372,90129052,53680,86166772,53680,86113092,0,0
90131940,866,1,3962220,89950846,90131940,181094,86169720,181094,85988626,0,0
90152002,859,1,3962144,89843740,90152002,308262,86189858,308262,85881596,0,0
90152729,875,1,3962325,90131940,90152729,20789,86190404,20789,86169615,0,0
90185416,874,1,3962325,90129052,90185416,56364,86223091,56364,86166727,0,0
90235076,858,1,3962124,89832995,90235076,402081,86272952,402081,85870871,0,0
90240368,878,1,3962377,90185416,90240368,54952,86277991,54952,86223039,0,0
90250846,880,1,3962390,90240368,90250846,10478,86288456,10478,86277978,0,0
90290894,842,1,3961992,89340139,90290894,950755,86328902,950755,85378147,0,0
90362915,857,1,3962122,89826151,90362915,536764,86400793,536764,85864029,0,0
90432487,863,1,3962197,89889826,90432487,542661,86470290,542661,85927629,0,0
90503278,872,1,3962289,90089379,90503278,413899,86540989,413899,86127090,0,0
90508888,795,1,3961526,87989270,90508888,2519618,86547362,2519618,84027744,0,0
90514299,885,1,3962428,90503278,90514299,11021,86551871,11021,86540850,0,0
90525200,887,1,3962450,90514299,90525200,10901,86562750,10901,86551849,0,0
90542890,883,1,3962423,90362915,90542890,179975,86580467,179975,86400492,0,0
90568887,881,1,3962399,90250846,90568887,318041,86606488,318041,86288447,0,0
90620234,870,1,3962266,90074515,90620234,545719,86657968,545719,86112249,0,0
90637492,634,1,3831777,85711271,90637492,4926221,86805715,4926221,81879494,0,0
90638827,879,1,3962384,90235076,90638827,403751,86676443,403751,86272692,0,0
90671254,876,1,3962325,90152002,90671254,519252,86708929,519252,86189677,0,0
90676711,891,1,3962480,90620234,90676711,56477,86714231,56477,86657754,0,0
90691007,894,1,3962505,90671254,90691007,19753,86728502,19753,86708749,0,0
90692644,893,1,3962505,90638827,90692644,53817,86730139,53817,86676322,0,0
90693660,799,1,3961550,88172032,90693660,2521628,86732110,2521628,84210482,0,0
90698010,884,1,3962427,90432487,90698010,265523,86735583,265523,86470060,0,0
90752503,890,1,3962465,90568887,90752503,183616,86790038,183616,86606422,0,0
90811428,886,1,3962436,90508888,90811428,302540,86848992,302540,86546452,0,0
90846048,806,1,3961614,88332306,90846048,2513742,86884434,2513742,84370692,0,0
90859952,841,1,3961981,89312866,90859952,1547086,86897971,1547086,85350885,0,0
90953319,896,1,3962538,90691007,90953319,262312,86990781,262312,86728469,0,0
90961221,813,1,3961718,88452891,90961221,2508330,86999503,2508330,84491173,0,0
90993426,898,1,3962564,90693660,90993426,299766,87030862,299766,86731096,0,0
90996332,897,1,3962562,90692644,90996332,303688,87033770,303688,86730082,0,0
91020550,903,1,3962642,90859952,91020550,160598,87057908,160598,86897310,0,0
91049927,905,1,3962691,90961221,91049927,88706,87087236,88706,86998530,0,0
91056982,895,1,3962536,90676711,91056982,380271,87094446,380271,86714175,0,0
91067702,909,1,3962803,91049927,91067702,17775,87104899,17775,87087124,0,0
91090675,899,1,3962565,90698010,91090675,392665,87128110,392665,86735445,0,0
91108744,912,1,3962841,91090675,91108744,18069,87145903,18069,87127834,0,0
91218483,911,1,3962837,91067702,91218483,150781,87255646,150781,87104865,0,0
91257800,864,1,3962200,89891827,91257800,1365973,87295600,1365973,85929627,0,0
91275457,817,1,3961771,88671254,91275457,2604203,87313686,2604203,84709483,0,0
91286172,728,1,3960899,86290919,91286172,4995253,87325273,4995253,82330020,0,0
91412261,902,1,3962591,90846048,91412261,566213,87449670,566213,86883457,0,0
91435115,829,1,3961866,88940548,91435115,2494567,87473249,2494567,84978682,0,0
91535650,760,1,3961180,86817083,91535650,4718567,87574470,4718567,82855903,0,0
91545577,869,1,3962260,90071915,91545577,1473662,87583317,1473662,86109655,0,0
91562556,888,1,3962450,90525200,91562556,1037356,87600106,1037356,86562750,0,0
91572344,910,1,3962830,91056982,91572344,515362,87609514,515362,87094152,0,0
91594367,762,1,3961187,86862754,91594367,4731613,87633180,4731613,82901567,0,0
91597223,867,1,3962222,90027015,91597223,1570208,87635001,1570208,86064793,0,0
91603386,840,1,3961969,89291896,91603386,2311490,87641417,2311490,85329927,0,0
91634710,844,1,3962002,89372494,91634710,2262216,87672708,2262216,85410492,0,0
91660607,748,1,3961071,86692736,91660607,4967871,87699536,4967871,82731665,0,0
91756202,758,1,3961161,86800373,91756202,4955829,87795041,4955829,82839212,0,0
91826492,882,1,3962406,90290894,91826492,1535598,87864086,1535598,86328488,0,0
91902220,704,1,3960669,86056597,91902220,5845623,87941551,5845623,82095928,0,0
91905709,904,1,3962658,90953319,91905709,952390,87943051,952390,86990661,0,0
91971288,906,1,3962692,90993426,91971288,977862,88008596,977862,87030734,0,0
92092321,862,1,3962197,89889156,92092321,2203165,88130124,2203165,85926959,0,0
92140737,745,1,3961056,86613483,92140737,5527254,88179681,5527254,82652427,0,0
92339449,901,1,3962586,90811428,92339449,1528021,88376863,1528021,86848842,0,0
92362200,908,1,3962748,91020550,92362200,1341650,88399452,1341650,87057802,0,0
92403509,26,1,2113144,2113144,92403509,90290365,90290365,90290365,0,0,0
92413439,877,1,3962331,90152729,92413439,2260710,88451108,2260710,86190398,0,0
92505423,865,1,3962202,89914828,92505423,2590595,88543221,2590595,85952626,0,0
92529477,633,1,3831552,85711271,92529477,6818206,88697925,6818206,81879719,0,0
92717034,889,1,3962457,90542890,92717034,2174144,88754577,2174144,86580433,0,0
92819434,843,1,3961996,89343848,92819434,3475586,88857438,3475586,85381852,0,0
92902143,836,1,3961935,89257938,92902143,3644205,88940208,3644205,85296003,0,0
92978955,785,1,3961453,87585232,92978955,5393723,89017502,5393723,83623779,0,0
93082963,892,1,3962498,90637492,93082963,2445471,89120465,2445471,86674994,0,0
93221509,317,4,3710144,68805801,93221509,24415708,89511365,24415708,65095657,0,0
93437336,873,1,3962292,90101763,93437336,3335573,89475044,3335573,86139471,0,0
93804292,913,8,3963501,93221509,93804292,582783,89840791,582783,89258008,0,0
94297685,907,1,3962699,90996332,94297685,3301353,90334986,3301353,87033633,0,0
94435924,853,1,3962087,89670764,94435924,4765160,90473837,4765160,85708677,0,0
94468537,824,1,3961825,88846692,94468537,5621845,90506712,5621845,84884867,0,0
94535192,833,1,3961899,89148489,94535192,5386703,90573293,5386703,85186590,0,0
95055041,329,1,3739720,73398368,95055041,21656673,91315321,21656673,69658648,0,0
95874459,914,8,3963533,93804292,95874459,2070167,91910926,2070167,89840759,0,0
96014366,900,1,3962569,90752503,96014366,5261863,92051797,5261863,86789934,0,0
96795185,189,4,3630251,50277273,96795185,46517912,93164934,46517912,46647022,0,0
96845584,916,8,3963547,96795185,96845584,50399,92882037,50399,92831638,0,0
96849124,918,1,3966753,96845584,96849124,3540,92882371,3540,92878831,0,0
96991715,917,8,3963785,96845584,96991715,146131,93027930,146131,92881799,0,0
96992471,927,1,3980158,96991715,96992471,756,93012313,756,93011557,0,0
96992474,928,1,3980189,96991715,96992474,759,93012285,759,93011526,0,0
96992640,931,1,3980534,96991715,96992640,925,93012106,925,93011181,0,0
97018947,933,1,3980571,96991715,97018947,27232,93038376,27232,93011144,0,0
97020068,932,1,3980571,96991715,97020068,28353,93039497,28353,93011144,0,0
97021442,924,1,3976568,96991715,97021442,29727,93044874,29727,93015147,0,0
97023650,926,1,3977569,96991715,97023650,31935,93046081,31935,93014146,0,0
97028437,925,1,3977543,96991715,97028437,36722,93050894,36722,93014172,0,0
97147354,934,1,3980576,96991715,97147354,155639,93166778,155639,93011139,0,0
97201164,923,1,3976538,96991715,97201164,209449,93224626,209449,93015177,0,0
97216328,930,1,3980499,96991715,97216328,224613,93235829,224613,93011216,0,0
97534732,82,1,3129852,3129852,97534732,94404880,94404880,94404880,0,0,0
97841930,919,4,3968653,96991715,97841930,850215,93873277,850215,93023062,0,0
97856683,936,1,3981118,97841930,97856683,14753,93875565,14753,93860812,0,0
97886865,938,1,3986190,97841930,97886865,44935,93900675,44935,93855740,0,0
97918042,942,1,3997088,97841930,97918042,76112,93920954,76112,93844842,0,0
97927743,940,1,3987637,97841930,97927743,85813,93940106,85813,93854293,0,0
97936778,944,1,3997209,97841930,97936778,94848,93939569,94848,93844721,0,0
97972353,935,4,3980652,97841930,97972353,130423,93991701,130423,93861278,0,0
98000687,943,1,3997158,97841930,98000687,158757,94003529,158757,93844772,0,0
98098778,939,1,3986343,97841930,98098778,256848,94112435,256848,93855587,0,0
98213486,937,1,3985686,97841930,98213486,371556,94227800,371556,93856244,0,0
98316506,330,1,3739756,73398368,98316506,24918138,94576750,24918138,69658612,0,0
99546568,19,1,2026073,2026073,99546568,97520495,97520495,97520495,0,0,0
100099068,673,1,3927772,85751144,100099068,14347924,96171296,14347924,81823372,0,0
100853879,612,1,3790927,85711271,100853879,15142608,97062952,15142608,81920344,0,0
101278334,945,1,3997223,97841930,101278334,3436404,97281111,3436404,93844707,0,0
102850745,915,8,3963544,95874459,102850745,6976286,98887201,6976286,91910915,0,0
102940242,950,1,3998041,102850745,102940242,89497,98942201,89497,98852704,0,0
102991807,947,8,3997335,102850745,102991807,141062,98994472,141062,98853410,0,0
103079890,951,1,3998093,102850745,103079890,229145,99081797,229145,98852652,0,0
103329080,949,1,3998040,102850745,103329080,478335,99331040,478335,98852705,0,0
103336934,954,1,3999450,102991807,103336934,345127,99337484,345127,98992357,0,0
103528939,952,8,3998825,102991807,103528939,537132,99530114,537132,98992982,0,0
104659449,639,1,3846677,85711271,104659449,18948178,100812772,18948178,81864594,0,0
104939661,920,1,3968929,96991715,104939661,7947946,100970732,7947946,93022786,0,0
105480717,640,1,3846717,85711271,105480717,19769446,101634000,19769446,81864554,0,0
105687929,77,1,3086292,3086292,105687929,102601637,102601637,102601637,0,0,0
106080909,94,1,3360689,3360689,106080909,102720220,102720220,102720220,0,0,0
106082146,962,1,4030780,106080909,106082146,1237,102051366,1237,102050129,0,0
106082647,966,1,4031617,106080909,106082647,1738,102051030,1738,102049292,0,0
106087358,982,1,4062524,106080909,106087358,6449,102024834,6449,102018385,0,0
106088601,973,1,4062418,106080909,106088601,7692,102026183,7692,102018491,0,0
106089017,981,1,4062496,106080909,106089017,8108,102026521,8108,102018413,0,0
106089226,977,1,4062463,106080909,106089226,8317,102026763,8317,102018446,0,0
106091234,961,1,4030755,106080909,106091234,10325,102060479,10325,102050154,0,0
106091393,965,1,4030891,106080909,106091393,10484,102060502,10484,102050018,0,0
106101743,960,1,4030723,106080909,106101743,20834,102071020,20834,102050186,0,0
106102990,956,8,3999595,106080909,106102990,22081,102103395,22081,102081314,0,0
106110903,996,1,4062807,106102990,106110903,7913,102048096,7913,102040183,0,0
106118333,969,1,4062358,106080909,106118333,37424,102055975,37424,102018551,0,0
106119250,978,1,4062475,106080909,106119250,38341,102056775,38341,102018434,0,0
106123545,1006,1,4063022,106119250,106123545,4295,102060523,4295,102056228,0,0
106125235,989,1,4062634,106087358,106125235,37877,102062601,37877,102024724,0,0
106125445,999,1,4062845,106102990,106125445,22455,102062600,22455,102040145,0,0
106148225,988,1,4062630,106082647,106148225,65578,102085595,65578,102020017,0,0
106158872,974,1,4062435,106080909,106158872,77963,102096437,77963,102018474,0,0
106159212,970,1,4062374,106080909,106159212,78303,102096838,78303,102018535,0,0
106163141,1011,1,4063079,106158872,106163141,4269,102100062,4269,102095793,0,0
106170182,1010,1,4063066,106148225,106170182,21957,102107116,21957,102085159,0,0
106173586,995,1,4062771,106101743,106173586,71843,102110815,71843,102038972,0,0
106191488,964,1,4030872,106080909,106191488,110579,102160616,110579,102050037,0,0
106192087,975,1,4062437,106080909,106192087,111178,102129650,111178,102018472,0,0
106209551,979,1,4062490,106080909,106209551,128642,102147061,128642,102018419,0,0
106211959,983,1,4062551,106080909,106211959,131050,102149408,131050,102018358,0,0
106251009,959,1,4009826,106080909,106251009,170100,102241183,170100,102071083,0,0
106251857,1007,1,4063032,106123545,106251857,128312,102188825,128312,102060513,0,0
106253949,992,1,4062748,106089226,106253949,164723,102191201,164723,102026478,0,0
106254094,980,1,4062492,106080909,106254094,173185,102191602,173185,102018417,0,0
106259473,990,1,4062648,106088601,106259473,170872,102196825,170872,102025953,0,0
106261711,1015,1,4063096,106253949,106261711,7762,102198615,7762,102190853,0,0
106270256,1014,2,4063087,106253949,106270256,16307,102207169,16307,102190862,0,0
106271062,1001,1,4062849,106102990,106271062,168072,102208213,168072,102040141,0,0
106271242,1000,1,4062849,106102990,106271242,168252,102208393,168252,102040141,0,0
106300567,967,1,4031841,106080909,106300567,219658,102268726,219658,102049068,0,0
106323808,1003,1,4062955,106102990,106323808,220818,102260853,220818,102040035,0,0
106330941,997,1,4062826,106102990,106330941,227951,102268115,227951,102040164,0,0
106345312,1013,2,4063082,106192087,106345312,153225,102282230,153225,102129005,0,0
106346373,1017,2,4063102,106271242,106346373,75131,102283271,75131,102208140,0,0
106366055,963,1,4030861,106080909,106366055,285146,102335194,285146,102050048,0,0
106398904,1016,2,4063098,106270256,106398904,128648,102335806,128648,102207158,0,0
106406147,1026,1,4063184,106398904,106406147,7243,102342963,7243,102335720,0,0
106433148,1018,1,4063109,106271242,106433148,161906,102370039,161906,102208133,0,0
106458254,1022,2,4063151,106346373,106458254,111881,102395103,111881,102283222,0,0
106489487,976,1,4062444,106080909,106489487,408578,102427043,408578,102018465,0,0
106490544,993,1,4062754,106091234,106490544,399310,102427790,399310,102028480,0,0
106502996,958,1,4004715,106080909,106502996,422087,102498281,422087,102076194,0,0
106515426,1009,1,4063065,106125445,106515426,389981,102452361,389981,102062380,0,0
106524991,624,1,3815608,85711271,106524991,20813720,102709383,20813720,81895663,0,0
106563301,1023,1,4063165,106346373,106563301,216928,102500136,216928,102283208,0,0
106568243,1024,1,4063167,106346373,106568243,221870,102505076,221870,102283206,0,0
106666890,984,1,4062582,106080909,106666890,585981,102604308,585981,102018327,0,0
106671087,1037,1,4063276,106666890,106671087,4197,102607811,4197,102603614,0,0
106672996,1034,1,4063230,106666890,106672996,6106,102609766,6106,102603660,0,0
106674788,1039,1,4063295,106666890,106674788,7898,102611493,7898,102603595,0,0
106681910,1044,1,4063396,106674788,106681910,7122,102618514,7122,102611392,0,0
106688425,1040,1,4063330,106666890,106688425,21535,102625095,21535,102603560,0,0
106733332,987,1,4062626,106082146,106733332,651186,102670706,651186,102019520,0,0
106733757,985,1,4062586,106080909,106733757,652848,102671171,652848,102018323,0,0
106737908,1048,1,4063426,106733757,106737908,4151,102674482,4151,102670331,0,0
106739434,1029,1,4063200,106666890,106739434,72544,102676234,72544,102603690,0,0
106746110,998,1,4062828,106102990,106746110,643120,102683282,643120,102040162,0,0
106771507,1031,1,4063212,106666890,106771507,104617,102708295,104617,102603678,0,0
106786461,1036,1,4063261,106666890,106786461,119571,102723200,119571,102603629,0,0
106792365,1041,1,4063345,106666890,106792365,125475,102729020,125475,102603545,0,0
106794172,1053,1,4063591,106786461,106794172,7711,102730581,7711,102722870,0,0
106807342,623,1,3815527,85711271,106807342,21096071,102991815,21096071,81895744,0,0
106830209,1035,1,4063246,106666890,106830209,163319,102766963,163319,102603644,0,0
106842075,1050,1,4063445,106739434,106842075,102641,102778630,102641,102675989,0,0
106844677,1046,1,4063414,106688425,106844677,156252,102781263,156252,102625011,0,0
106883122,1032,1,4063213,106666890,106883122,216232,102819909,216232,102603677,0,0
106906783,1051,1,4063459,106746110,106906783,160673,102843324,160673,102682651,0,0
106952757,1057,1,4063622,106830209,106952757,122548,102889135,122548,102766587,0,0
106959213,986,1,4062608,106080909,106959213,878304,102896605,878304,102018301,0,0
106962516,1059,1,4063637,106844677,106962516,117839,102898879,117839,102781040,0,0
106970085,921,2,3973578,96991715,106970085,9978370,102996507,9978370,93018137,0,0
106975844,1065,1,4063948,106970085,106975844,5759,102911896,5759,102906137,0,0
106977820,1061,1,4063641,106906783,106977820,71037,102914179,71037,102843142,0,0
106981606,1067,1,4063969,106975844,106981606,5762,102917637,5762,102911875,0,0
106982150,1052,1,4063582,106771507,106982150,210643,102918568,210643,102707925,0,0
106985300,1068,1,4063971,106977820,106985300,7480,102921329,7480,102913849,0,0
106987350,1069,1,4063971,106981606,106987350,5744,102923379,5744,102917635,0,0
107048107,1004,1,4062976,106110903,107048107,937204,102985131,937204,102047927,0,0
107049984,1070,1,4064003,106982150,107049984,67834,102985981,67834,102918147,0,0
107053616,972,1,4062379,106080909,107053616,972707,102991237,972707,102018530,0,0
107134899,968,1,4062357,106080909,107134899,1053990,103072542,1053990,102018552,0,0
107265375,1021,1,4063146,106345312,107265375,920063,103202229,920063,102282166,0,0
107342658,1056,1,4063608,106807342,107342658,535316,103279050,535316,102743734,0,0
107517261,1008,1,4063064,106125235,107517261,1392026,103454197,1392026,102062171,0,0
107518394,991,1,4062716,106089017,107518394,1429377,103455678,1429377,102026301,0,0
107546164,1012,1,4063081,106159212,107546164,1386952,103483083,1386952,102096131,0,0
107549761,1064,1,4063930,106962516,107549761,587245,103485831,587245,102898586,0,0
107552381,1049,1,4063430,106737908,107552381,814473,103488951,814473,102674478,0,0
107556695,1066,1,4063948,106970085,107556695,586610,103492747,586610,102906137,0,0
107565736,957,1,4003381,106080909,107565736,1484827,103562355,1484827,102077528,0,0
107580928,1030,1,4063202,106666890,107580928,914038,103517726,914038,102603688,0,0
107584231,1055,1,4063607,106794172,107584231,790059,103520624,790059,102730565,0,0
107794393,1058,1,4063637,106842075,107794393,952318,103730756,952318,102778438,0,0
107856365,1062,1,4063859,106952757,107856365,903608,103792506,903608,102888898,0,0
107874604,1071,1,4064340,106985300,107874604,889304,103810264,889304,102920960,0,0
107947036,1002,1,4062889,106102990,107947036,1844046,103884147,1844046,102040101,0,0
107975425,1005,1,4062995,106118333,107975425,1857092,103912430,1857092,102055338,0,0
107985902,994,1,4062762,106091393,107985902,1894509,103923140,1894509,102028631,0,0
108027888,971,1,4062375,106080909,108027888,1946979,103965513,1946979,102018534,0,0
108043695,1033,1,4063214,106666890,108043695,1376805,103980481,1376805,102603676,0,0
108235712,929,4,3980461,96991715,108235712,11243997,104255251,11243997,93011254,0,0
108293655,1072,8,4068815,108235712,108293655,57943,104224840,57943,104166897,0,0
108317529,1078,1,4093922,108293655,108317529,23874,104223607,23874,104199733,0,0
108334529,1079,1,4093941,108293655,108334529,40874,104240588,40874,104199714,0,0
108337021,1084,1,4094054,108293655,108337021,43366,104242967,43366,104199601,0,0
108338609,1081,1,4093947,108293655,108338609,44954,104244662,44954,104199708,0,0
108348929,955,8,3999587,103528939,108348929,4819990,104349342,4819990,99529352,0,0
108349592,1097,1,4172200,108348929,108349592,663,104177392,663,104176729,0,0
108349908,1098,1,4172202,108348929,108349908,979,104177706,979,104176727,0,0
108350764,1091,1,4171913,108348929,108350764,1835,104178851,1835,104177016,0,0
108352343,1096,1,4172174,108348929,108352343,3414,104180169,3414,104176755,0,0
108352411,1099,1,4172205,108348929,108352411,3482,104180206,3482,104176724,0,0
108352835,1102,1,4172515,108350764,108352835,2071,104180320,2071,104178249,0,0
108354244,1089,1,4171575,108348929,108354244,5315,104182669,5315,104177354,0,0
108360638,1093,1,4172135,108348929,108360638,11709,104188503,11709,104176794,0,0
108366374,1101,1,4172216,108349908,108366374,16466,104194158,16466,104177692,0,0
108373979,1092,1,4172132,108348929,108373979,25050,104201847,25050,104176797,0,0
108375176,1095,1,4172160,108348929,108375176,26247,104203016,26247,104176769,0,0
108375900,1090,1,4171848,108348929,108375900,26971,104204052,26971,104177081,0,0
108384112,1094,1,4172138,108348929,108384112,35183,104211974,35183,104176791,0,0
108384467,1100,1,4172214,108349592,108384467,34875,104212253,34875,104177378,0,0
108390672,1113,1,4172603,108384467,108390672,6205,104218069,6205,104211864,0,0
108393985,1111,1,4172588,108375900,108393985,18085,104221397,18085,104203312,0,0
108396828,1107,1,4172556,108360638,108396828,36190,104224272,36190,104188082,0,0
108398307,1105,1,4172553,108352835,108398307,45472,104225754,45472,104180282,0,0
108400558,1117,1,4172638,108398307,108400558,2251,104227920,2251,104225669,0,0
108403692,1109,1,4172573,108373979,108403692,29713,104231119,29713,104201406,0,0
108404951,1112,1,4172601,108384112,108404951,20839,104232350,20839,104211511,0,0
108407483,948,1,3997939,102850745,108407483,5556738,104409544,5556738,98852806,0,0
108408757,1114,1,4172608,108390672,108408757,18085,104236149,18085,104218064,0,0
108410395,1110,1,4172583,108375176,108410395,35219,104237812,35219,104202593,0,0
108416349,1106,1,4172555,108354244,108416349,62105,104243794,62105,104181689,0,0
108416906,1116,1,4172634,108396828,108416906,20078,104244272,20078,104224194,0,0
108417257,1119,1,4172653,108403692,108417257,13565,104244604,13565,104231039,0,0
108418793,1124,1,4172671,108416349,108418793,2444,104246122,2444,104243678,0,0
108419375,1103,1,4172522,108352343,108419375,67032,104246853,67032,104179821,0,0
108427670,1121,1,4172654,108407483,108427670,20187,104255016,20187,104234829,0,0
108428456,1129,1,4172872,108427670,108428456,786,104255584,786,104254798,0,0
108430954,1108,1,4172568,108366374,108430954,64580,104258386,64580,104193806,0,0
108431459,1126,1,4172692,108417257,108431459,14202,104258767,14202,104244565,0,0
108433957,1128,1,4172714,108419375,108433957,14582,104261243,14582,104246661,0,0
108436796,1118,1,4172653,108400558,108436796,36238,104264143,36238,104227905,0,0
108438350,1134,1,4172897,108436796,108438350,1554,104265453,1554,104263899,0,0
108439190,1135,1,4172898,108438350,108439190,840,104266292,840,104265452,0,0
108440466,1120,1,4172654,108404951,108440466,35515,104267812,35515,104232297,0,0
108441138,1136,1,4172905,108439190,108441138,1948,104268233,1948,104266285,0,0
108448102,1122,1,4172663,108408757,108448102,39345,104275439,39345,104236094,0,0
108454716,1138,1,4172914,108441138,108454716,13578,104281802,13578,104268224,0,0
108455206,1132,1,4172885,108431459,108455206,23747,104282321,23747,104258574,0,0
108464687,1088,1,4170618,108348929,108464687,115758,104294069,115758,104178311,0,0
108475623,1131,1,4172885,108430954,108475623,44669,104302738,44669,104258069,0,0
108477000,1143,1,4172934,108475623,108477000,1377,104304066,1377,104302689,0,0
108483664,1045,1,4063413,106681910,108483664,1801754,104420251,1801754,102618497,0,0
108485248,1145,1,4172941,108483664,108485248,1584,104312307,1584,104310723,0,0
108486160,1137,1,4172914,108440466,108486160,45694,104313246,45694,104267552,0,0
108487598,1147,1,4172949,108486160,108487598,1438,104314649,1438,104313211,0,0
108491814,1140,1,4172922,108454716,108491814,37098,104318892,37098,104281794,0,0
108497908,1149,1,4172960,108491814,108497908,6094,104324948,6094,104318854,0,0
108498622,1077,1,4093909,108293655,108498622,204967,104404713,204967,104199746,0,0
108512034,1148,1,4172953,108487598,108512034,24436,104339081,24436,104314645,0,0
108515114,1152,1,4172984,108512034,108515114,3080,104342130,3080,104339050,0,0
108516308,1146,1,4172949,108485248,108516308,31060,104343359,31060,104312299,0,0
108516480,1153,1,4172985,108515114,108516480,1366,104343495,1366,104342129,0,0
108517699,1155,1,4172990,108516480,108517699,1219,104344709,1219,104343490,0,0
108518375,1150,1,4172962,108497908,108518375,20467,104345413,20467,104324946,0,0
108518501,1156,1,4172997,108517699,108518501,802,104345504,802,104344702,0,0
108520100,1158,1,4173003,108518501,108520100,1599,104347097,1599,104345498,0,0
108524295,1159,1,4173011,108520100,108524295,4195,104351284,4195,104347089,0,0
108556434,1130,1,4172878,108428456,108556434,127978,104383556,127978,104255578,0,0
108561022,1139,1,4172916,108448102,108561022,112920,104388106,112920,104275186,0,0
108576336,1141,1,4172923,108455206,108576336,121130,104403413,121130,104282283,0,0
108577362,1161,1,4173015,108556434,108577362,20928,104404347,20928,104383419,0,0
108578816,1164,1,4173039,108577362,108578816,1454,104405777,1454,104404323,0,0
108581880,1125,1,4172679,108416906,108581880,164974,104409201,164974,104244227,0,0
108584708,1163,1,4173028,108576336,108584708,8372,104411680,8372,104403308,0,0
108598434,1142,1,4172929,108464687,108598434,133747,104425505,133747,104291758,0,0
108601760,1133,1,4172892,108433957,108601760,167803,104428868,167803,104261065,0,0
108604890,1127,1,4172708,108418793,108604890,186097,104432182,186097,104246085,0,0
108605366,1168,1,4173053,108598434,108605366,6932,104432313,6932,104425381,0,0
108605907,1166,1,4173044,108581880,108605907,24027,104432863,24027,104408836,0,0
108614910,1167,1,4173052,108584708,108614910,30202,104441858,30202,104411656,0,0
108641767,1173,1,4173076,108614910,108641767,26857,104468691,26857,104441834,0,0
108659345,1123,1,4172668,108410395,108659345,248950,104486677,248950,104237727,0,0
108669931,1172,1,4173076,108605907,108669931,64024,104496855,64024,104432831,0,0
108670766,1176,1,4173090,108669931,108670766,835,104497676,835,104496841,0,0
108680508,1151,1,4172965,108498622,108680508,181886,104507543,181886,104325657,0,0
108681546,1063,1,4063930,106959213,108681546,1722333,104617616,1722333,102895283,0,0
108686602,1082,1,4093966,108293655,108686602,392947,104592636,392947,104199689,0,0
108690264,1175,1,4173089,108659345,108690264,30919,104517175,30919,104486256,0,0
108694661,1181,1,4173106,108690264,108694661,4397,104521555,4397,104517158,0,0
108695831,1182,1,4173112,108694661,108695831,1170,104522719,1170,104521549,0,0
108697147,1160,1,4173014,108524295,108697147,172852,104524133,172852,104351281,0,0
108698853,1180,1,4173105,108686602,108698853,12251,104525748,12251,104513497,0,0
108708716,1183,1,4173119,108695831,108708716,12885,104535597,12885,104522712,0,0
108713038,1185,1,4173129,108698853,108713038,14185,104539909,14185,104525724,0,0
108726916,1187,1,4173140,108713038,108726916,13878,104553776,13878,104539898,0,0
108748173,1188,1,4173141,108726916,108748173,21257,104575032,21257,104553775,0,0
108762720,1169,1,4173054,108601760,108762720,160960,104589666,160960,104428706,0,0
108768219,1170,1,4173064,108604890,108768219,163329,104595155,163329,104431826,0,0
108772727,1043,1,4063379,106672996,108772727,2099731,104709348,2099731,102609617,0,0
108772991,1042,1,4063361,106671087,108772991,2101904,104709630,2101904,102607726,0,0
108774303,1189,1,4173145,108748173,108774303,26130,104601158,26130,104575028,0,0
108783466,1054,1,4063600,106792365,108783466,1991101,104719866,1991101,102728765,0,0
108787010,1038,1,4063292,106666890,108787010,2120120,104723718,2120120,102603598,0,0
108787256,1178,1,4173097,108680508,108787256,106748,104614159,106748,104507411,0,0
108795018,1190,1,4173152,108762720,108795018,32298,104621866,32298,104589568,0,0
108796372,1195,1,4173175,108783466,108796372,12906,104623197,12906,104610291,0,0
108803525,1184,1,4173127,108697147,108803525,106378,104630398,106378,104524020,0,0
108803854,1179,1,4173102,108681546,108803854,122308,104630752,122308,104508444,0,0
108812041,1201,1,4173196,108803854,108812041,8187,104638845,8187,104630658,0,0
108816884,1197,1,4173181,108787256,108816884,29628,104643703,29628,104614075,0,0
108817150,1196,1,4173176,108787010,108817150,30140,104643974,30140,104613834,0,0
108819185,1199,1,4173189,108796372,108819185,22813,104645996,22813,104623183,0,0
108832729,1047,1,4063422,106733332,108832729,2099397,104769307,2099397,102669910,0,0
108836142,1174,1,4173079,108641767,108836142,194375,104663063,194375,104468688,0,0
108837669,1200,1,4173195,108803525,108837669,34144,104664474,34144,104630330,0,0
108843321,1205,1,4173209,108819185,108843321,24136,104670112,24136,104645976,0,0
108849899,1192,1,4173158,108772727,108849899,77172,104676741,77172,104599569,0,0
108859978,1206,1,4173214,108832729,108859978,27249,104686764,27249,104659515,0,0
108862460,1208,1,4173222,108837669,108862460,24791,104689238,24791,104664447,0,0
108878623,1193,1,4173164,108772991,108878623,105632,104705459,105632,104599827,0,0
108880837,1104,1,4172552,108352411,108880837,528426,104708285,528426,104179859,0,0
108882080,1214,1,4173242,108880837,108882080,1243,104708838,1243,104707595,0,0
108882334,1210,1,4173232,108849899,108882334,32435,104709102,32435,104676667,0,0
108883674,1215,1,4173250,108882080,108883674,1594,104710424,1594,104708830,0,0
108884126,1216,1,4173253,108882334,108884126,1792,104710873,1792,104709081,0,0
108884333,1211,1,4173235,108859978,108884333,24355,104711098,24355,104686743,0,0
108885399,1177,1,4173093,108670766,108885399,214633,104712306,214633,104497673,0,0
108885572,1213,1,4173240,108878623,108885572,6949,104712332,6949,104705383,0,0
108886844,1212,1,4173237,108862460,108886844,24384,104713607,24384,104689223,0,0
108892519,1221,1,4173275,108885572,108892519,6947,104719244,6947,104712297,0,0
108900306,1220,1,4173267,108885399,108900306,14907,104727039,14907,104712132,0,0
108900844,1157,1,4173001,108518375,108900844,382469,104727843,382469,104345374,0,0
108901746,1224,1,4173287,108900306,108901746,1440,104728459,1440,104727019,0,0
108904530,1194,1,4173168,108774303,108904530,130227,104731362,130227,104601135,0,0
108908842,1191,1,4173153,108768219,108908842,140623,104735689,140623,104595066,0,0
108914662,1225,1,4173291,108900844,108914662,13818,104741371,13818,104727553,0,0
108915798,1223,1,4173279,108892519,108915798,23279,104742519,23279,104719240,0,0
108918578,1218,1,4173262,108884126,108918578,34452,104745316,34452,104710864,0,0
108920386,1217,1,4173255,108883674,108920386,36712,104747131,36712,104710419,0,0
108925718,1144,1,4172936,108477000,108925718,448718,104752782,448718,104304064,0,0
108927325,1233,1,4173326,108925718,108927325,1607,104753999,1607,104752392,0,0
108935924,1154,1,4172988,108516308,108935924,419616,104762936,419616,104343320,0,0
108940404,1060,1,4063638,106883122,108940404,2057282,104876766,2057282,102819484,0,0
108942462,1231,1,4173315,108918578,108942462,23884,104769147,23884,104745263,0,0
108946944,1237,1,4173346,108942462,108946944,4482,104773598,4482,104769116,0,0
108951519,1227,1,4173299,108904530,108951519,46989,104778220,46989,104731231,0,0
108954190,1236,1,4173344,108940404,108954190,13786,104780846,13786,104767060,0,0
108968178,1207,1,4173222,108836142,108968178,132036,104794956,132036,104662920,0,0
108968457,1234,1,4173329,108927325,108968457,41132,104795128,41132,104753996,0,0
108974340,1239,1,4173357,108951519,108974340,22821,104800983,22821,104778162,0,0
108974402,1115,1,4172623,108393985,108974402,580417,104801779,580417,104221362,0,0
108975916,1171,1,4173067,108605366,108975916,370550,104802849,370550,104432299,0,0
108975988,1162,1,4173027,108561022,108975988,414966,104802961,414966,104387995,0,0
108977102,1240,1,4173359,108954190,108977102,22912,104803743,22912,104780831,0,0
108977776,1246,1,4173384,108975988,108977776,1788,104804392,1788,104802604,0,0
108977912,1204,1,4173208,108817150,108977912,160762,104804704,160762,104643942,0,0
108983933,1248,1,4173393,108977776,108983933,6157,104810540,6157,104804383,0,0
108985091,1165,1,4173040,108578816,108985091,406275,104812051,406275,104405776,0,0
108987582,1244,1,4173374,108974402,108987582,13180,104814208,13180,104801028,0,0
108996513,1186,1,4173131,108708716,108996513,287797,104823382,287797,104535585,0,0
109000737,1253,1,4173415,108996513,109000737,4224,104827322,4224,104823098,0,0
109005124,1249,1,4173398,108977912,109005124,27212,104831726,27212,104804514,0,0
109006137,1250,1,4173401,108983933,109006137,22204,104832736,22204,104810532,0,0
109006728,1255,1,4173426,109005124,109006728,1604,104833302,1604,104831698,0,0
109009372,1087,4,4143882,108348929,109009372,660443,104865490,660443,104205047,0,0
109013530,1202,1,4173201,108812041,109013530,201489,104840329,201489,104638840,0,0
109020080,1256,1,4173427,109006137,109020080,13943,104846653,13943,104832710,0,0
109024921,1247,1,4173388,108977102,109024921,47819,104851533,47819,104803714,0,0
109024953,1261,1,4173445,109009372,109024953,15581,104851508,15581,104835927,0,0
109026246,1259,1,4173442,109009372,109026246,16874,104852804,16874,104835930,0,0
109028592,1263,1,4173459,109020080,109028592,8512,104855133,8512,104846621,0,0
109031093,1266,1,4173482,109026246,109031093,4847,104857611,4847,104852764,0,0
109033450,1229,1,4173305,108914662,109033450,118788,104860145,118788,104741357,0,0
109043715,1241,1,4173363,108968178,109043715,75537,104870352,75537,104794815,0,0
109048056,1264,1,4173469,109024921,109048056,23135,104874587,23135,104851452,0,0
109053966,1245,1,4173381,108975916,109053966,78050,104880585,78050,104802535,0,0
109054493,1258,1,4173441,109009372,109054493,45121,104881052,45121,104835931,0,0
109056465,1265,1,4173471,109024953,109056465,31512,104882994,31512,104851482,0,0
109057998,1274,1,4173533,109056465,109057998,1533,104884465,1533,104882932,0,0
109063232,1226,1,4173292,108901746,109063232,161486,104889940,161486,104728454,0,0
109063880,1262,1,4173456,109013530,109063880,50350,104890424,50350,104840074,0,0
109064830,1276,1,4173545,109063232,109064830,1598,104891285,1598,104889687,0,0
109067550,1272,1,4173518,109053966,109067550,13584,104894032,13584,104880448,0,0
109067812,1269,1,4173497,109033450,109067812,34362,104894315,34362,104859953,0,0
109083354,1198,1,4173183,108795018,109083354,288336,104910171,288336,104621835,0,0
109083857,1273,1,4173521,109054493,109083857,29364,104910336,29364,104880972,0,0
109084832,1282,1,4173576,109083857,109084832,975,104911256,975,104910281,0,0
109089143,1280,1,4173566,109067812,109089143,21331,104915577,21331,104894246,0,0
109090244,1243,1,4173371,108974340,109090244,115904,104916873,115904,104800969,0,0
109090777,1277,1,4173546,109063880,109090777,26897,104917231,26897,104890334,0,0
109091351,1242,1,4173370,108968457,109091351,122894,104917981,122894,104795087,0,0
109091929,1283,1,4173576,109084832,109091929,7097,104918353,7097,104911256,0,0
109096107,1284,1,4173579,109089143,109096107,6964,104922528,6964,104915564,0,0
109096624,1275,1,4173535,109057998,109096624,38626,104923089,38626,104884463,0,0
109098012,1290,1,4173612,109096624,109098012,1388,104924400,1388,104923012,0,0
109103331,1285,1,4173589,109090244,109103331,13087,104929742,13087,104916655,0,0
109106771,1230,1,4173311,108915798,109106771,190973,104933460,190973,104742487,0,0
109107999,1289,1,4173605,109096107,109107999,11892,104934394,11892,104922502,0,0
109108272,1293,1,4173626,109106771,109108272,1501,104934646,1501,104933145,0,0
109108429,1267,1,4173483,109028592,109108429,79837,104934946,79837,104855109,0,0
109109979,1235,1,4173336,108935924,109109979,174055,104936643,174055,104762588,0,0
109112905,1294,1,4173628,109107999,109112905,4906,104939277,4906,104934371,0,0
109114424,1298,1,4173644,109112905,109114424,1519,104940780,1519,104939261,0,0
109115704,1251,1,4173406,108985091,109115704,130613,104942298,130613,104811685,0,0
109117406,1299,1,4173651,109114424,109117406,2982,104943755,2982,104940773,0,0
109118967,1301,1,4173655,109117406,109118967,1561,104945312,1561,104943751,0,0
109122816,1295,1,4173631,109108272,109122816,14544,104949185,14544,104934641,0,0
109133270,1296,1,4173641,109108429,109133270,24841,104959629,24841,104934788,0,0
109135652,1252,1,4173412,108987582,109135652,148070,104962240,148070,104814170,0,0
109137750,1304,1,4173671,109133270,109137750,4480,104964079,4480,104959599,0,0
109141283,1297,1,4173642,109109979,109141283,31304,104967641,31304,104936337,0,0
109153873,1292,1,4173616,109103331,109153873,50542,104980257,50542,104929715,0,0
109154722,1308,1,4173696,109153873,109154722,849,104981026,849,104980177,0,0
109155439,1307,1,4173684,109141283,109155439,14156,104981755,14156,104967599,0,0
109161626,1309,1,4173696,109154722,109161626,6904,104987930,6904,104981026,0,0
109163353,1311,1,4173706,109161626,109163353,1727,104989647,1727,104987920,0,0
109164713,1270,1,4173508,109043715,109164713,120998,104991205,120998,104870207,0,0
109171610,1291,1,4173613,109098012,109171610,73598,104997997,73598,104924399,0,0
109181395,1287,1,4173594,109091351,109181395,90044,105007801,90044,104917757,0,0
109182745,1315,1,4173718,109181395,109182745,1350,105009027,1350,105007677,0,0
109184117,1316,1,4173724,109182745,109184117,1372,105010393,1372,105009021,0,0
109184684,1279,1,4173561,109067550,109184684,117134,105011123,117134,104893989,0,0
109185569,1317,1,4173730,109184117,109185569,1452,105011839,1452,105010387,0,0
109186746,1319,1,4173738,109185569,109186746,1177,105013008,1177,105011831,0,0
109187022,1314,1,4173718,109171610,109187022,15412,105013304,15412,104997892,0,0
109190374,1313,1,4173708,109164713,109190374,25661,105016666,25661,104991005,0,0
109192056,1322,1,4173751,109190374,109192056,1682,105018305,1682,105016623,0,0
109194207,1257,1,4173430,109006728,109194207,187479,105020777,187479,104833298,0,0
109201468,1321,1,4173745,109187022,109201468,14446,105027723,14446,105013277,0,0
109201600,1288,1,4173601,109091929,109201600,109671,105027999,109671,104918328,0,0
109202036,1228,1,4173305,108908842,109202036,293194,105028731,293194,104735537,0,0
109203623,1327,1,4173771,109202036,109203623,1587,105029852,1587,105028265,0,0
109208641,1323,1,4173756,109192056,109208641,16585,105034885,16585,105018300,0,0
109216800,1306,1,4173681,109137750,109216800,79050,105043119,79050,104964069,0,0
109218359,1320,1,4173743,109186746,109218359,31613,105044616,31613,105013003,0,0
109218580,1080,1,4093944,108293655,109218580,924925,105124636,924925,104199711,0,0
109218925,1209,1,4173229,108843321,109218925,375604,105045696,375604,104670092,0,0
109219172,1331,1,4173794,109218359,109219172,813,105045378,813,105044565,0,0
109222645,1329,1,4173781,109208641,109222645,14004,105048864,14004,105034860,0,0
109228613,1310,1,4173697,109155439,109228613,73174,105054916,73174,104981742,0,0
109234176,1326,1,4173769,109201600,109234176,32576,105060407,32576,105027831,0,0
109237206,1328,1,4173781,109203623,109237206,33583,105063425,33583,105029842,0,0
109240720,1330,1,4173784,109216800,109240720,23920,105066936,23920,105043016,0,0
109246748,1219,1,4173265,108884333,109246748,362415,105073483,362415,104711068,0,0
109247672,1337,1,4173820,109234176,109247672,13496,105073852,13496,105060356,0,0
109250114,1333,1,4173797,109218925,109250114,31189,105076317,31189,105045128,0,0
109266741,1335,1,4173806,109222645,109266741,44096,105092935,44096,105048839,0,0
109274801,1336,1,4173812,109228613,109274801,46188,105100989,46188,105054801,0,0
109276301,1342,1,4173844,109250114,109276301,26187,105102457,26187,105076270,0,0
109279078,1344,1,4173855,109274801,109279078,4277,105105223,4277,105100946,0,0
109292559,1346,1,4173858,109279078,109292559,13481,105118701,13481,105105220,0,0
109295539,1341,1,4173838,109247672,109295539,47867,105121701,47867,105073834,0,0
109309978,1348,1,4173869,109295539,109309978,14439,105136109,14439,105121670,0,0
109310543,1300,1,4173655,109115704,109310543,194839,105136888,194839,104942049,0,0
109315003,1268,1,4173497,109031093,109315003,283910,105141506,283910,104857596,0,0
109315366,1305,1,4173681,109135652,109315366,179714,105141685,179714,104961971,0,0
109320914,1324,1,4173757,109194207,109320914,126707,105147157,126707,105020450,0,0
109323618,1254,1,4173419,109000737,109323618,322881,105150199,322881,104827318,0,0
109325305,1354,1,4173899,109323618,109325305,1687,105151406,1687,105149719,0,0
109334772,1347,1,4173864,109292559,109334772,42213,105160908,42213,105118695,0,0
109342036,1232,1,4173317,108920386,109342036,421650,105168719,421650,104747069,0,0
109343685,1357,1,4173912,109342036,109343685,1649,105169773,1649,105168124,0,0
109346866,1356,1,4173909,109334772,109346866,12094,105172957,12094,105160863,0,0
109347238,1286,1,4173592,109090777,109347238,256461,105173646,256461,104917185,0,0
109347619,1271,1,4173510,109048056,109347619,299563,105174109,299563,104874546,0,0
109348972,1360,1,4173925,109347238,109348972,1734,105175047,1734,105173313,0,0
109349059,1361,1,4173929,109347619,109349059,1440,105175130,1440,105173690,0,0
109350730,1349,1,4173869,109309978,109350730,40752,105176861,40752,105136109,0,0
109352585,1364,1,4173938,109350730,109352585,1855,105178647,1855,105176792,0,0
109353849,1312,1,4173706,109163353,109353849,190496,105180143,190496,104989647,0,0
109354481,1355,1,4173900,109325305,109354481,29176,105180581,29176,105151405,0,0
109355177,1350,1,4173871,109310543,109355177,44634,105181306,44634,105136672,0,0
109355979,1367,1,4173956,109354481,109355979,1498,105182023,1498,105180525,0,0
109365862,1363,1,4173933,109349059,109365862,16803,105191929,16803,105175126,0,0
109366940,1281,1,4173567,109083354,109366940,283586,105193373,283586,104909787,0,0
109367697,1353,1,4173894,109320914,109367697,46783,105193803,46783,105147020,0,0
109369304,1368,1,4173967,109355177,109369304,14127,105195337,14127,105181210,0,0
109370188,1373,1,4173983,109369304,109370188,884,105196205,884,105195321,0,0
109370352,1366,1,4173949,109353849,109370352,16503,105196403,16503,105179900,0,0
109375845,1222,1,4173278,108886844,109375845,489001,105202567,489001,104713566,0,0
109379388,1362,1,4173932,109348972,109379388,30416,105205456,30416,105175040,0,0
109381755,1369,1,4173969,109355979,109381755,25776,105207786,25776,105182010,0,0
109382800,1238,1,4173349,108946944,109382800,435856,105209451,435856,104773595,0,0
109386685,1302,1,4173658,109118967,109386685,267718,105213027,267718,104945309,0,0
109401780,1365,1,4173945,109352585,109401780,49195,105227835,49195,105178640,0,0
109409027,1372,1,4173982,109367697,109409027,41330,105235045,41330,105193715,0,0
109410872,1380,1,4174018,109386685,109410872,24187,105236854,24187,105212667,0,0
109411604,1334,1,4173805,109219172,109411604,192432,105237799,192432,105045367,0,0
109429313,1382,1,4174028,109409027,109429313,20286,105255285,20286,105234999,0,0
109440851,1352,1,4173883,109315366,109440851,125485,105266968,125485,105141483,0,0
109446197,1383,1,4174032,109410872,109446197,35325,105272165,35325,105236840,0,0
109447396,1387,1,4174045,109446197,109447396,1199,105273351,1199,105272152,0,0
109448900,1385,1,4174042,109429313,109448900,19587,105274858,19587,105255271,0,0
109450336,1389,1,4174058,109448900,109450336,1436,105276278,1436,105274842,0,0
109453805,1318,1,4173732,109184684,109453805,269121,105280073,269121,105010952,0,0
109454003,1338,1,4173826,109237206,109454003,216797,105280177,216797,105063380,0,0
109454085,1260,1,4173442,109009372,109454085,444713,105280643,444713,104835930,0,0
109455835,1392,1,4174071,109454003,109455835,1832,105281764,1832,105279932,0,0
109462760,1343,1,4173844,109266741,109462760,196019,105288916,196019,105092897,0,0
109465636,1375,1,4173995,109370352,109465636,95284,105291641,95284,105196357,0,0
109466352,1391,1,4174070,109453805,109466352,12547,105292282,12547,105279735,0,0
109467251,1396,1,4174089,109465636,109467251,1615,105293162,1615,105291547,0,0
109475105,1398,1,4174099,109467251,109475105,7854,105301006,7854,105293152,0,0
109482077,1303,1,4173667,109122816,109482077,359261,105308410,359261,104949149,0,0
109488614,1345,1,4173857,109276301,109488614,212313,105314757,212313,105102444,0,0
109492655,1370,1,4173970,109365862,109492655,126793,105318685,126793,105191892,0,0
109494061,1402,1,4174116,109492655,109494061,1406,105319945,1406,105318539,0,0
109494984,1388,1,4174055,109447396,109494984,47588,105320929,47588,105273341,0,0
109495919,1395,1,4174087,109462760,109495919,33159,105321832,33159,105288673,0,0
109498749,1379,1,4174009,109382800,109498749,115949,105324740,115949,105208791,0,0
109500794,1376,1,4173996,109375845,109500794,124949,105326798,124949,105201849,0,0
109506037,1401,1,4174112,109488614,109506037,17423,105331925,17423,105314502,0,0
109508938,1405,1,4174129,109495919,109508938,13019,105334809,13019,105321790,0,0
109516837,1407,1,4174141,109500794,109516837,16043,105342696,16043,105326653,0,0
109517136,1083,1,4093968,108293655,109517136,1223481,105423168,1223481,104199687,0,0
109518138,1403,1,4174124,109494061,109518138,24077,105344014,24077,105319937,0,0
109520326,1412,1,4174165,109518138,109520326,2188,105346161,2188,105343973,0,0
109522153,1413,1,4174169,109520326,109522153,1827,105347984,1827,105346157,0,0
109524062,1399,1,4174101,109475105,109524062,48957,105349961,48957,105301004,0,0
109528314,1278,1,4173556,109064830,109528314,463484,105354758,463484,104891274,0,0
109529640,1404,1,4174126,109494984,109529640,34656,105355514,34656,105320858,0,0
109531440,1417,1,4174185,109529640,109531440,1800,105357255,1800,105355455,0,0
109532962,1418,1,4174196,109531440,109532962,1522,105358766,1522,105357244,0,0
109533804,1406,1,4174139,109498749,109533804,35055,105359665,35055,105324610,0,0
109534167,1419,1,4174197,109532962,109534167,1205,105359970,1205,105358765,0,0
109534999,1420,1,4174199,109533804,109534999,1195,105360800,1195,105359605,0,0
109536124,1414,1,4174169,109522153,109536124,13971,105361955,13971,105347984,0,0
109537023,1409,1,4174152,109508938,109537023,28085,105362871,28085,105334786,0,0
109538321,1424,1,4174224,109537023,109538321,1298,105364097,1298,105362799,0,0
109540948,1359,1,4173919,109346866,109540948,194082,105367029,194082,105172947,0,0
109542412,1422,1,4174217,109534999,109542412,7413,105368195,7413,105360782,0,0
109548611,1411,1,4174155,109517136,109548611,31475,105374456,31475,105342981,0,0
109550431,1339,1,4173830,109240720,109550431,309711,105376601,309711,105066890,0,0
109559130,1416,1,4174184,109528314,109559130,30816,105384946,30816,105354130,0,0
109564178,1371,1,4173980,109366940,109564178,197238,105390198,197238,105192960,0,0
109568511,1423,1,4174218,109536124,109568511,32387,105394293,32387,105361906,0,0
109570019,1432,1,4174271,109568511,109570019,1508,105395748,1508,105394240,0,0
109571225,1433,1,4174272,109570019,109571225,1206,105396953,1206,105395747,0,0
109572852,1415,1,4174182,109524062,109572852,48790,105398670,48790,105349880,0,0
109575889,1428,1,4174254,109548611,109575889,27278,105401635,27278,105374357,0,0
109576212,1325,1,4173769,109201468,109576212,374744,105402443,374744,105027699,0,0
109582095,1421,1,4174210,109534167,109582095,47928,105407885,47928,105359957,0,0
109582573,1425,1,4174228,109538321,109582573,44252,105408345,44252,105364093,0,0
109583024,1438,1,4174300,109582095,109583024,929,105408724,929,105407795,0,0
109586010,1426,1,4174239,109540948,109586010,45062,105411771,45062,105366709,0,0
109595044,1203,1,4173203,108816884,109595044,778160,105421841,778160,104643681,0,0
109595490,1377,1,4174006,109379388,109595490,216102,105421484,216102,105205382,0,0
109598933,1441,1,4174316,109586010,109598933,12923,105424617,12923,105411694,0,0
109599365,1397,1,4174096,109466352,109599365,133013,105425269,133013,105292256,0,0
109599824,1435,1,4174284,109572852,109599824,26972,105425540,26972,105398568,0,0
109600371,1445,1,4174329,109599365,109600371,1006,105426042,1006,105425036,0,0
109605182,1400,1,4174109,109482077,109605182,123105,105431073,123105,105307968,0,0
109618678,1444,1,4174329,109598933,109618678,19745,105444349,19745,105424604,0,0
109621541,1434,1,4174284,109571225,109621541,50316,105447257,50316,105396941,0,0
109621752,1384,1,4174035,109411604,109621752,210148,105447717,210148,105237569,0,0
109622833,1450,1,4174355,109621541,109622833,1292,105448478,1292,105447186,0,0
109623685,1332,1,4173794,109218580,109623685,405105,105449891,405105,105044786,0,0
109625982,1451,1,4174356,109621752,109625982,4230,105451626,4230,105447396,0,0
109633993,1446,1,4174337,109599824,109633993,34169,105459656,34169,105425487,0,0
109635709,1449,1,4174348,109618678,109635709,17031,105461361,17031,105444330,0,0
109640119,1455,1,4176476,109633993,109640119,6126,105463643,6126,105457517,0,0
109643139,1340,1,4173832,109246748,109643139,396391,105469307,396391,105072916,0,0
109645494,1454,1,4174373,109625982,109645494,19512,105471121,19512,105451609,0,0
109649924,1453,1,4174370,109623685,109649924,26239,105475554,26239,105449315,0,0
109651122,1460,1,4176493,109649924,109651122,1198,105474629,1198,105473431,0,0
109665845,1452,1,4174358,109622833,109665845,43012,105491487,43012,105448475,0,0
109668115,1462,1,4176507,109665845,109668115,2270,105491608,2270,105489338,0,0
109673511,1408,1,4174142,109506037,109673511,167474,105499369,167474,105331895,0,0
109674917,1457,1,4176486,109640119,109674917,34798,105498431,34798,105463633,0,0
109675965,1464,1,4176518,109673511,109675965,2454,105499447,2454,105496993,0,0
109681014,1465,1,4176519,109674917,109681014,6097,105504495,6097,105498398,0,0
109685998,1463,1,4176514,109668115,109685998,17883,105509484,17883,105491601,0,0
109689447,1458,1,4176486,109643139,109689447,46308,105512961,46308,105466653,0,0
109691681,1410,1,4174152,109516837,109691681,174844,105517529,174844,105342685,0,0
109692259,1468,1,4176538,109685998,109692259,6261,105515721,6261,105509460,0,0
109697128,1466,1,4176527,109675965,109697128,21163,105520601,21163,105499438,0,0
109697220,1456,1,4176480,109635709,109697220,61511,105520740,61511,105459229,0,0
109697280,1461,1,4176503,109651122,109697280,46158,105520777,46158,105474619,0,0
109698476,1474,1,4176590,109697280,109698476,1196,105521886,1196,105520690,0,0
109698747,1473,1,4176584,109697220,109698747,1527,105522163,1527,105520636,0,0
109699194,1469,1,4176558,109689447,109699194,9747,105522636,9747,105512889,0,0
109699782,1351,1,4173883,109315003,109699782,384779,105525899,384779,105141120,0,0
109700019,1475,1,4176595,109698476,109700019,1543,105523424,1543,105521881,0,0
109703489,1477,1,4176609,109699194,109703489,4295,105526880,4295,105522585,0,0
109708250,1459,1,4176491,109645494,109708250,62756,105531759,62756,105469003,0,0
109712568,1481,1,4176621,109708250,109712568,4318,105535947,4318,105531629,0,0
109714288,1472,1,4176576,109697128,109714288,17160,105537712,17160,105520552,0,0
109719535,1476,1,4176597,109698747,109719535,20788,105542938,20788,105522150,0,0
109727186,1482,1,4176634,109712568,109727186,14618,105550552,14618,105535934,0,0
109740570,1447,1,4174342,109600371,109740570,140199,105566228,140199,105426029,0,0
109750764,1378,1,4174008,109381755,109750764,369009,105576756,369009,105207747,0,0
109757881,1394,1,4174087,109455835,109757881,302046,105583794,302046,105281748,0,0
109759099,1488,1,4176660,109757881,109759099,1218,105582439,1218,105581221,0,0
109762378,1436,1,4174285,109575889,109762378,186489,105588093,186489,105401604,0,0
109762979,1442,1,4174318,109595044,109762979,167935,105588661,167935,105420726,0,0
109762983,1448,1,4174342,109605182,109762983,157801,105588641,157801,105430840,0,0
109763920,1490,1,4176668,109762378,109763920,1542,105587252,1542,105585710,0,0
109764569,1491,1,4176675,109762979,109764569,1590,105587894,1590,105586304,0,0
109776815,1480,1,4176619,109703489,109776815,73326,105600196,73326,105526870,0,0
109777339,1483,1,4176635,109714288,109777339,63051,105600704,63051,105537653,0,0
109789663,1486,1,4176647,109740570,109789663,49093,105613016,49093,105563923,0,0
109790377,1495,1,4176696,109776815,109790377,13562,105613681,13562,105600119,0,0
109795258,1494,1,4176688,109764569,109795258,30689,105618570,30689,105587881,0,0
109797756,1439,1,4174303,109582573,109797756,215183,105623453,215183,105408270,0,0
109798708,1386,1,4174044,109440851,109798708,357857,105624664,357857,105266807,0,0
109800955,1501,1,4176728,109798708,109800955,2247,105624227,2247,105621980,0,0
109801213,1440,1,4174315,109583024,109801213,218189,105626898,218189,105408709,0,0
109802556,1503,1,4176740,109801213,109802556,1343,105625816,1343,105624473,0,0
109803017,1497,1,4176705,109789663,109803017,13354,105626312,13354,105612958,0,0
109803578,1431,1,4174270,109564178,109803578,239400,105629308,239400,105389908,0,0
109804987,1506,1,4176748,109803578,109804987,1409,105628239,1409,105626830,0,0
109806450,1427,1,4174242,109542412,109806450,264038,105632208,264038,105368170,0,0
109808035,1443,1,4174328,109595490,109808035,212545,105633707,212545,105421162,0,0
109808490,1429,1,4174257,109550431,109808490,258059,105634233,258059,105376174,0,0
109810057,1499,1,4176721,109795258,109810057,14799,105633336,14799,105618537,0,0
109810913,1508,1,4176761,109806450,109810913,4463,105634152,4463,105629689,0,0
109811363,1492,1,4176676,109762983,109811363,48380,105634687,48380,105586307,0,0
109811731,1512,1,4176781,109810913,109811731,818,105634950,818,105634132,0,0
109813130,1514,1,4176791,109811731,109813130,1399,105636339,1399,105634940,0,0
109814135,1358,1,4173917,109343685,109814135,470450,105640218,470450,105169768,0,0
109816418,1502,1,4176735,109800955,109816418,15463,105639683,15463,105624220,0,0
109823120,1496,1,4176703,109777339,109823120,45781,105646417,45781,105600636,0,0
109831443,1513,1,4176781,109811363,109831443,20080,105654662,20080,105634582,0,0
109838791,1519,1,4176809,109831443,109838791,7348,105661982,7348,105654634,0,0
109839506,1500,1,4176727,109797756,109839506,41750,105662779,41750,105621029,0,0
109845584,1505,1,4176747,109803017,109845584,42567,105668837,42567,105626270,0,0
109847109,1522,1,4176834,109845584,109847109,1525,105670275,1525,105668750,0,0
109848601,1523,1,4176834,109847109,109848601,1492,105671767,1492,105670275,0,0
109851005,1521,1,4176823,109839506,109851005,11499,105674182,11499,105662683,0,0
109851334,1374,1,4173993,109370188,109851334,481146,105677341,481146,105196195,0,0
109852323,1526,1,4176848,109851334,109852323,989,105675475,989,105674486,0,0
109862105,1524,1,4176836,109848601,109862105,13504,105685269,13504,105671765,0,0
109862366,1487,1,4176660,109750764,109862366,111602,105685706,111602,105574104,0,0
109863276,1515,1,4176793,109813130,109863276,50146,105686483,50146,105636337,0,0
109868968,1520,1,4176821,109838791,109868968,30177,105692147,30177,105661970,0,0
109878772,1430,1,4174257,109559130,109878772,319642,105704515,319642,105384873,0,0
109879934,1532,1,4176874,109878772,109879934,1162,105703060,1162,105701898,0,0
109880402,1479,1,4176619,109700019,109880402,180383,105703783,180383,105523400,0,0
109881513,1510,1,4176768,109808490,109881513,73023,105704745,73023,105631722,0,0
109886593,1530,1,4176868,109863276,109886593,23317,105709725,23317,105686408,0,0
109887452,1019,2,4063114,106300567,109887452,3586885,105824338,3586885,102237453,0,0
109890704,1390,1,4174069,109450336,109890704,440368,105716635,440368,105276267,0,0
109892393,1539,1,4176913,109890704,109892393,1689,105715480,1689,105713791,0,0
109894103,1540,1,4176914,109892393,109894103,1710,105717189,1710,105715479,0,0
109894197,1028,2,4063199,106666890,109894197,3227307,105830998,3227307,102603691,0,0
109894496,1535,1,4176887,109881513,109894496,12983,105717609,12983,105704626,0,0
109900118,1531,1,4176874,109868968,109900118,31150,105723244,31150,105692094,0,0
109900490,1534,1,4176887,109880402,109900490,20088,105723603,20088,105703515,0,0
109901257,1543,1,4176925,109894197,109901257,7060,105724332,7060,105717272,0,0
109905405,1484,1,4176637,109719535,109905405,185870,105728768,185870,105542898,0,0
109906679,1544,1,4176936,109894496,109906679,12183,105729743,12183,105717560,0,0
109908173,1541,1,4176916,109894103,109908173,14070,105731257,14070,105717187,0,0
109911266,1537,1,4176899,109887452,109911266,23814,105734367,23814,105710553,0,0
109914589,1546,1,4176938,109900490,109914589,14099,105737651,14099,105723552,0,0
109915009,1393,1,4174073,109454085,109915009,460924,105740936,460924,105280012,0,0
109918523,1381,1,4174022,109401780,109918523,516743,105744501,516743,105227758,0,0
109919991,1554,1,4176978,109918523,109919991,1468,105743013,1468,105741545,0,0
109920557,1516,1,4176794,109814135,109920557,106422,105743763,106422,105637341,0,0
109921943,1533,1,4176883,109879934,109921943,42009,105745060,42009,105703051,0,0
109925285,1542,1,4176925,109894197,109925285,31088,105748360,31088,105717272,0,0
109926621,1511,1,4176771,109810057,109926621,116564,105749850,116564,105633286,0,0
109926879,1517,1,4176805,109816418,109926879,110461,105750074,110461,105639613,0,0
109928555,1559,1,4176998,109926621,109928555,1934,105751557,1934,105749623,0,0
109929967,1538,1,4176899,109887452,109929967,42515,105753068,42515,105710553,0,0
109932419,1558,1,4176991,109925285,109932419,7134,105755428,7134,105748294,0,0
109933971,1563,1,4177014,109932419,109933971,1552,105756957,1552,105755405,0,0
109935694,1478,1,4176609,109699782,109935694,235912,105759085,235912,105523173,0,0
109936761,1548,1,4176952,109905405,109936761,31356,105759809,31356,105728453,0,0
109938925,1550,1,4176963,109908173,109938925,30752,105761962,30752,105731210,0,0
109941227,1507,1,4176755,109804987,109941227,136240,105764472,136240,105628232,0,0
109943892,1562,1,4177009,109929967,109943892,13925,105766883,13925,105752958,0,0
109950064,1565,1,4177021,109935694,109950064,14370,105773043,14370,105758673,0,0
109954719,1561,1,4177004,109928555,109954719,26164,105777715,26164,105751551,0,0
109957363,1570,1,4177049,109950064,109957363,7299,105780314,7299,105773015,0,0
109957655,1467,1,4176533,109681014,109957655,276641,105781122,276641,105504481,0,0
109957751,1571,1,4177050,109954719,109957751,3032,105780701,3032,105777669,0,0
109958966,1574,1,4177063,109957751,109958966,1215,105781903,1215,105780688,0,0
109960283,1575,1,4177074,109958966,109960283,1317,105783209,1317,105781892,0,0
109960453,187,2,3629169,33881270,109960453,76079183,106331284,76079183,30252101,0,0
109960881,1566,1,4177026,109936761,109960881,24120,105783855,24120,105759735,0,0
109961800,1577,1,4177083,109960453,109961800,1347,105784717,1347,105783370,0,0
109962070,1578,1,4177089,109960453,109962070,1617,105784981,1617,105783364,0,0
109962947,1580,1,4177101,109961800,109962947,1147,105785846,1147,105784699,0,0
109963811,1581,1,4177105,109962070,109963811,1741,105786706,1741,105784965,0,0
109965464,1573,1,4177061,109957655,109965464,7809,105788403,7809,105780594,0,0
109966137,1583,1,4177114,109963811,109966137,2326,105789023,2326,105786697,0,0
109981936,1529,1,4176862,109862366,109981936,119570,105805074,119570,105685504,0,0
109989663,1582,1,4177111,109962947,109989663,26716,105812552,26716,105785836,0,0
109991846,1437,1,4174298,109576212,109991846,415634,105817548,415634,105401914,0,0
109994112,1579,1,4177095,109960881,109994112,33231,105817017,33231,105783786,0,0
109998051,1498,1,4176715,109790377,109998051,207674,105821336,207674,105613662,0,0
109998943,1588,1,4177139,109991846,109998943,7097,105821804,7097,105814707,0,0
110002702,1518,1,4176809,109823120,110002702,179582,105825893,179582,105646311,0,0
110004258,1587,1,4177135,109989663,110004258,14595,105827123,14595,105812528,0,0
110011627,1586,1,4177127,109981936,110011627,29691,105834500,29691,105804809,0,0
110012164,1527,1,4176850,109852323,110012164,159841,105835314,159841,105675473,0,0
110013203,1564,1,4177017,109933971,110013203,79232,105836186,79232,105756954,0,0
110014374,1596,1,4177165,110013203,110014374,1171,105837209,1171,105836038,0,0
110015895,1597,1,4177171,110014374,110015895,1521,105838724,1521,105837203,0,0
110017478,1593,1,4177159,110004258,110017478,13220,105840319,13220,105827099,0,0
110018476,1589,1,4177140,109994112,110018476,24364,105841336,24364,105816972,0,0
110018640,1599,1,4177179,110017478,110018640,1162,105841461,1162,105840299,0,0
110025565,1594,1,4177159,110011627,110025565,13938,105848406,13938,105834468,0,0
110038422,1525,1,4176839,109851005,110038422,187417,105861583,187417,105674166,0,0
110045543,1600,1,4177182,110018476,110045543,27067,105868361,27067,105841294,0,0
110047238,1592,1,4177152,110002702,110047238,44536,105870086,44536,105825550,0,0
110049679,1604,1,4177200,110045543,110049679,4136,105872479,4136,105868343,0,0
110065446,1601,1,4177183,110018640,110065446,46806,105888263,46806,105841457,0,0
110068645,1470,1,4176564,109691681,110068645,376964,105892081,376964,105515117,0,0
110072501,1602,1,4177191,110025565,110072501,46936,105895310,46936,105848374,0,0
110073527,1603,1,4177195,110038422,110073527,35105,105896332,35105,105861227,0,0
110074133,1590,1,4177148,109998051,110074133,76082,105896985,76082,105820903,0,0
110086983,1560,1,4177003,109926879,110086983,160104,105909980,160104,105749876,0,0
110088669,1553,1,4176972,109915009,110088669,173660,105911697,173660,105738037,0,0
110089674,1613,1,4177232,110088669,110089674,1005,105912442,1005,105911437,0,0
110093715,1509,1,4176765,109808035,110093715,285680,105916950,285680,105631270,0,0
110097290,1471,1,4176572,109692259,110097290,405031,105920718,405031,105515687,0,0
110099063,1485,1,4176646,109727186,110099063,371877,105922417,371877,105550540,0,0
110099290,1556,1,4176985,109920557,110099290,178733,105922305,178733,105743572,0,0
110100126,1610,1,4177228,110073527,110100126,26599,105922898,26599,105896299,0,0
110101411,1611,1,4177231,110074133,110101411,27278,105924180,27278,105896902,0,0
110106146,1620,1,4177260,110101411,110106146,4735,105928886,4735,105924151,0,0
110106859,1568,1,4177039,109941227,110106859,165632,105929820,165632,105764188,0,0
110107380,1493,1,4176677,109763920,110107380,343460,105930703,343460,105587243,0,0
110113641,1617,1,4177251,110099063,110113641,14578,105936390,14578,105921812,0,0
110115784,1609,1,4177224,110072501,110115784,43283,105938560,43283,105895277,0,0
110120109,1623,1,4177278,110107380,110120109,12729,105942831,12729,105930102,0,0
110124391,1615,1,4177244,110093715,110124391,30676,105947147,30676,105916471,0,0
110125808,1614,1,4177239,110089674,110125808,36134,105948569,36134,105912435,0,0
110126843,1612,1,4177232,110086983,110126843,39860,105949611,39860,105909751,0,0
110133126,1489,1,4176662,109759099,110133126,374027,105956464,374027,105582437,0,0
110136287,1572,1,4177059,109957363,110136287,178924,105959228,178924,105780304,0,0
110137051,1618,1,4177256,110099290,110137051,37761,105959795,37761,105922034,0,0
110139373,1631,1,4177317,110136287,110139373,3086,105962056,3086,105958970,0,0
110139877,1576,1,4177075,109960283,110139877,179594,105962802,179594,105783208,0,0
110140569,1633,1,4177329,110139373,110140569,1196,105963240,1196,105962044,0,0
110141080,1634,1,4177331,110139877,110141080,1203,105963749,1203,105962546,0,0
110142043,1635,1,4177332,110140569,110142043,1474,105964711,1474,105963237,0,0
110143609,1637,1,4177345,110142043,110143609,1566,105966264,1566,105964698,0,0
110148554,1627,1,4177301,110124391,110148554,24163,105971253,24163,105947090,0,0
110152744,1621,1,4177270,110106146,110152744,46598,105975474,46598,105928876,0,0
110154172,1624,1,4177283,110113641,110154172,40531,105976889,40531,105936358,0,0
110158343,1636,1,4177342,110141080,110158343,17263,105981001,17263,105963738,0,0
110163546,1642,1,4177368,110158343,110163546,5203,105986178,5203,105980975,0,0
110168616,1628,1,4177306,110125808,110168616,42808,105991310,42808,105948502,0,0
110171913,1643,1,4177373,110163546,110171913,8367,105994540,8367,105986173,0,0
110173633,1639,1,4177354,110148554,110173633,25079,105996279,25079,105971200,0,0
110178965,1555,1,4176981,109919991,110178965,258974,106001984,258974,105743010,0,0
110181068,1547,1,4176950,109901257,110181068,279811,106004118,279811,105724307,0,0
110181612,1073,8,4077849,108293655,110181612,1887957,106103763,1887957,104215806,0,0
110182241,1648,1,4177396,110181068,110182241,1173,106004845,1173,106003672,0,0
110182915,1649,1,4177405,110181612,110182915,1303,106005510,1303,106004207,0,0
110183672,1654,1,4177421,110181612,110183672,2060,106006251,2060,106004191,0,0
110185328,1659,1,4177450,110183672,110185328,1656,106007878,1656,106006222,0,0
110189399,1660,1,4177450,110185328,110189399,4071,106011949,4071,106007878,0,0
110190117,1629,1,4177308,110126843,110190117,63274,106012809,63274,105949535,0,0
110194272,1655,1,4177431,110181612,110194272,12660,106016841,12660,106004181,0,0
110196900,1504,1,4176742,109802556,110196900,394344,106020158,394344,105625814,0,0
110197464,1658,1,4177446,110182915,110197464,14549,106020018,14549,106005469,0,0
110199576,1661,1,4177455,110189399,110199576,10177,106022121,10177,106011944,0,0
110201115,1666,1,4177478,110199576,110201115,1539,106023637,1539,106022098,0,0
110201565,1665,1,4177470,110197464,110201565,4101,106024095,4101,106019994,0,0
110202489,1667,1,4177485,110201115,110202489,1374,106025004,1374,106023630,0,0
110207904,1557,1,4176990,109921943,110207904,285961,106030914,285961,105744953,0,0
110208398,1668,1,4177485,110201565,110208398,6833,106030913,6833,106024080,0,0
110210383,1669,1,4177491,110202489,110210383,7894,106032892,7894,106024998,0,0
110215036,1646,1,4177386,110173633,110215036,41403,106037650,41403,105996247,0,0
110217769,1591,1,4177150,109998943,110217769,218826,106040619,218826,105821793,0,0
110221173,1644,1,4177379,110168616,110221173,52557,106043794,52557,105991237,0,0
110222616,1662,1,4177461,110190117,110222616,32499,106045155,32499,106012656,0,0
110223998,1676,1,4177523,110222616,110223998,1382,106046475,1382,106045093,0,0
110224934,1663,1,4177464,110194272,110224934,30662,106047470,30662,106016808,0,0
110228651,1569,1,4177048,109943892,110228651,284759,106051603,284759,105766844,0,0
110229049,1678,1,4177531,110224934,110229049,4115,106051518,4115,106047403,0,0
110230994,1606,1,4177208,110049679,110230994,181315,106053786,181315,105872471,0,0
110232536,1650,1,4177405,110181612,110232536,50924,106055131,50924,106004207,0,0
110233710,1607,1,4177214,110065446,110233710,168264,106056496,168264,105888232,0,0
110234135,1682,1,4177551,110232536,110234135,1599,106056584,1599,106054985,0,0
110236018,1677,1,4177524,110223998,110236018,12020,106058494,12020,106046474,0,0
110240763,1605,1,4177205,110047238,110240763,193525,106063558,193525,105870033,0,0
110241798,1679,1,4177532,110228651,110241798,13147,106064266,13147,106051119,0,0
110241933,1686,1,4177567,110240763,110241933,1170,106064366,1170,106063196,0,0
110243213,1687,1,4177569,110241798,110243213,1415,106065644,1415,106064229,0,0
110243417,1536,1,4176899,109886593,110243417,356824,106066518,356824,105709694,0,0
110244764,1673,1,4177507,110215036,110244764,29728,106067257,29728,106037529,0,0
110246877,1675,1,4177517,110221173,110246877,25704,106069360,25704,106043656,0,0
110248530,1685,1,4177564,110236018,110248530,12512,106070966,12512,106058454,0,0
110248557,1674,1,4177510,110217769,110248557,30788,106071047,30788,106040259,0,0
110249724,1638,1,4177345,110143609,110249724,106115,106072379,106115,105966264,0,0
110254384,1695,1,4177606,110249724,110254384,4660,106076778,4660,106072118,0,0
110254391,1688,1,4177579,110241933,110254391,12458,106076812,12458,106064354,0,0
110254544,1652,1,4177419,110181612,110254544,72932,106077125,72932,106004193,0,0
110255273,1696,1,4177608,110254384,110255273,889,106077665,889,106076776,0,0
110255618,1549,1,4176958,109906679,110255618,348939,106078660,348939,105729721,0,0
110257078,1700,1,4177624,110255618,110257078,1460,106079454,1460,106077994,0,0
110258266,1690,1,4177581,110243417,110258266,14849,106080685,14849,106065836,0,0
110267569,1595,1,4177163,110012164,110267569,255405,106090406,255405,105835001,0,0
110268020,1698,1,4177618,110254544,110268020,13476,106090402,13476,106076926,0,0
110268572,1699,1,4177623,110255273,110268572,13299,106090949,13299,106077650,0,0
110268974,1692,1,4177592,110246877,110268974,22097,106091382,22097,106069285,0,0
110270136,1706,1,4177650,110268974,110270136,1162,106092486,1162,106091324,0,0
110270951,1691,1,4177590,110244764,110270951,26187,106093361,26187,106067174,0,0
110271638,1701,1,4177630,110257078,110271638,14560,106094008,14560,106079448,0,0
110271809,1708,1,4177655,110270951,110271809,858,106094154,858,106093296,0,0
110272943,1710,1,4177668,110271809,110272943,1134,106095275,1134,106094141,0,0
110274005,1598,1,4177175,110015895,110274005,258110,106096830,258110,105838720,0,0
110274372,1711,1,4177668,110272943,110274372,1429,106096704,1429,106095275,0,0
110276671,1684,1,4177557,110234135,110276671,42536,106099114,42536,106056578,0,0
110277643,1640,1,4177365,110152744,110277643,124899,106100278,124899,105975379,0,0
110277972,1680,1,4177541,110229049,110277972,48923,106100431,48923,106051508,0,0
110278467,1714,1,4177692,110276671,110278467,1796,106100775,1796,106098979,0,0
110279389,1715,1,4177693,110277643,110279389,1746,106101696,1746,106099950,0,0
110279912,1528,1,4176862,109862105,110279912,417807,106103050,417807,105685243,0,0
110286861,1719,1,4177715,110279912,110286861,6949,106109146,6949,106102197,0,0
110291479,1716,1,4177704,110277972,110291479,13507,106113775,13507,106100268,0,0
110293068,1721,1,4177719,110291479,110293068,1589,106115349,1589,106113760,0,0
110293268,1703,1,4177637,110267569,110293268,25699,106115631,25699,106089932,0,0
110293975,1707,1,4177654,110270136,110293975,23839,106116321,23839,106092482,0,0
110294981,1718,1,4177715,110279389,110294981,15592,106117266,15592,106101674,0,0
110297423,1709,1,4177664,110271638,110297423,25785,106119759,25785,106093974,0,0
110297692,1722,1,4177725,110293068,110297692,4624,106119967,4624,106115343,0,0
110297997,1647,1,4177392,110178965,110297997,119032,106120605,119032,106001573,0,0
110298980,1657,1,4177437,110182241,110298980,116739,106121543,116739,106004804,0,0
110299390,1727,1,4177745,110297692,110299390,1698,106121645,1698,106119947,0,0
110299549,1728,1,4177752,110297997,110299549,1552,106121797,1552,106120245,0,0
110305410,1622,1,4177272,110106859,110305410,198551,106128138,198551,105929587,0,0
110310461,1705,1,4177646,110268572,110310461,41889,106132815,41889,106090926,0,0
110312083,1733,1,4177771,110310461,110312083,1622,106134312,1622,106132690,0,0
110312322,1726,1,4177745,110297423,110312322,14899,106134577,14899,106119678,0,0
110313610,1731,1,4177762,110299549,110313610,14061,106135848,14061,106121787,0,0
110317621,1725,1,4177739,110294981,110317621,22640,106139882,22640,106117242,0,0
110319078,1732,1,4177768,110305410,110319078,13668,106141310,13668,106127642,0,0
110319367,1626,1,4177294,110120109,110319367,199258,106142073,199258,105942815,0,0
110322139,1729,1,4177757,110298980,110322139,23159,106144382,23159,106121223,0,0
110323109,1740,1,4177798,110322139,110323109,970,106145311,970,106144341,0,0
110323562,1739,1,4177795,110319367,110323562,4195,106145767,4195,106141572,0,0
110326546,1552,1,4176970,109914589,110326546,411957,106149576,411957,105737619,0,0
110327063,1608,1,4177224,110068645,110327063,258418,106149839,258418,105891421,0,0
110328584,1630,1,4177314,110133126,110328584,195458,106151270,195458,105955812,0,0
110330088,1745,1,4177834,110328584,110330088,1504,106152254,1504,106150750,0,0
110331351,1742,1,4177811,110323562,110331351,7789,106153540,7789,106145751,0,0
110331566,1744,1,4177825,110327063,110331566,4503,106153741,4503,106149238,0,0
110331756,1746,1,4177835,110330088,110331756,1668,106153921,1668,106152253,0,0
110332028,1625,1,4177291,110115784,110332028,216244,106154737,216244,105938493,0,0
110333612,1743,1,4177823,110326546,110333612,7066,106155789,7066,106148723,0,0
110335561,1720,1,4177717,110286861,110335561,48700,106157844,48700,106109144,0,0
110338886,1737,1,4177787,110317621,110338886,21265,106161099,21265,106139834,0,0
110339031,1741,1,4177811,110323109,110339031,15922,106161220,15922,106145298,0,0
110340050,1735,1,4177780,110312322,110340050,27728,106162270,27728,106134542,0,0
110341483,1755,1,4177888,110340050,110341483,1433,106163595,1433,106162162,0,0
110347338,1545,1,4176937,109900118,110347338,447220,106170401,447220,105723181,0,0
110351327,1756,1,4177896,110341483,110351327,9844,106173431,9844,106163587,0,0
110352843,1758,1,4177901,110351327,110352843,1516,106174942,1516,106173426,0,0
110355790,1585,1,4177125,109966137,110355790,389653,106178665,389653,105789012,0,0
110358141,1747,1,4177843,110331351,110358141,26790,106180298,26790,106153508,0,0
110362806,1761,1,4177915,110358141,110362806,4665,106184891,4665,106180226,0,0
110363505,1749,1,4177856,110331756,110363505,31749,106185649,31749,106153900,0,0
110364317,1763,1,4177920,110363505,110364317,812,106186397,812,106185585,0,0
110364415,1762,1,4177919,110362806,110364415,1609,106186496,1609,106184887,0,0
110364673,1736,1,4177783,110313610,110364673,51063,106186890,51063,106135827,0,0
110365143,1764,1,4177929,110364317,110365143,826,106187214,826,106186388,0,0
110365649,1765,1,4177930,110364415,110365649,1234,106187719,1234,106186485,0,0
110366555,1767,1,4177938,110365143,110366555,1412,106188617,1412,106187205,0,0
110366641,1759,1,4177911,110352843,110366641,13798,106188730,13798,106174932,0,0
110367446,1651,1,4177408,110181612,110367446,185834,106190038,185834,106004204,0,0
110369330,1697,1,4177608,110254391,110369330,114939,106191722,114939,106076783,0,0
110370770,1567,1,4177033,109938925,110370770,431845,106193737,431845,105761892,0,0
110374391,1757,1,4177898,110347338,110374391,27053,106196493,27053,106169440,0,0
110379201,1751,1,4177867,110333612,110379201,45589,106201334,45589,106155745,0,0
110380578,1766,1,4177933,110364673,110380578,15905,106202645,15905,106186740,0,0
110380960,1775,1,4177974,110379201,110380960,1759,106202986,1759,106201227,0,0
110385713,1760,1,4177914,110355790,110385713,29923,106207799,29923,106177876,0,0
110387536,1770,1,4177955,110366641,110387536,20895,106209581,20895,106188686,0,0
110387798,1776,1,4177979,110380578,110387798,7220,106209819,7220,106202599,0,0
110389231,1619,1,4177257,110100126,110389231,289105,106211974,289105,105922869,0,0
110396083,1771,1,4177957,110367446,110396083,28637,106218126,28637,106189489,0,0
110397584,1734,1,4177775,110312083,110397584,85501,106219809,85501,106134308,0,0
110401207,1779,1,4177993,110387536,110401207,13671,106223214,13671,106209543,0,0
110411687,1664,1,4177465,110196900,110411687,214787,106234222,214787,106019435,0,0
110412983,1773,1,4177968,110370770,110412983,42213,106235015,42213,106192802,0,0
110417637,1777,1,4177989,110380960,110417637,36677,106239648,36677,106202971,0,0
110418565,1681,1,4177542,110230994,110418565,187571,106241023,187571,106053452,0,0
110424230,1693,1,4177593,110248530,110424230,175700,106246637,175700,106070937,0,0
110426106,1689,1,4177580,110243213,110426106,182893,106248526,182893,106065633,0,0
110427179,1641,1,4177366,110154172,110427179,273007,106249813,273007,105976806,0,0
110428944,1791,1,4178054,110427179,110428944,1765,106250890,1765,106249125,0,0
110430632,1723,1,4177731,110293268,110430632,137364,106252901,137364,106115537,0,0
110431865,1793,1,4178068,110430632,110431865,1233,106253797,1233,106252564,0,0
110435841,1786,1,4178039,110412983,110435841,22858,106257802,22858,106234944,0,0
110436580,1782,1,4178008,110396083,110436580,40497,106258572,40497,106218075,0,0
110441728,1738,1,4177794,110319078,110441728,122650,106263934,122650,106141284,0,0
110442973,1787,1,4178045,110417637,110442973,25336,106264928,25336,106239592,0,0
110444523,1702,1,4177634,110258266,110444523,186257,106266889,186257,106080632,0,0
110452226,1790,1,4178052,110426106,110452226,26120,106274174,26120,106248054,0,0
110458052,1748,1,4177855,110331566,110458052,126486,106280197,126486,106153711,0,0
110471144,1797,1,4178088,110441728,110471144,29416,106293056,29416,106263640,0,0
110472334,1717,1,4177707,110278467,110472334,193867,106294627,193867,106100760,0,0
110472837,1802,1,4178196,110471144,110472837,1693,106294641,1693,106292948,0,0
110473246,1803,1,4178207,110472334,110473246,912,106295039,912,106294127,0,0
110474098,1800,1,4178159,110452226,110474098,21872,106295939,21872,106274067,0,0
110475775,1806,1,4180385,110474098,110475775,1677,106295390,1677,106293713,0,0
110477510,1805,1,4178246,110473246,110477510,4264,106299264,4264,106295000,0,0
110480472,1804,1,4178232,110472837,110480472,7635,106302240,7635,106294605,0,0
110484738,1656,1,4177433,110181612,110484738,303126,106307305,303126,106004179,0,0
110487458,1713,1,4177682,110274372,110487458,213086,106309776,213086,106096690,0,0
110490294,1799,1,4178141,110444523,110490294,45771,106312153,45771,106266382,0,0
110491571,1724,1,4177731,110293975,110491571,197596,106313840,197596,106116244,0,0
110505624,1810,1,4180410,110484738,110505624,20886,106325214,20886,106304328,0,0
110505956,1670,1,4177492,110207904,110505956,298052,106328464,298052,106030412,0,0
110507207,1694,1,4177597,110248557,110507207,258650,106329610,258650,106070960,0,0
110516768,1616,1,4177245,110097290,110516768,419478,106339523,419478,105920045,0,0
110517453,1784,1,4178019,110401207,110517453,116246,106339434,116246,106223188,0,0
110518861,1818,1,4180451,110517453,110518861,1408,106338410,1408,106337002,0,0
110520181,1819,1,4180457,110518861,110520181,1320,106339724,1320,106338404,0,0
110520548,1801,1,4178177,110458052,110520548,62496,106342371,62496,106279875,0,0
110520995,1645,1,4177380,110171913,110520995,349082,106343615,349082,105994533,0,0
110521482,1074,1,4082659,108293655,110521482,2227827,106438823,2227827,104210996,0,0
110521998,1821,1,4180470,110520548,110521998,1450,106341528,1450,106340078,0,0
110522339,1820,1,4180464,110520181,110522339,2158,106341875,2158,106339717,0,0
110522540,1822,1,4180482,110520995,110522540,1545,106342058,1545,106340513,0,0
110523528,1824,1,4180486,110521998,110523528,1530,106343042,1530,106341512,0,0
110525607,1752,1,4177875,110335561,110525607,190046,106347732,190046,106157686,0,0
110527384,1828,1,4180507,110525607,110527384,1777,106346877,1777,106345100,0,0
110528919,1829,1,4180510,110527384,110528919,1535,106348409,1535,106346874,0,0
110530270,1830,1,4180511,110528919,110530270,1351,106349759,1351,106348408,0,0
110531062,1831,1,4180512,110530270,110531062,792,106350550,792,106349758,0,0
110534087,1811,1,4180412,110487458,110534087,46629,106353675,46629,106307046,0,0
110535806,1632,1,4177320,110137051,110535806,398755,106358486,398755,105959731,0,0
110537100,1792,1,4178063,110428944,110537100,108156,106359037,108156,106250881,0,0
110537626,1807,1,4180399,110475775,110537626,61851,106357227,61851,106295376,0,0
110538664,1754,1,4177887,110339031,110538664,199633,106360777,199633,106161144,0,0
110543597,1809,1,4180405,110480472,110543597,63125,106363192,63125,106300067,0,0
110544639,1768,1,4177947,110365649,110544639,178990,106366692,178990,106187702,0,0
110544976,1832,1,4180521,110531062,110544976,13914,106364455,13914,106350541,0,0
110547875,1671,1,4177500,110208398,110547875,339477,106370375,339477,106030898,0,0
110549301,1816,1,4180446,110507207,110549301,42094,106368855,42094,106326761,0,0
110549356,1835,1,4180536,110537100,110549356,12256,106368820,12256,106356564,0,0
110550757,1774,1,4177968,110374391,110550757,176366,106372789,176366,106196423,0,0
110554628,1841,1,4180566,110547875,110554628,6753,106374062,6753,106367309,0,0
110559428,1844,1,4180580,110550757,110559428,8671,106378848,8671,106370177,0,0
110560950,1834,1,4180533,110535806,110560950,25144,106380417,25144,106355273,0,0
110561165,1843,1,4180570,110549356,110561165,11809,106380595,11809,106368786,0,0
110561260,1772,1,4177962,110369330,110561260,191930,106383298,191930,106191368,0,0
110561452,1846,1,4180588,110559428,110561452,2024,106380864,2024,106378840,0,0
110564622,1847,1,4180592,110560950,110564622,3672,106384030,3672,106380358,0,0
110566787,1815,1,4180439,110505956,110566787,60831,106386348,60831,106325517,0,0
110567941,1848,1,4180597,110561165,110567941,6776,106387344,6776,106380568,0,0
110568453,1850,1,4180606,110561452,110568453,7001,106387847,7001,106380846,0,0
110570071,1854,1,4180623,110568453,110570071,1618,106389448,1618,106387830,0,0
110571299,1814,1,4180428,110505624,110571299,65675,106390871,65675,106325196,0,0
110572511,1778,1,4177989,110385713,110572511,186798,106394522,186798,106207724,0,0
110573221,1849,1,4180602,110561260,110573221,11961,106392619,11961,106380658,0,0
110573894,1842,1,4180570,110549301,110573894,24593,106393324,24593,106368731,0,0
110574769,1859,1,4180646,110573894,110574769,875,106394123,875,106393248,0,0
110575279,1653,1,4177420,110181612,110575279,393667,106397859,393667,106004192,0,0
110586015,1845,1,4180585,110554628,110586015,31387,106405430,31387,106374043,0,0
110586850,1852,1,4180614,110566787,110586850,20063,106406236,20063,106386173,0,0
110586878,1862,1,4180661,110586015,110586878,863,106406217,863,106405354,0,0
110590913,1840,1,4180555,110544976,110590913,45937,106410358,45937,106364421,0,0
110592390,1865,1,4180671,110590913,110592390,1477,106411719,1477,106410242,0,0
110601430,1833,1,4180529,110534087,110601430,67343,106420901,67343,106353558,0,0
110602559,1789,1,4178047,110424230,110602559,178329,106424512,178329,106246183,0,0
110609882,1853,1,4180620,110567941,110609882,41941,106429262,41941,106387321,0,0
110610806,1869,1,4180693,110609882,110610806,924,106430113,924,106429189,0,0
110613399,1796,1,4178080,110436580,110613399,176819,106435319,176819,106258500,0,0
110615540,1857,1,4180638,110572511,110615540,43029,106434902,43029,106391873,0,0
110616803,1861,1,4180652,110575279,110616803,41524,106436151,41524,106394627,0,0
110617460,1785,1,4178038,110411687,110617460,205773,106439422,205773,106233649,0,0
110617811,1788,1,4178045,110418565,110617811,199246,106439766,199246,106240520,0,0
110620209,1683,1,4177555,110233710,110620209,386499,106442654,386499,106056155,0,0
110622251,1855,1,4180626,110570071,110622251,52180,106441625,52180,106389445,0,0
110623967,1870,1,4180695,110610806,110623967,13161,106443272,13161,106430111,0,0
110625478,1878,1,4180739,110623967,110625478,1511,106444739,1511,106443228,0,0
110625611,1866,1,4180678,110592390,110625611,33221,106444933,33221,106411712,0,0
110626561,1880,1,4180751,110625611,110626561,950,106445810,950,106444860,0,0
110629384,1868,1,4180682,110602559,110629384,26825,106448702,26825,106421877,0,0
110629952,1874,1,4180709,110617460,110629952,12492,106449243,12492,106436751,0,0
110630272,1873,1,4180708,110616803,110630272,13469,106449564,13469,106436095,0,0
110631411,1883,1,4180779,110629952,110631411,1459,106450632,1459,106449173,0,0
110635191,1871,1,4180695,110613399,110635191,21792,106454496,21792,106432704,0,0
110635782,1808,1,4180404,110477510,110635782,158272,106455378,158272,106297106,0,0
110638170,1769,1,4177949,110366555,110638170,271615,106460221,271615,106188606,0,0
110639941,1875,1,4180712,110617811,110639941,22130,106459229,22130,106437099,0,0
110654323,1837,1,4180546,110538664,110654323,115659,106473777,115659,106358118,0,0
110659635,1879,1,4180748,110625478,110659635,34157,106478887,34157,106444730,0,0
110661176,1891,1,4180831,110659635,110661176,1541,106480345,1541,106478804,0,0
110669700,1877,1,4180734,110622251,110669700,47449,106488966,47449,106441517,0,0
110670293,1889,1,4180818,110639941,110670293,30352,106489475,30352,106459123,0,0
110674912,1894,1,4180853,110670293,110674912,4619,106494059,4619,106489440,0,0
110682310,1823,1,4180483,110521482,110682310,160828,106501827,160828,106340999,0,0
110688615,1881,1,4180765,110626561,110688615,62054,106507850,62054,106445796,0,0
110690190,1730,1,4177761,110299390,110690190,390800,106512429,390800,106121629,0,0
110705828,1896,1,4180858,110682310,110705828,23518,106524970,23518,106501452,0,0
110710863,1898,1,4180872,110690190,110710863,20673,106529991,20673,106509318,0,0
110713078,1838,1,4180552,110543597,110713078,169481,106532526,169481,106363045,0,0
110722166,1798,1,4178110,110442973,110722166,279193,106544056,279193,106264863,0,0
110726826,1900,1,4180882,110710863,110726826,15963,106545944,15963,106529981,0,0
110727634,1903,1,4180895,110726826,110727634,808,106546739,808,106545931,0,0
110728234,1750,1,4177866,110332028,110728234,396206,106550368,396206,106154162,0,0
110730232,1858,1,4180642,110573221,110730232,157011,106549590,157011,106392579,0,0
110731006,1872,1,4180703,110615540,110731006,115466,106550303,115466,106434837,0,0
110731300,1813,1,4180423,110491571,110731300,239729,106550877,239729,106311148,0,0
110731800,1551,1,4176964,109911266,110731800,820534,106554836,820534,105734302,0,0
110734043,1909,1,4180922,110731800,110734043,2243,106553121,2243,106550878,0,0
110738647,1867,1,4180681,110601430,110738647,137217,106557966,137217,106420749,0,0
110739174,1899,1,4180873,110705828,110739174,33346,106558301,33346,106524955,0,0
110742836,1864,1,4180665,110586878,110742836,155958,106562171,155958,106406213,0,0
110745338,1781,1,4178006,110389231,110745338,356107,106567332,356107,106211225,0,0
110745760,1902,1,4180895,110722166,110745760,23594,106564865,23594,106541271,0,0
110747841,1893,1,4180844,110669700,110747841,78141,106566997,78141,106488856,0,0
110749996,1794,1,4178072,110431865,110749996,318131,106571924,318131,106253793,0,0
110750970,1917,1,4180962,110749996,110750970,974,106570008,974,106569034,0,0
110751994,1916,1,4180952,110747841,110751994,4153,106571042,4153,106566889,0,0
110753340,1919,1,4180967,110751994,110753340,1346,106572373,1346,106571027,0,0
110761594,1906,1,4180910,110730232,110761594,31362,106580684,31362,106549322,0,0
110762663,1826,1,4180504,110522540,110762663,240123,106582159,240123,106342036,0,0
110767327,1020,2,4063139,106345312,110767327,4422015,106704188,4422015,102282173,0,0
110768290,1905,1,4180906,110728234,110768290,40056,106587384,40056,106547328,0,0
110769759,1925,1,4180992,110768290,110769759,1469,106588767,1469,106587298,0,0
110774385,1914,1,4180946,110745338,110774385,29047,106593439,29047,106564392,0,0
110774659,1910,1,4180923,110734043,110774659,40616,106593736,40616,106553120,0,0
110774795,1921,1,4180977,110761594,110774795,13201,106593818,13201,106580617,0,0
110775812,1927,1,4181007,110774385,110775812,1427,106594805,1427,106593378,0,0
110777106,1887,1,4180805,110635782,110777106,141324,106596301,141324,106454977,0,0
110778689,1922,1,4180980,110762663,110778689,16026,106597709,16026,106581683,0,0
110780774,1827,1,4180504,110523528,110780774,257246,106600270,257246,106343024,0,0
110781126,1931,1,4181025,110777106,110781126,4020,106600101,4020,106596081,0,0
110781158,1895,1,4180856,110674912,110781158,106246,106600302,106246,106494056,0,0
110781647,1926,1,4181006,110769759,110781647,11888,106600641,11888,106588753,0,0
110785097,1892,1,4180839,110661176,110785097,123921,106604258,123921,106480337,0,0
110786555,1937,1,4181047,110785097,110786555,1458,106605508,1458,106604050,0,0
110789146,1885,1,4180792,110631411,110789146,157735,106608354,157735,106450619,0,0
110789474,1920,1,4180975,110753340,110789474,36134,106608499,36134,106572365,0,0
110790300,1939,1,4181059,110789146,110790300,1154,106609241,1154,106608087,0,0
110793231,1938,1,4181055,110786555,110793231,6676,106612176,6676,106605500,0,0
110794466,1836,1,4180544,110537626,110794466,256840,106613922,256840,106357082,0,0
110794681,1908,1,4180918,110731300,110794681,63381,106613763,63381,106550382,0,0
110802025,1929,1,4181019,110774795,110802025,27230,106621006,27230,106593776,0,0
110802417,1860,1,4180650,110574769,110802417,227648,106621767,227648,106394119,0,0
110802418,1933,1,4181033,110780774,110802418,21644,106621385,21644,106599741,0,0
110804564,1904,1,4180897,110727634,110804564,76930,106623667,76930,106546737,0,0
110806292,1944,1,4181081,110794681,110806292,11611,106625211,11611,106613600,0,0
110807443,1780,1,4178000,110387798,110807443,419645,106629443,419645,106209798,0,0
110811709,1839,1,4180554,110544639,110811709,267070,106631155,267070,106364085,0,0
110813503,1949,1,4181106,110806292,110813503,7211,106632397,7211,106625186,0,0
110814439,1943,1,4181074,110794466,110814439,19973,106633365,19973,106613392,0,0
110816629,1948,1,4181101,110804564,110816629,12065,106635528,12065,106623463,0,0
110820625,1912,1,4180935,110739174,110820625,81451,106639690,81451,106558239,0,0
110821413,1928,1,4181010,110774659,110821413,46754,106640403,46754,106593649,0,0
110821909,1940,1,4181061,110789474,110821909,32435,106640848,32435,106608413,0,0
110822638,1947,1,4181098,110802418,110822638,20220,106641540,20220,106621320,0,0
110824089,1942,1,4181072,110793231,110824089,30858,106643017,30858,106612159,0,0
110828018,1951,1,4181113,110811709,110828018,16309,106646905,16309,106630596,0,0
110834546,1950,1,4181111,110807443,110834546,27103,106653435,27103,106626332,0,0
110838292,1953,1,4181123,110814439,110838292,23853,106657169,23853,106633316,0,0
110839786,1962,1,4181179,110838292,110839786,1494,106658607,1494,106657113,0,0
110840589,1963,1,4181193,110839786,110840589,803,106659396,803,106658593,0,0
110842376,1960,1,4181165,110828018,110842376,14358,106661211,14358,106646853,0,0
110843515,1945,1,4181084,110802025,110843515,41490,106662431,41490,106620941,0,0
110844846,1856,1,4180637,110571299,110844846,273547,106664209,273547,106390662,0,0
110846900,1957,1,4181156,110821909,110846900,24991,106665744,24991,106640753,0,0
110847231,1934,1,4181034,110781126,110847231,66105,106666197,66105,106600092,0,0
110848755,1969,1,4181221,110847231,110848755,1524,106667534,1524,106666010,0,0
110849490,1704,1,4177642,110268020,110849490,581470,106671848,581470,106090378,0,0
110850805,1970,1,4181233,110848755,110850805,2050,106669572,2050,106667522,0,0
110851190,1913,1,4180941,110742836,110851190,108354,106670249,108354,106561895,0,0
110854729,1890,1,4180825,110654323,110854729,200406,106673904,200406,106473498,0,0
110858234,1967,1,4181209,110844846,110858234,13388,106677025,13388,106663637,0,0
110863948,1712,1,4177676,110274005,110863948,589943,106686272,589943,106096329,0,0
110866419,1966,1,4181206,110843515,110866419,22904,106685213,22904,106662309,0,0
110868854,1897,1,4180868,110688615,110868854,180239,106687986,180239,106507747,0,0
110869019,1959,1,4181162,110824089,110869019,44930,106687857,44930,106642927,0,0
110871905,1672,1,4177505,110210383,110871905,661522,106694400,661522,106032878,0,0
110876341,1979,1,4181313,110869019,110876341,7322,106695028,7322,106687706,0,0
110877137,1981,1,4181352,110876341,110877137,796,106695785,796,106694989,0,0
110877593,1965,1,4181205,110842376,110877593,35217,106696388,35217,106661171,0,0
110877920,1976,1,4181268,110863948,110877920,13972,106696652,13972,106682680,0,0
110879027,1753,1,4177878,110338886,110879027,540141,106701149,540141,106161008,0,0
110881096,1978,1,4181311,110868854,110881096,12242,106699785,12242,106687543,0,0
110882091,1924,1,4180992,110767327,110882091,114764,106701099,114764,106586335,0,0
110883997,1977,1,4181287,110866419,110883997,17578,106702710,17578,106685132,0,0
110887630,1936,1,4181044,110781647,110887630,105983,106706586,105983,106600603,0,0
110889531,1954,1,4181126,110816629,110889531,72902,106708405,72902,106635503,0,0
110889677,1884,1,4180780,110630272,110889677,259405,106708897,259405,106449492,0,0
110890873,1935,1,4181043,110781158,110890873,109715,106709830,109715,106600115,0,0
110892094,1992,1,4184050,110890873,110892094,1221,106708044,1221,106706823,0,0
110895261,1795,1,4178073,110435841,110895261,459420,106717188,459420,106257768,0,0
110895465,1955,1,4181136,110820625,110895465,74840,106714329,74840,106639489,0,0
110905159,1930,1,4181020,110775812,110905159,129347,106724139,129347,106594792,0,0
110906625,1584,1,4177117,109965464,110906625,941161,106729508,941161,105788347,0,0
110908198,1886,1,4180795,110635191,110908198,273007,106727403,273007,106454396,0,0
110909089,1915,1,4180951,110745760,110909089,163329,106728138,163329,106564809,0,0
110909627,1986,1,4181428,110881096,110909627,28531,106728199,28531,106699668,0,0
110910664,1985,1,4181417,110879027,110910664,31637,106729247,31637,106697610,0,0
110912141,1993,1,4184052,110892094,110912141,20047,106728089,20047,106708042,0,0
110914278,1851,1,4180612,110564622,110914278,349656,106733666,349656,106384010,0,0
110923912,1907,1,4180910,110731006,110923912,192906,106743002,192906,106550096,0,0
110924104,1918,1,4180964,110750970,110924104,173134,106743140,173134,106570006,0,0
110927886,1997,1,4184070,110906625,110927886,21261,106743816,21261,106722555,0,0
110934182,1911,1,4180934,110738647,110934182,195535,106753248,195535,106557713,0,0
110937901,1998,1,4184074,110908198,110937901,29703,106753827,29703,106724124,0,0
110941877,1994,1,4184054,110895261,110941877,46616,106757823,46616,106711207,0,0
110942592,1961,1,4181172,110834546,110942592,108046,106761420,108046,106653374,0,0
110948357,1923,1,4180987,110767327,110948357,181030,106767370,181030,106586340,0,0
110953422,1863,1,4180662,110586850,110953422,366572,106772760,366572,106406188,0,0
110965353,1783,1,4178019,110397584,110965353,567769,106787334,567769,106219565,0,0
110967957,1941,1,4181071,110790300,110967957,177657,106786886,177657,106609229,0,0
110971827,1999,1,4184082,110909089,110971827,62738,106787745,62738,106725007,0,0
110982052,1973,1,4181252,110851190,110982052,130862,106800800,130862,106669938,0,0
110988751,1946,1,4181087,110802417,110988751,186334,106807664,186334,106621330,0,0
110998080,1990,1,4181472,110889531,110998080,108549,106816608,108549,106708059,0,0
111001303,1984,1,4181395,110877920,111001303,123383,106819908,123383,106696525,0,0
111005436,1983,1,4181374,110877593,111005436,127843,106824062,127843,106696219,0,0
111010784,1932,1,4181028,110778689,111010784,232095,106829756,232095,106597661,0,0
111012843,1812,1,4180417,110490294,111012843,522549,106832426,522549,106309877,0,0
111017728,1974,1,4181255,110854729,111017728,162999,106836473,162999,106673474,0,0
111020879,1958,1,4181156,110822638,111020879,198241,106839723,198241,106641482,0,0
111022051,1956,1,4181140,110821413,111022051,200638,106840911,200638,106640273,0,0
111024449,1964,1,4181193,110840589,111024449,183860,106843256,183860,106659396,0,0
111044027,1825,1,4180495,110522339,111044027,521688,106863532,521688,106341844,0,0
111047464,1888,1,4180809,110638170,111047464,409294,106866655,409294,106457361,0,0
111055104,1989,1,4181460,110887630,111055104,167474,106873644,167474,106706170,0,0
111060895,1882,1,4180765,110629384,111060895,431511,106880130,431511,106448619,0,0
111062877,1901,1,4180885,110713078,111062877,349799,106881992,349799,106532193,0,0
111066899,1980,1,4181328,110871905,111066899,194994,106885571,194994,106690577,0,0
111071024,1987,1,4181442,110882091,111071024,188933,106889582,188933,106700649,0,0
111118287,1975,1,4181260,110858234,111118287,260053,106937027,260053,106676974,0,0
111126312,1952,1,4181115,110813503,111126312,312809,106945197,312809,106632388,0,0
111129607,1817,1,4180449,110516768,111129607,612839,106949158,612839,106336319,0,0
111134075,1995,1,4184055,110895465,111134075,238610,106950020,238610,106711410,0,0
111190073,1996,1,4184064,110905159,111190073,284914,107006009,284914,106721095,0,0
111238616,1991,1,4181474,110889677,111238616,348939,107057142,348939,106708203,0,0
111262595,1972,1,4181246,110850805,111262595,411790,107081349,411790,106669559,0,0
111289437,1988,1,4181446,110883997,111289437,405440,107107991,405440,106702551,0,0
111296191,1968,1,4181221,110846900,111296191,449291,107114970,449291,106665679,0,0
111298047,1971,1,4181233,110849490,111298047,448557,107116814,448557,106668257,0,0
111455988,1075,1,4085427,108293655,111455988,3162333,107370561,3162333,104208228,0,0
111790056,1982,1,4181366,110877137,111790056,912919,107608690,912919,106695771,0,0
111862571,1876,1,4180721,110620209,111862571,1242362,107681850,1242362,106439488,0,0
112170058,335,1,3740001,73398368,112170058,38771690,108430057,38771690,69658367,0,0
112784905,1086,4,4138938,108348929,112784905,4435976,108645967,4435976,104209991,0,0
113072660,941,1,3987760,97841930,113072660,15230730,109084900,15230730,93854170,0,0
113459363,1085,1,4094141,108293655,113459363,5165708,109365222,5165708,104199514,0,0
113861201,1076,1,4093902,108293655,113861201,5567546,109767299,5567546,104199753,0,0
115100204,922,2,3973590,96991715,115100204,18108489,111126614,18108489,93018125,0,0
115807128,1027,2,4063194,106458254,115807128,9348874,111743934,9348874,102395060,0,0
116339894,48,1,2635455,2635455,116339894,113704439,113704439,113704439,0,0,0
121948751,1025,2,4063180,106398904,121948751,15549847,117885571,15549847,102335724,0,0
122812896,668,1,3927597,85727297,122812896,37085599,118885299,37085599,81799700,0,0
127024017,670,1,3927628,85733750,127024017,41290267,123096389,41290267,81806122,0,0
128559439,331,1,3739855,73398368,128559439,55161071,124819584,55161071,69658513,0,0
128799244,20,1,2026383,2026383,128799244,126772861,126772861,126772861,0,0,0
128962070,191,2,3633062,50277273,128962070,78684797,125329008,78684797,46644211,0,0
130413730,953,1,3999448,102991807,130413730,27421923,126414282,27421923,98992359,0,0
133289286,69,1,3000159,3000159,133289286,130289127,130289127,130289127,0,0,0
143436003,103,2,3473876,3473876,143436003,139962127,139962127,139962127,0,0,0
144971443,84,1,3148287,3148287,144971443,141823156,141823156,141823156,0,0,0
147056530,31,1,2486553,2486553,147056530,144569977,144569977,144569977,0,0,0
147367842,75,1,3046811,3046811,147367842,144321031,144321031,144321031,0,0,0
156204900,167,1,3579062,27625053,156204900,128579847,152625838,128579847,24045991,0,0
159707369,36,1,2592271,2592271,159707369,157115098,157115098,157115098,0,0,0
160985093,946,1,3997242,97841930,160985093,63143163,156987851,63143163,93844688,0,0
164302402,316,4,3709729,67400387,164302402,96902015,160592673,96902015,63690658,0,0
165274287,59,1,2770101,2770101,165274287,162504186,162504186,162504186,0,0,0
171437249,311,4,3704458,65444587,171437249,105992662,167732791,105992662,61740129,0,0
184605412,264,1,3652672,58083804,184605412,126521608,180952740,126521608,54431132,0,0
207444486,642,1,3846744,85711271,207444486,121733215,203597742,121733215,81864527,0,0
210534536,40,1,2593602,2593602,210534536,207940934,207940934,207940934,0,0,0
220715873,608,4,3787189,85711271,220715873,135004602,216928684,135004602,81924082,0,0
227863446,23,1,2097261,2097261,227863446,225766185,225766185,225766185,0,0,0
228158480,635,1,3831780,85711271,228158480,142447209,224326700,142447209,81879491,0,0
230674267,90,1,3257189,3257189,230674267,227417078,227417078,227417078,0,0,0
234327393,52,1,2669417,2669417,234327393,231657976,231657976,231657976,0,0,0
259705672,61,1,2877615,2877615,259705672,256828057,256828057,256828057,0,0,0
283929375,3,1,289185,289185,283929375,283640190,283640190,283640190,0,0,0
284494624,88,1,3210601,3210601,284494624,281284023,281284023,281284023,0,0,0
297998228,641,1,3846742,85711271,297998228,212286957,294151486,212286957,81864529,0,0
313867941,80,1,3129585,3129585,313867941,310738356,310738356,310738356,0,0,0
339181677,12,4,1494845,1494845,339181677,337686832,337686832,337686832,0,0,0
353341087,35,1,2580746,2580746,353341087,350760341,350760341,350760341,0,0,0
369472225,51,1,2663374,2663374,369472225,366808851,366808851,366808851,0,0,0
371777470,136,1,3568314,27617132,371777470,344160338,368209156,344160338,24048818,0,0
371833916,134,1,3567705,27617132,371833916,344216784,368266211,344216784,24049427,0,0
474066984,81,1,3129645,3129645,474066984,470937339,470937339,470937339,0,0,0
514637545,50,1,2663373,2663373,514637545,511974172,511974172,511974172,0,0,0
562303480,43,1,2595591,2595591,562303480,559707889,559707889,559707889,0,0,0
616705095,5,1,291876,291876,616705095,616413219,616413219,616413219,0,0,0
691659570,46,1,2614324,2614324,691659570,689045246,689045246,689045246,0,0,0
736002708,6,4,786808,786808,736002708,735215900,735215900,735215900,0,0,0
739860515,14,4,1537243,1537243,739860515,738323272,738323272,738323272,0,0,0
806901182,44,1,2597361,2597361,806901182,804303821,804303821,804303821,0,0,0
847968566,10,2,1452854,1452854,847968566,846515712,846515712,846515712,0,0,0
869397499,34,1,2532908,2532908,869397499,866864591,866864591,866864591,0,0,0
