time,job_id,num_gpu,submit_time,start_time,end_time,executed_time,JCT,duration,pending_time,preempt,promote
2621825,41,1,1945408,1945408,2621825,676417,676417,676417,0,0,0
2875091,58,1,2326954,2326954,2875091,548137,548137,548137,0,0,0
2895433,1,8,201694,201694,2895433,2693739,2693739,2693739,0,0,0
2932576,32,1,1943942,1943942,2932576,988634,988634,988634,0,0,0
3105119,55,8,2094682,2094682,3105119,1010437,1010437,1010437,0,0,0
3112940,24,1,1943873,1943873,3112940,1169067,1169067,1169067,0,0,0
3120200,57,1,2324998,2324998,3120200,795202,795202,795202,0,0,0
3141941,30,1,1943932,1943932,3141941,1198009,1198009,1198009,0,0,0
3184635,18,1,1943813,1943813,3184635,1240822,1240822,1240822,0,0,0
3219858,53,1,1945550,1945550,3219858,1274308,1274308,1274308,0,0,0
3278061,66,1,2348780,2348780,3278061,929281,929281,929281,0,0,0
3288611,86,1,2372731,2372731,3288611,915880,915880,915880,0,0,0
3368457,64,1,2341345,2341345,3368457,1027112,1027112,1027112,0,0,0
4389716,269,4,4363768,4388907,4389716,809,25948,809,25139,0,0
5429226,38,1,1945158,1945158,5429226,3484068,3484068,3484068,0,0,0
5747686,484,1,5735206,5746918,5747686,768,12480,768,11712,0,0
6020538,101,8,3077111,3105119,6020538,2915419,2943427,2915419,28008,0,0
6021696,304,8,4688734,6020538,6021696,1158,1332962,1158,1331804,0,0
6023008,133,8,3572938,6021696,6023008,1312,2450070,1312,2448758,0,0
6023039,476,1,5729137,6021696,6023039,1343,293902,1343,292559,0,0
6023171,363,1,5176427,6021696,6023171,1475,846744,1475,845269,0,0
6024540,505,8,5826341,6023008,6024540,1532,198199,1532,196667,0,0
6024674,315,4,4748327,6023008,6024674,1666,1276347,1666,1274681,0,0
6026242,263,4,4302753,6024540,6026242,1702,1723489,1702,1721787,0,0
6026257,199,4,4038772,6024540,6026257,1717,1987485,1717,1985768,0,0
6026298,477,1,5729215,6024540,6026298,1758,297083,1758,295325,0,0
6026342,341,1,5078427,6024540,6026342,1802,947915,1802,946113,0,0
6026689,256,4,4245994,6024674,6026689,2015,1780695,2015,1778680,0,0
6026953,404,1,5331943,6024674,6026953,2279,695010,2279,692731,0,0
6027053,394,1,5306114,6024674,6027053,2379,720939,2379,718560,0,0
6027077,347,1,5078631,6024674,6027077,2403,948446,2403,946043,0,0
6027243,513,1,5865216,6024674,6027243,2569,162027,2569,159458,0,0
6028038,343,1,5078491,6024674,6028038,3364,949547,3364,946183,0,0
6029824,165,8,3852752,6026257,6029824,3567,2177072,3567,2173505,0,0
6029906,356,1,5147961,6026257,6029906,3649,881945,3649,878296,0,0
6029916,354,1,5147893,6026257,6029916,3659,882023,3659,878364,0,0
6030536,530,4,5904197,6026689,6030536,3847,126339,3847,122492,0,0
6030586,353,1,5147866,6026689,6030586,3897,882720,3897,878823,0,0
6034444,286,4,4522984,6029824,6034444,4620,1511460,4620,1506840,0,0
6035418,520,1,5872774,6029824,6035418,5594,162644,5594,157050,0,0
6037492,140,8,3586358,6030536,6037492,6956,2451134,6956,2444178,0,0
6037884,223,1,4225248,6030536,6037884,7348,1812636,7348,1805288,0,0
6042133,272,4,4394242,6034444,6042133,7689,1647891,7689,1640202,0,0
6046214,259,4,4251434,6037492,6046214,8722,1794780,8722,1786058,0,0
6051315,122,8,3390490,6042133,6051315,9182,2660825,9182,2651643,0,0
6057347,407,4,5365237,6046214,6057347,11133,692110,11133,680977,0,0
6063582,266,4,4305079,6051315,6063582,12267,1758503,12267,1746236,0,0
6070021,321,8,4856485,6057347,6070021,12674,1213536,12674,1200862,0,0
6070141,551,1,5971016,6057347,6070141,12794,99125,12794,86331,0,0
6071363,389,1,5305167,6057347,6071363,14016,766196,14016,752180,0,0
6071665,395,1,5306185,6057347,6071665,14318,765480,14318,751162,0,0
6079657,504,4,5820527,6063582,6079657,16075,259130,16075,243055,0,0
6086363,257,4,4246023,6070021,6086363,16342,1840340,16342,1823998,0,0
6088027,429,4,5539973,6070021,6088027,18006,548054,18006,530048,0,0
6089348,454,1,5661691,6070021,6089348,19327,427657,19327,408330,0,0
6090615,426,1,5448992,6070021,6090615,20594,641623,20594,621029,0,0
6107266,451,8,5655938,6086363,6107266,20903,451328,20903,430425,0,0
6109308,515,4,5865263,6088027,6109308,21281,244045,21281,222764,0,0
6129503,523,4,5875152,6107266,6129503,22237,254351,22237,232114,0,0
6132204,144,8,3668447,6109308,6132204,22896,2463757,22896,2440861,0,0
6132747,569,1,6057618,6109308,6132747,23439,75129,23439,51690,0,0
6133435,475,1,5726501,6109308,6133435,24127,406934,24127,382807,0,0
6153666,265,4,4304374,6129503,6153666,24163,1849292,24163,1825129,0,0
6158446,156,8,3775871,6132204,6158446,26242,2382575,26242,2356333,0,0
6159447,479,1,5729899,6132204,6159447,27243,429548,27243,402305,0,0
6183098,514,4,5865253,6153666,6183098,29432,317845,29432,288413,0,0
6188503,445,4,5652948,6158446,6188503,30057,535555,30057,505498,0,0
6188652,346,1,5078599,6158446,6188652,30206,1110053,30206,1079847,0,0
6188942,384,4,5303127,6158446,6188942,30496,885815,30496,855319,0,0
6214682,382,4,5303075,6183098,6214682,31584,911607,31584,880023,0,0
6220088,195,4,4022105,6188503,6220088,31585,2197983,31585,2166398,0,0
6221030,470,4,5709256,6188942,6221030,32088,511774,32088,479686,0,0
6221035,556,1,5983209,6188942,6221035,32093,237826,32093,205733,0,0
6246844,409,4,5367404,6214682,6246844,32162,879440,32162,847278,0,0
6253979,328,8,4974958,6221030,6253979,32949,1279021,32949,1246072,0,0
6273010,577,4,6243133,6246844,6273010,26166,29877,26166,3711,0,0
6288349,560,4,6045036,6253979,6288349,34370,243313,34370,208943,0,0
6288622,283,4,4521634,6253979,6288622,34643,1766988,34643,1732345,0,0
6288640,565,1,6050552,6253979,6288640,34661,238088,34661,203427,0,0
6289926,552,1,5975373,6253979,6289926,35947,314553,35947,278606,0,0
6290788,226,1,4225258,6253979,6290788,36809,2065530,36809,2028721,0,0
6298460,583,1,6294558,6297078,6298460,1382,3902,1382,2520,0,0
6323313,584,1,6297078,6297083,6323313,26230,26235,26230,5,0,0
6324169,587,1,6297090,6297659,6324169,26510,27079,26510,569,0,0
6327102,126,8,3407887,6288349,6327102,38753,2919215,38753,2880462,0,0
6328870,507,1,5832079,6288349,6328870,40521,496791,40521,456270,0,0
6329705,177,4,3960923,6288622,6329705,41083,2368782,41083,2327699,0,0
6335993,592,1,6302344,6307598,6335993,28395,33649,28395,5254,0,0
6368888,174,8,3922206,6327102,6368888,41786,2446682,41786,2404896,0,0
6411299,532,8,5906977,6368888,6411299,42411,504322,42411,461911,0,0
6411318,597,1,6307819,6368888,6411318,42430,103499,42430,61069,0,0
6453731,443,8,5628790,6411299,6453731,42432,824941,42432,782509,0,0
6491674,636,1,6489790,6489880,6491674,1794,1884,1794,90,0,0
6496915,193,8,4011623,6453731,6496915,43184,2485292,43184,2442108,0,0
6497134,301,4,4570131,6453731,6497134,43403,1927003,43403,1883600,0,0
6498770,364,1,5176435,6453731,6498770,45039,1322335,45039,1277296,0,0
6538736,644,1,6495804,6495809,6538736,42927,42932,42927,5,0,0
6541209,665,1,6534521,6538736,6541209,2473,6688,2473,4215,0,0
6541999,188,8,3996027,6496915,6541999,45084,2545972,45084,2500888,0,0
6542836,332,1,5060944,6496915,6542836,45921,1481892,45921,1435971,0,0
6544197,516,4,5868672,6497134,6544197,47063,675525,47063,628462,0,0
6574687,656,4,6510635,6541999,6574687,32688,64052,32688,31364,0,0
6592138,111,8,3236670,6544197,6592138,47941,3355468,47941,3307527,0,0
6592201,640,1,6495588,6544197,6592201,48004,96613,48004,48609,0,0
6622845,457,4,5690742,6574687,6622845,48158,932103,48158,883945,0,0
6623732,386,1,5304384,6574687,6623732,49045,1319348,49045,1270303,0,0
6623972,339,1,5078331,6574687,6623972,49285,1545641,49285,1496356,0,0
6628727,669,4,6588893,6592138,6628727,36589,39834,36589,3245,0,0
6641225,675,4,6597402,6622845,6641225,18380,43823,18380,25443,0,0
6642004,296,4,4531335,6592138,6642004,49866,2110669,49866,2060803,0,0
6660387,671,4,6596579,6628727,6660387,31660,63808,31660,32148,0,0
6679896,672,4,6596586,6641225,6679896,38671,83310,38671,44639,0,0
6711474,367,8,5214587,6660387,6711474,51087,1496887,51087,1445800,0,0
6731999,490,4,5789711,6679896,6731999,52103,942288,52103,890185,0,0
6764632,529,4,5904192,6711474,6764632,53158,860440,53158,807282,0,0
6785747,275,8,4436304,6731999,6785747,53748,2349443,53748,2295695,0,0
6819568,202,4,4072703,6764632,6819568,54936,2746865,54936,2691929,0,0
6841136,434,8,5569193,6785747,6841136,55389,1271943,55389,1216554,0,0
6875013,406,4,5363283,6819568,6875013,55445,1511730,55445,1456285,0,0
6898446,310,4,4710506,6841136,6898446,57310,2187940,57310,2130630,0,0
6899334,478,1,5729250,6841136,6899334,58198,1170084,58198,1111886,0,0
6899366,398,1,5309936,6841136,6899366,58230,1589430,58230,1531200,0,0
6904334,480,4,5735148,6841136,6904334,63198,1169186,63198,1105988,0,0
6938396,649,4,6509153,6875013,6938396,63383,429243,63383,365860,0,0
6967877,148,8,3672188,6904334,6967877,63543,3295689,63543,3232146,0,0
6967968,459,1,5699161,6904334,6967968,63634,1268807,63634,1205173,0,0
7002418,660,4,6510883,6938396,7002418,64022,491535,64022,427513,0,0
7032386,141,8,3587038,6967877,7032386,64509,3445348,64509,3380839,0,0
7096929,531,8,5906942,7032386,7096929,64543,1189987,64543,1125444,0,0
7163933,162,8,3831486,7096929,7163933,67004,3332447,67004,3265443,0,0
7165884,474,1,5718484,7096929,7165884,68955,1447400,68955,1378445,0,0
7234047,147,8,3670526,7163933,7234047,70114,3563521,70114,3493407,0,0
7234974,568,1,6050566,7163933,7234974,71041,1184408,71041,1113367,0,0
7236298,697,4,7221212,7221218,7236298,15080,15086,15080,6,0,0
7236701,397,1,5309886,7163933,7236701,72768,1926815,72768,1854047,0,0
7307727,151,8,3771896,7234047,7307727,73680,3535831,73680,3462151,0,0
7308784,224,1,4225252,7234047,7308784,74737,3083532,74737,3008795,0,0
7309156,716,4,7278253,7307727,7309156,1429,30903,1429,29474,0,0
7311112,268,4,4322941,7236298,7311112,74814,2988171,74814,2913357,0,0
7326964,711,4,7244608,7307727,7326964,19237,82356,19237,63119,0,0
7330666,713,4,7247378,7309156,7330666,21510,83288,21510,61778,0,0
7332940,715,4,7256318,7311112,7332940,21828,76622,21828,54794,0,0
7402396,385,4,5304303,7326964,7402396,75432,2098093,75432,2022661,0,0
7404861,725,4,7363664,7402396,7404861,2465,41197,2465,38732,0,0
7407397,435,4,5569206,7330666,7407397,76731,1838191,76731,1761460,0,0
7407959,724,4,7363367,7404861,7407959,3098,44592,3098,41494,0,0
7412850,344,1,5078533,7330666,7412850,82184,2334317,82184,2252133,0,0
7416074,415,4,5381638,7332940,7416074,83134,2034436,83134,1951302,0,0
7417579,708,1,7229878,7332940,7417579,84639,187701,84639,103062,0,0
7429028,719,4,7359724,7407397,7429028,21631,69304,21631,47673,0,0
7437247,721,4,7361616,7407959,7437247,29288,75631,29288,46343,0,0
7458092,726,4,7365656,7416074,7458092,42018,92436,42018,50418,0,0
7471961,729,4,7369089,7429028,7471961,42933,102872,42933,59939,0,0
7508088,722,4,7361741,7437247,7508088,70841,146347,70841,75506,0,0
7534716,723,4,7363337,7458092,7534716,76624,171379,76624,94755,0,0
7555194,730,4,7369337,7471961,7555194,83233,185857,83233,102624,0,0
7593010,170,4,3887819,7508088,7593010,84922,3705191,84922,3620269,0,0
7640412,432,8,5562718,7555194,7640412,85218,2077694,85218,1992476,0,0
7652366,738,1,7619099,7640412,7652366,11954,33267,11954,21313,0,0
7678534,717,4,7282240,7593010,7678534,85524,396294,85524,310770,0,0
7728352,433,4,5565210,7640412,7728352,87940,2163142,87940,2075202,0,0
7728486,493,4,5799377,7640412,7728486,88074,1929109,88074,1841035,0,0
7728854,741,8,7651115,7728352,7728854,502,77739,502,77237,0,0
7735715,740,8,7651017,7728854,7735715,6861,84698,6861,77837,0,0
7753173,47,1,1945499,1945499,7753173,5807674,5807674,5807674,0,0,0
7764227,739,8,7651010,7735715,7764227,28512,113217,28512,84705,0,0
7798666,22,1,1943851,1943851,7798666,5854815,5854815,5854815,0,0,0
7852813,313,8,4721206,7764227,7852813,88586,3131607,88586,3043021,0,0
7853567,251,1,4238583,7764227,7853567,89340,3614984,89340,3525644,0,0
7854206,702,1,7229858,7764227,7854206,89979,624348,89979,534369,0,0
7854208,639,1,6495516,7764227,7854208,89981,1358692,89981,1268711,0,0
7854586,703,1,7229861,7764227,7854586,90359,624725,90359,534366,0,0
7855071,749,8,7794273,7852813,7855071,2258,60798,2258,58540,0,0
7857268,500,4,5809095,7764227,7857268,93041,2048173,93041,1955132,0,0
7862652,746,8,7788414,7855071,7862652,7581,74238,7581,66657,0,0
7905042,752,8,7819776,7862652,7905042,42390,85266,42390,42876,0,0
7914281,753,1,7869565,7905042,7914281,9239,44716,9239,35477,0,0
7957760,582,4,6247207,7862652,7957760,95108,1710553,95108,1615445,0,0
7958689,512,1,5865204,7862652,7958689,96037,2093485,96037,1997448,0,0
8003054,486,8,5758806,7905042,8003054,98012,2244248,98012,2146236,0,0
8003498,622,1,6482589,7905042,8003498,98456,1520909,98456,1422453,0,0
8004434,756,8,7912457,8003054,8004434,1380,91977,1380,90597,0,0
8004735,620,1,6482580,7905042,8004735,99693,1522155,99693,1422462,0,0
8010850,761,8,7989607,8004434,8010850,6416,21243,6416,14827,0,0
8037137,755,8,7911435,8010850,8037137,26287,125702,26287,99415,0,0
8069110,759,8,7967407,8037137,8069110,31973,101703,31973,69730,0,0
8128311,757,8,7914914,8069110,8128311,59201,213397,59201,154196,0,0
8152270,775,8,8123816,8128311,8152270,23959,28454,23959,4495,0,0
8157119,777,8,8143698,8152270,8157119,4849,13421,4849,8572,0,0
8164174,782,8,8152202,8157119,8164174,7055,11972,7055,4917,0,0
8169286,579,4,6246704,8069110,8169286,100176,1922582,100176,1822406,0,0
8177517,781,8,8151887,8164174,8177517,13343,25630,13343,12287,0,0
8196874,783,8,8167016,8177517,8196874,19357,29858,19357,10501,0,0
8227791,771,8,8083275,8196874,8227791,30917,144516,30917,113599,0,0
8286744,779,8,8148661,8227791,8286744,58953,138083,58953,79130,0,0
8291791,787,8,8242117,8286744,8291791,5047,49674,5047,44627,0,0
8313002,788,8,8242131,8291791,8313002,21211,70871,21211,49660,0,0
8360100,2,8,724670,724670,8360100,7635430,7635430,7635430,0,0,0
8375342,780,8,8151835,8313002,8375342,62340,223507,62340,161167,0,0
8453889,786,8,8242114,8360100,8453889,93789,211775,93789,117986,0,0
8460546,720,4,7359778,8360100,8460546,100446,1100768,100446,1000322,0,0
8477526,164,8,3845388,8375342,8477526,102184,4632138,102184,4529954,0,0
8478107,467,1,5704346,8375342,8478107,102765,2773761,102765,2670996,0,0
8480570,264,1,4302787,8375342,8480570,105228,4177783,105228,4072555,0,0
8521429,793,8,8434461,8453889,8521429,67540,86968,67540,19428,0,0
8552369,794,16,8462235,8521429,8552369,30940,90134,30940,59194,0,0
8630597,790,8,8398984,8552369,8630597,78228,231613,78228,153385,0,0
8657780,287,4,4523016,8552369,8657780,105411,4134764,105411,4029353,0,0
8658247,258,4,4251430,8552369,8658247,105878,4406817,105878,4300939,0,0
8658812,280,4,4507993,8552369,8658812,106443,4150819,106443,4044376,0,0
8737466,260,4,4253391,8630597,8737466,106869,4484075,106869,4377206,0,0
8738263,810,8,8689418,8737466,8738263,797,48845,797,48048,0,0
8740641,567,1,6050559,8630597,8740641,110044,2690082,110044,2580038,0,0
8740703,808,8,8680077,8738263,8740703,2440,60626,2440,58186,0,0
8745238,812,8,8690431,8740703,8745238,4535,54807,4535,50272,0,0
8769887,171,8,3892069,8658247,8769887,111640,4877818,111640,4766178,0,0
8801693,4,1,966542,966542,8801693,7835151,7835151,7835151,0,0,0
8843661,814,8,8690456,8745238,8843661,98423,153205,98423,54782,0,0
8883341,194,8,4017576,8769887,8883341,113454,4865765,113454,4752311,0,0
8884372,553,1,5983198,8769887,8884372,114485,2901174,114485,2786689,0,0
8886053,676,4,6605282,8769887,8886053,116166,2280771,116166,2164605,0,0
8887046,561,1,6050364,8769887,8887046,117159,2836682,117159,2719523,0,0
8888102,544,1,5966578,8769887,8888102,118215,2921524,118215,2803309,0,0
8957521,815,8,8844933,8883341,8957521,74180,112588,74180,38408,0,0
8961876,816,8,8931250,8957521,8961876,4355,30626,4355,26271,0,0
8961995,581,4,6247024,8843661,8961995,118334,2714971,118334,2596637,0,0
8972845,819,1,8959230,8961876,8972845,10969,13615,10969,2646,0,0
9006524,110,8,3235945,8886053,9006524,120471,5770579,120471,5650108,0,0
9014935,820,1,8964394,8967286,9014935,47649,50541,47649,2892,0,0
9025139,826,8,9023473,9023477,9025139,1662,1666,1662,4,0,0
9033090,827,8,9023477,9025139,9033090,7951,9613,7951,1662,0,0
9066486,818,1,8958896,8959230,9066486,107256,107590,107256,334,0,0
9083388,314,8,4721246,8961995,9083388,121393,4362142,121393,4240749,0,0
9083858,413,1,5379404,8961995,9083858,121863,3704454,121863,3582591,0,0
9146339,837,8,9142149,9142856,9146339,3483,4190,3483,707,0,0
9327144,861,1,9320231,9320234,9327144,6910,6913,6910,3,0,0
9327300,856,1,9318625,9318628,9327300,8672,8675,8672,3,0,0
9380454,875,8,9353239,9371269,9380454,9185,27215,9185,18030,0,0
9396135,880,1,9391141,9391363,9396135,4772,4994,4772,222,0,0
9565931,928,1,9562316,9562322,9565931,3609,3615,3609,6,0,0
9565953,887,1,9560361,9560890,9565953,5063,5592,5063,529,0,0
9566051,927,1,9562310,9562316,9566051,3735,3741,3735,6,0,0
9568795,909,1,9561036,9561041,9568795,7754,7759,7754,5,0,0
9570351,894,1,9560938,9560944,9570351,9407,9413,9407,6,0,0
9570623,912,1,9562206,9562212,9570623,8411,8417,8411,6,0,0
9571875,916,1,9562229,9562235,9571875,9640,9646,9640,6,0,0
9572491,931,1,9562340,9565931,9572491,6560,10151,6560,3591,0,0
9668651,935,16,9647037,9649809,9668651,18842,21614,18842,2772,0,0
9796861,941,8,9778827,9780149,9796861,16712,18034,16712,1322,0,0
9800787,943,8,9780306,9796861,9800787,3926,20481,3926,16555,0,0
9814984,944,8,9812781,9812818,9814984,2166,2203,2166,37,0,0
9894234,950,8,9879334,9886114,9894234,8120,14900,8120,6780,0,0
9990178,954,8,9904351,9983541,9990178,6637,85827,6637,79190,0,0
10051503,956,8,10048690,10050687,10051503,816,2813,816,1997,0,0
10058898,957,8,10050687,10051503,10058898,7395,8211,7395,816,0,0
10310463,92,1,2372766,2372766,10310463,7937697,7937697,7937697,0,0,0
10468480,74,1,2353471,2353471,10468480,8115009,8115009,8115009,0,0,0
10469084,72,1,2353435,2353435,10469084,8115649,8115649,8115649,0,0,0
10587285,56,1,2323019,2323019,10587285,8264266,8264266,8264266,0,0,0
10737826,966,8,10729202,10730007,10737826,7819,8624,7819,805,0,0
11264494,70,1,2353402,2353402,11264494,8911092,8911092,8911092,0,0,0
11318478,63,1,2341283,2341283,11318478,8977195,8977195,8977195,0,0,0
11360173,71,1,2353425,2353425,11360173,9006748,9006748,9006748,0,0,0
11967296,49,1,1945509,1945509,11967296,10021787,10021787,10021787,0,0,0
12036611,21,1,1943846,1943846,12036611,10092765,10092765,10092765,0,0,0
12063805,25,1,1943885,1943885,12063805,10119920,10119920,10119920,0,0,0
13722547,54,1,1945555,1945555,13722547,11776992,11776992,11776992,0,0,0
14606585,97,1,2530524,2621825,14606585,11984760,12076061,11984760,91301,0,0
14726198,8,1,1245386,1245386,14726198,13480812,13480812,13480812,0,0,0
15938764,76,1,2353494,2353494,15938764,13585270,13585270,13585270,0,0,0
16553419,0,1,0,0,16553419,16553419,16553419,16553419,0,0,0
17064854,7,1,1245348,1245348,17064854,15819506,15819506,15819506,0,0,0
18508378,65,1,2345983,2345983,18508378,16162395,16162395,16162395,0,0,0
18553173,68,1,2353317,2353317,18553173,16199856,16199856,16199856,0,0,0
18746847,45,1,1945474,1945474,18746847,16801373,16801373,16801373,0,0,0
21627816,37,1,1943971,1943971,21627816,19683845,19683845,19683845,0,0,0
22102654,42,1,1945418,1945418,22102654,20157236,20157236,20157236,0,0,0
22362722,13,1,1943781,1943781,22362722,20418941,20418941,20418941,0,0,0
22506113,89,1,2372749,2372749,22506113,20133364,20133364,20133364,0,0,0
22939552,79,1,2353535,2353535,22939552,20586017,20586017,20586017,0,0,0
23082030,62,1,2341233,2341233,23082030,20740797,20740797,20740797,0,0,0
23276600,85,1,2357366,2357366,23276600,20919234,20919234,20919234,0,0,0
23451867,11,1,1714609,1714609,23451867,21737258,21737258,21737258,0,0,0
23549519,83,1,2353718,2353718,23549519,21195801,21195801,21195801,0,0,0
28399564,16,1,1943802,1943802,28399564,26455762,26455762,26455762,0,0,0
28404451,28,1,1943923,1943923,28404451,26460528,26460528,26460528,0,0,0
28433855,91,1,2372761,2372761,28433855,26061094,26061094,26061094,0,0,0
30206576,9,8,1429823,1429823,30206576,28776753,28776753,28776753,0,0,0
30384256,73,1,2353463,2353463,30384256,28030793,28030793,28030793,0,0,0
36929669,27,1,1943907,1943907,36929669,34985762,34985762,34985762,0,0,0
36933699,15,1,1943792,1943792,36933699,34989907,34989907,34989907,0,0,0
36936960,17,1,1943808,1943808,36936960,34993152,34993152,34993152,0,0,0
36959963,821,32,8967286,36936960,36959963,23003,27992677,23003,27969674,0,0
36960102,918,1,9562241,36936960,36960102,23142,27397861,23142,27374719,0,0
36961530,878,1,9388849,36936960,36961530,24570,27572681,24570,27548111,0,0
36961534,860,1,9320228,36936960,36961534,24574,27641306,24574,27616732,0,0
36963034,917,1,9562235,36936960,36963034,26074,27400799,26074,27374725,0,0
36964497,961,1,10287315,36936960,36964497,27537,26677182,27537,26649645,0,0
36967739,893,1,9560933,36936960,36967739,30779,27406806,30779,27376027,0,0
36968232,891,1,9560917,36936960,36968232,31272,27407315,31272,27376043,0,0
36994038,885,16,9484002,36959963,36994038,34075,27510036,34075,27475961,0,0
37001016,905,1,9561013,36959963,37001016,41053,27440003,41053,27398950,0,0
37002413,830,1,9089233,36959963,37002413,42450,27913180,42450,27870730,0,0
37008674,969,1,10817213,36959963,37008674,48711,26191461,48711,26142750,0,0
37017788,948,8,9867954,36959963,37017788,57825,27149834,57825,27092009,0,0
37049248,96,8,2471567,2895433,37049248,34153815,34577681,34153815,423866,0,0
37057562,838,8,9142856,36994038,37057562,63524,27914706,63524,27851182,0,0
37061415,962,2,10288864,36994038,37061415,67377,26772551,67377,26705174,0,0
37061472,951,8,9886114,36994038,37061472,67434,27175358,67434,27107924,0,0
37061663,920,1,9562253,36994038,37061663,67625,27499410,67625,27431785,0,0
37062695,903,1,9560997,36994038,37062695,68657,27501698,68657,27433041,0,0
37064834,850,1,9318601,36994038,37064834,70796,27746233,70796,27675437,0,0
37072468,911,1,9562201,36994038,37072468,78430,27510267,78430,27431837,0,0
37072611,851,1,9318604,36994038,37072611,78573,27754007,78573,27675434,0,0
37072627,854,1,9318613,36994038,37072627,78589,27754014,78589,27675425,0,0
37072632,855,1,9318617,36994038,37072632,78594,27754015,78594,27675421,0,0
37072632,883,1,9393712,36994038,37072632,78594,27678920,78594,27600326,0,0
37141898,839,32,9308070,37061472,37141898,80426,27833828,80426,27753402,0,0
37144560,847,1,9318591,37061472,37144560,83088,27825969,83088,27742881,0,0
37156249,945,8,9812818,37072611,37156249,83638,27343431,83638,27259793,0,0
37241705,970,8,10817519,37141898,37241705,99807,26424186,99807,26324379,0,0
37242080,890,1,9560906,37141898,37242080,100182,27681174,100182,27580992,0,0
37242403,914,1,9562217,37141898,37242403,100505,27680186,100505,27579681,0,0
37246831,959,8,10216368,37141898,37246831,104933,27030463,104933,26925530,0,0
37260157,921,1,9562260,37141898,37260157,118259,27697897,118259,27579638,0,0
37260412,884,1,9407056,37141898,37260412,118514,27853356,118514,27734842,0,0
37261400,913,1,9562212,37141898,37261400,119502,27699188,119502,27579686,0,0
37265464,181,8,3993309,37141898,37265464,123566,33272155,123566,33148589,0,0
37279913,124,8,3391008,37156249,37279913,123664,33888905,123664,33765241,0,0
37367982,798,8,8493846,37241705,37367982,126277,28874136,126277,28747859,0,0
37368359,736,1,7556319,37241705,37368359,126654,29812040,126654,29685386,0,0
37369906,925,1,9562292,37241705,37369906,128201,27807614,128201,27679413,0,0
37370067,225,1,4225255,37241705,37370067,128362,33144812,128362,33016450,0,0
37373785,305,4,4710424,37241705,37373785,132080,32663361,132080,32531281,0,0
37379757,270,8,4388907,37246831,37379757,132926,32990850,132926,32857924,0,0
37380096,361,1,5176420,37246831,37380096,133265,32203676,133265,32070411,0,0
37399405,834,8,9131722,37265464,37399405,133941,28267683,133941,28133742,0,0
37402642,896,1,9560955,37265464,37402642,137178,27841687,137178,27704509,0,0
37403166,859,1,9320225,37265464,37403166,137702,28082941,137702,27945239,0,0
37403233,881,1,9391363,37265464,37403233,137769,28011870,137769,27874101,0,0
37403332,809,1,8689233,37265464,37403332,137868,28714099,137868,28576231,0,0
37419022,831,8,9128320,37279913,37419022,139109,28290702,139109,28151593,0,0
37420636,285,4,4522932,37279913,37420636,140723,32897704,140723,32756981,0,0
37509606,189,8,3996109,37367982,37509606,141624,33513497,141624,33371873,0,0
37521744,130,8,3514096,37379757,37521744,141987,34007648,141987,33865661,0,0
37524270,897,1,9560962,37379757,37524270,144513,27963308,144513,27818795,0,0
37543955,742,8,7651118,37399405,37543955,144550,29892837,144550,29748287,0,0
37545932,414,4,5381592,37399405,37545932,146527,32164340,146527,32017813,0,0
37568120,650,4,6509168,37419022,37568120,149098,31058952,149098,30909854,0,0
37570090,329,8,4974991,37420636,37570090,149454,32595099,149454,32445645,0,0
37659405,947,8,9867948,37509606,37659405,149799,27791457,149799,27641658,0,0
37660804,645,1,6495809,37509606,37660804,151198,31164995,151198,31013797,0,0
37661628,926,1,9562304,37509606,37661628,152022,28099324,152022,27947302,0,0
37663466,387,1,5304995,37509606,37663466,153860,32358471,153860,32204611,0,0
37678469,472,4,5709293,37521744,37678469,156725,31969176,156725,31812451,0,0
37679998,388,1,5305025,37521744,37679998,158254,32374973,158254,32216719,0,0
37683072,541,1,5920902,37521744,37683072,161328,31762170,161328,31600842,0,0
37705941,768,8,8055044,37543955,37705941,161986,29650897,161986,29488911,0,0
37707924,410,4,5367428,37545932,37707924,161992,32340496,161992,32178504,0,0
37732285,273,4,4414052,37568120,37732285,164165,33318233,164165,33154068,0,0
37872865,822,32,8967975,37705941,37872865,166924,28904890,166924,28737966,0,0
37901601,372,8,5281861,37732285,37901601,169316,32619740,169316,32450424,0,0
38045398,832,8,9128323,37872865,38045398,172533,28917075,172533,28744542,0,0
38045503,369,1,5219928,37872865,38045503,172638,32825575,172638,32652937,0,0
38046467,613,1,6477896,37872865,38046467,173602,31568571,173602,31394969,0,0
38047452,898,1,9560967,37872865,38047452,174587,28486485,174587,28311898,0,0
38048786,835,8,9131726,37872865,38048786,175921,28917060,175921,28741139,0,0
38049908,496,4,5799681,37872865,38049908,177043,32250227,177043,32073184,0,0
38050787,922,1,9562271,37872865,38050787,177922,28488516,177922,28310594,0,0
38051442,617,1,6477916,37872865,38051442,178577,31573526,178577,31394949,0,0
38052533,852,1,9318607,37872865,38052533,179668,28733926,179668,28554258,0,0
38053866,360,1,5172053,37872865,38053866,181001,32881813,181001,32700812,0,0
38054485,309,4,4710499,37872865,38054485,181620,33343986,181620,33162366,0,0
38057778,879,1,9390865,37872865,38057778,184913,28666913,184913,28482000,0,0
38057868,845,1,9318584,37872865,38057868,185003,28739284,185003,28554281,0,0
38057880,858,1,9320221,37872865,38057880,185015,28737659,185015,28552644,0,0
38233758,774,16,8095109,38045398,38233758,188360,30138649,188360,29950289,0,0
38235361,495,4,5799426,38045398,38235361,189963,32435935,189963,32245972,0,0
38236882,638,1,6495511,38045398,38236882,191484,31741371,191484,31549887,0,0
38237363,899,1,9560974,38045398,38237363,191965,28676389,191965,28484424,0,0
38239586,603,1,6435044,38045398,38239586,194188,31804542,194188,31610354,0,0
38241146,359,1,5148078,38045398,38241146,195748,33093068,195748,32897320,0,0
38249379,766,8,8051903,38048786,38249379,200593,30197476,200593,29996883,0,0
38249820,362,1,5176424,38048786,38249820,201034,33073396,201034,32872362,0,0
38253642,942,8,9780149,38052533,38253642,201109,28473493,201109,28272384,0,0
38435764,949,8,9879329,38233758,38435764,202006,28556435,202006,28354429,0,0
38438569,487,4,5778243,38233758,38438569,204811,32660326,204811,32455515,0,0
38438571,747,8,7789076,38233758,38438571,204813,30649495,204813,30444682,0,0
38454593,958,8,10064333,38249379,38454593,205214,28390260,205214,28185046,0,0
38459717,142,8,3602731,38253642,38459717,206075,34856986,206075,34650911,0,0
38464064,924,1,9562284,38253642,38464064,210422,28901780,210422,28691358,0,0
38647405,695,8,7217520,38435764,38647405,211641,31429885,211641,31218244,0,0
38651357,116,8,3251613,38438569,38651357,212788,35399744,212788,35186956,0,0
38652067,792,8,8434457,38438571,38652067,213496,30217610,213496,30004114,0,0
38655594,212,1,4099912,38438571,38655594,217023,34555682,217023,34338659,0,0
38656046,511,1,5846215,38438571,38656046,217475,32809831,217475,32592356,0,0
38672688,444,8,5628842,38454593,38672688,218095,33043846,218095,32825751,0,0
38678585,743,8,7670655,38459717,38678585,218868,31007930,218868,30789062,0,0
38866352,191,8,4002150,38647405,38866352,218947,34864202,218947,34645255,0,0
38867980,895,1,9560944,38647405,38867980,220575,29307036,220575,29086461,0,0
38876148,744,8,7670658,38651357,38876148,224791,31205490,224791,30980699,0,0
38877801,550,1,5971012,38651357,38877801,226444,32906789,226444,32680345,0,0
38881828,811,8,8690423,38652067,38881828,229761,30191405,229761,29961644,0,0
38905607,338,8,5078194,38672688,38905607,232919,33827413,232919,33594494,0,0
38914684,575,8,6135933,38678585,38914684,236099,32778751,236099,32542652,0,0
38915251,964,1,10291099,38678585,38915251,236666,28624152,236666,28387486,0,0
39108426,670,8,6590711,38866352,39108426,242074,32517715,242074,32275641,0,0
39118506,765,8,8051849,38876148,39118506,242358,31066657,242358,30824299,0,0
39118924,637,1,6489880,38876148,39118924,242776,32629044,242776,32386268,0,0
39120031,591,1,6302340,38876148,39120031,243883,32817691,243883,32573808,0,0
39125962,525,4,5879609,38881828,39125962,244134,33246353,244134,33002219,0,0
39126344,863,1,9320237,38881828,39126344,244516,29806107,244516,29561591,0,0
39126378,876,1,9371269,38881828,39126378,244550,29755109,244550,29510559,0,0
39126463,848,1,9318594,38881828,39126463,244635,29807869,244635,29563234,0,0
39126480,849,1,9318597,38881828,39126480,244652,29807883,244652,29563231,0,0
39150475,366,8,5214473,38905607,39150475,244868,33936002,244868,33691134,0,0
39151054,342,1,5078461,38905607,39151054,245447,34072593,245447,33827146,0,0
39152452,214,1,4100924,38905607,39152452,246845,35051528,246845,34804683,0,0
39153294,238,1,4238539,38905607,39153294,247687,34914755,247687,34667068,0,0
39153295,247,1,4238569,38905607,39153295,247688,34914726,247688,34667038,0,0
39153299,233,1,4238523,38905607,39153299,247692,34914776,247692,34667084,0,0
39155676,846,1,9318587,38905607,39155676,250069,29837089,250069,29587020,0,0
39155832,857,1,9318628,38905607,39155832,250225,29837204,250225,29586979,0,0
39166668,337,8,5078173,38914684,39166668,251984,34088495,251984,33836511,0,0
39169931,919,1,9562246,38914684,39169931,255247,29607685,255247,29352438,0,0
39172926,910,1,9561041,38914684,39172926,258242,29611885,258242,29353643,0,0
39173642,727,4,7365942,38914684,39173642,258958,31807700,258958,31548742,0,0
39368742,375,4,5284972,39108426,39368742,260316,34083770,260316,33823454,0,0
39369658,557,1,6011425,39108426,39369658,261232,33358233,261232,33097001,0,0
39382607,312,8,4721038,39118506,39382607,264101,34661569,264101,34397468,0,0
39382927,542,1,5930372,39118506,39382927,264421,33452555,264421,33188134,0,0
39383947,267,4,4308027,39118506,39383947,265441,35075920,265441,34810479,0,0
39384924,586,1,6297086,39118506,39384924,266418,33087838,266418,32821420,0,0
39393498,421,4,5427880,39125962,39393498,267536,33965618,267536,33698082,0,0
39420293,205,8,4098808,39150475,39420293,269818,35321485,269818,35051667,0,0
39443157,408,4,5365278,39166668,39443157,276489,34077879,276489,33801390,0,0
39452679,692,8,7186665,39173642,39452679,279037,32266014,279037,31986977,0,0
39664953,112,8,3237153,39382607,39664953,282346,36427800,282346,36145454,0,0
39665871,578,4,6246689,39382607,39665871,283264,33419182,283264,33135918,0,0
39676762,868,8,9352340,39393498,39676762,283264,30324422,283264,30041158,0,0
39703566,528,4,5904060,39420293,39703566,283273,33799506,283273,33516233,0,0
39704349,358,1,5148051,39420293,39704349,284056,34556298,284056,34272242,0,0
39705391,825,1,8999938,39420293,39705391,285098,30705453,285098,30420355,0,0
39730308,748,8,7792122,39443157,39730308,287151,31938186,287151,31651035,0,0
39730622,549,1,5970067,39443157,39730622,287465,33760555,287465,33473090,0,0
39741050,289,4,4523905,39452679,39741050,288371,35217145,288371,34928774,0,0
39743444,621,1,6482584,39452679,39743444,290765,33260860,290765,32970095,0,0
39744342,915,1,9562223,39452679,39744342,291663,30182119,291663,29890456,0,0
39745448,232,1,4238519,39452679,39745448,292769,35506929,292769,35214160,0,0
39769277,39,1,1945383,1945383,39769277,37823894,37823894,37823894,0,0,0
39887928,33,1,1943947,1943947,39887928,37943981,37943981,37943981,0,0,0
39960294,117,8,3253439,39664953,39960294,295341,36706855,295341,36411514,0,0
39961836,535,4,5918849,39664953,39961836,296883,34042987,296883,33746104,0,0
39973910,751,8,7819773,39676762,39973910,297148,32154137,297148,31856989,0,0
39976242,335,1,5066231,39676762,39976242,299480,34910011,299480,34610531,0,0
40004684,773,8,8084950,39703566,40004684,301118,31919734,301118,31618616,0,0
40014412,235,1,4238529,39703566,40014412,310846,35775883,310846,35465037,0,0
40021561,252,1,4238586,39703566,40021561,317995,35782975,317995,35464980,0,0
40048370,401,8,5321027,39730308,40048370,318062,34727343,318062,34409281,0,0
40052539,228,1,4238506,39730308,40052539,322231,35814033,322231,35491802,0,0
40064047,524,4,5877516,39741050,40064047,322997,34186531,322997,33863534,0,0
40064213,902,1,9560991,39741050,40064213,323163,30503222,323163,30180059,0,0
40064545,635,1,6489786,39741050,40064545,323495,33574759,323495,33251264,0,0
40288815,674,4,6597372,39960294,40288815,328521,33691443,328521,33362922,0,0
40292266,159,8,3817978,39961836,40292266,330430,36474288,330430,36143858,0,0
40292903,590,1,6302336,39961836,40292903,331067,33990567,331067,33659500,0,0
40310604,940,8,9723284,39973910,40310604,336694,30587320,336694,30250626,0,0
40342328,192,8,4002172,40004684,40342328,337644,36340156,337644,36002512,0,0
40389771,750,8,7794276,40048370,40389771,341401,32595495,341401,32254094,0,0
40410777,290,4,4524134,40064047,40410777,346730,35886643,346730,35539913,0,0
40412665,468,1,5704825,40064047,40412665,348618,34707840,348618,34359222,0,0
40417822,403,1,5330994,40064047,40417822,353775,35086828,353775,34733053,0,0
40654445,936,8,9649809,40292266,40654445,362179,31004636,362179,30642457,0,0
40657904,456,4,5690721,40292266,40657904,365638,34967183,365638,34601545,0,0
40680659,946,8,9822965,40310604,40680659,370055,30857694,370055,30487639,0,0
40720972,215,8,4117439,40342328,40720972,378644,36603533,378644,36224889,0,0
40771263,791,8,8398988,40389771,40771263,381492,32372275,381492,31990783,0,0
41041035,125,8,3407881,40654445,41041035,386590,37633154,386590,37246564,0,0
41041095,222,1,4225244,40654445,41041095,386650,36815851,386650,36429201,0,0
41044106,376,4,5284976,40654445,41044106,389661,35759130,389661,35369469,0,0
41071602,685,8,6996605,40680659,41071602,390943,34074997,390943,33684054,0,0
41072149,700,4,7223190,40680659,41072149,391490,33848959,391490,33457469,0,0
41075516,965,1,10646927,40680659,41075516,394857,30428589,394857,30033732,0,0
41125176,680,4,6636543,40720972,41125176,404204,34488633,404204,34084429,0,0
41131681,345,1,5078566,40720972,41131681,410709,36053115,410709,35642406,0,0
41184599,348,8,5078919,40771263,41184599,413336,36105680,413336,35692344,0,0
41188572,483,4,5735159,40771263,41188572,417309,35453413,417309,35036104,0,0
41195235,929,1,9562322,40771263,41195235,423972,31632913,423972,31208941,0,0
41467461,871,8,9352949,41041035,41467461,426426,32114512,426426,31688086,0,0
41498643,932,8,9618714,41071602,41498643,427041,31879929,427041,31452888,0,0
41499608,938,8,9718865,41072149,41499608,427459,31780743,427459,31353284,0,0
41504079,904,1,9561002,41072149,41504079,431930,31943077,431930,31511147,0,0
41560675,423,4,5427893,41125176,41560675,435499,36132782,435499,35697283,0,0
41563831,570,1,6058023,41125176,41563831,438655,35505808,438655,35067153,0,0
41625665,464,4,5702763,41184599,41625665,441066,35922902,441066,35481836,0,0
41626872,712,4,7244616,41184599,41626872,442273,34382256,442273,33939983,0,0
41626917,906,1,9561018,41184599,41626917,442318,32065899,442318,31623581,0,0
41629946,842,1,9317096,41184599,41629946,445347,32312850,445347,31867503,0,0
41636384,510,1,5844749,41184599,41636384,451785,35791635,451785,35339850,0,0
41921849,402,8,5321274,41467461,41921849,454388,36600575,454388,36146187,0,0
41953170,874,8,9353218,41498643,41953170,454527,32599952,454527,32145425,0,0
41953558,186,4,3994633,41498643,41953558,454915,37958925,454915,37504010,0,0
41955586,307,4,4710486,41499608,41955586,455978,37245100,455978,36789122,0,0
41956934,652,4,6509211,41499608,41956934,457326,35447723,457326,34990397,0,0
42092740,106,8,3182305,41625665,42092740,467075,38910435,467075,38443360,0,0
42425026,796,16,8463334,41953170,42425026,471856,33961692,471856,33489836,0,0
42429857,732,16,7407929,41956934,42429857,472923,35021928,472923,34549005,0,0
42898002,797,16,8463342,42425026,42898002,472976,34434660,472976,33961684,0,0
42903084,299,4,4570061,42425026,42903084,478058,38333023,478058,37854965,0,0
42912001,772,8,8084946,42429857,42912001,482144,34827055,482144,34344911,0,0
42912008,566,1,6050556,42429857,42912008,482151,36861452,482151,36379301,0,0
42913270,399,1,5309965,42429857,42913270,483413,37603305,483413,37119892,0,0
42921588,424,4,5428226,42429857,42921588,491731,37493362,491731,37001631,0,0
42924682,465,4,5703486,42429857,42924682,494825,37221196,494825,36726371,0,0
42931646,352,1,5137187,42429857,42931646,501789,37794459,501789,37292670,0,0
43399806,438,8,5577140,42898002,43399806,501804,37822666,501804,37320862,0,0
43402024,497,4,5800140,42898002,43402024,504022,37601884,504022,37097862,0,0
43406895,105,8,3181760,42898002,43406895,508893,40225135,508893,39716242,0,0
43427302,274,8,4431116,42912001,43427302,515301,38996186,515301,38480885,0,0
43428759,300,4,4570110,42912001,43428759,516758,38858649,516758,38341891,0,0
43440258,651,4,6509186,42921588,43440258,518670,36931072,518670,36412402,0,0
43448502,698,4,7221218,42924682,43448502,523820,36227284,523820,35703464,0,0
43927619,143,8,3664267,43399806,43927619,527813,40263352,527813,39735539,0,0
43943650,770,8,8083271,43406895,43943650,536755,35860379,536755,35323624,0,0
43944714,355,1,5147921,43406895,43944714,537819,38796793,537819,38258974,0,0
43948076,627,1,6482616,43406895,43948076,541181,37465460,541181,36924279,0,0
43951183,396,1,5306224,43406895,43951183,544288,38644959,544288,38100671,0,0
43954597,679,4,6636534,43406895,43954597,547702,37318063,547702,36770361,0,0
43975062,302,8,4620804,43427302,43975062,547760,39354258,547760,38806498,0,0
43979233,416,4,5390064,43428759,43979233,550474,38589169,550474,38038695,0,0
43994471,731,4,7370217,43440258,43994471,554213,36624254,554213,36070041,0,0
44003430,446,4,5652958,43448502,44003430,554928,38350472,554928,37795544,0,0
44490656,933,8,9621946,43927619,44490656,563037,34868710,563037,34305673,0,0
44507139,799,8,8493852,43943650,44507139,563489,36013287,563489,35449798,0,0
44520677,653,4,6509232,43954597,44520677,566080,38011445,566080,37445365,0,0
44523456,221,1,4225241,43954597,44523456,568859,40298215,568859,39729356,0,0
44545457,658,4,6510870,43975062,44545457,570395,38034587,570395,37464192,0,0
44553410,519,4,5871041,43975062,44553410,578348,38682369,578348,38104021,0,0
44556488,963,2,10288886,43975062,44556488,581426,34267602,581426,33686176,0,0
44562086,419,4,5399324,43979233,44562086,582853,39162762,582853,38579909,0,0
44578402,288,4,4523114,43994471,44578402,583931,40055288,583931,39471357,0,0
45074740,153,8,3773359,44490656,45074740,584084,41301381,584084,40717297,0,0
45075096,200,4,4072661,44490656,45075096,584440,41002435,584440,40417995,0,0
45135996,733,16,7409520,44545457,45135996,590539,37726476,590539,37135937,0,0
45136056,340,1,5078371,44545457,45136056,590599,40057685,590599,39467086,0,0
45154491,813,8,8690449,44562086,45154491,592405,36464042,592405,35871637,0,0
45669700,823,16,8968659,45075096,45669700,594604,36701041,594604,36106437,0,0
45734683,198,4,4022238,45135996,45734683,598687,41712445,598687,41113758,0,0
45739071,778,8,8143701,45135996,45739071,603075,37595370,603075,36992295,0,0
45741139,380,4,5284995,45135996,45741139,605143,40456144,605143,39851001,0,0
45761818,817,8,8931256,45154491,45761818,607327,36830562,607327,36223235,0,0
46280480,699,4,7223150,45669700,46280480,610780,39057330,610780,38446550,0,0
46280616,776,8,8125796,45669700,46280616,610916,38154820,610916,37543904,0,0
46284859,522,4,5875152,45669700,46284859,615159,40409707,615159,39794548,0,0
46358878,135,8,3575927,45739071,46358878,619807,42782951,619807,42163144,0,0
46369344,760,8,7989604,45741139,46369344,628205,38379740,628205,37751535,0,0
46373219,864,1,9320241,45741139,46373219,632080,37052978,632080,36420898,0,0
46411497,502,8,5818950,45761818,46411497,649679,40592547,649679,39942868,0,0
46937958,322,8,4857727,46280616,46937958,657342,42080231,657342,41422889,0,0
46943170,534,8,5910762,46284859,46943170,658311,41032408,658311,40374097,0,0
47017571,320,4,4753084,46358878,47017571,658693,42264487,658693,41605794,0,0
47035863,291,8,4525610,46369344,47035863,666519,42510253,666519,41843734,0,0
47039400,576,1,6177711,46369344,47039400,670056,40861689,670056,40191633,0,0
47092816,336,8,5077256,46411497,47092816,681319,42015560,681319,41334241,0,0
47629815,953,8,9904293,46937958,47629815,691857,37725522,691857,37033665,0,0
47641841,882,1,9392244,46937958,47641841,703883,38249597,703883,37545714,0,0
47646631,588,1,6297659,46937958,47646631,708673,41348972,708673,40640299,0,0
47659406,521,1,5873137,46937958,47659406,721448,41786269,721448,41064821,0,0
47663381,614,1,6477901,46937958,47663381,725423,41185480,725423,40460057,0,0
47663647,701,1,7229854,46937958,47663647,725689,40433793,725689,39708104,0,0
47668944,629,1,6483616,46937958,47668944,730986,41185328,730986,40454342,0,0
47669923,615,1,6477905,46937958,47669923,731965,41192018,731965,40460053,0,0
47673251,509,1,5840101,46937958,47673251,735293,41833150,735293,41097857,0,0
47683994,598,1,6307824,46937958,47683994,746036,41376170,746036,40630134,0,0
47696048,589,1,6302332,46937958,47696048,758090,41393716,758090,40635626,0,0
47696237,506,1,5831497,46937958,47696237,758279,41864740,758279,41106461,0,0
47697051,908,1,9561030,46937958,47697051,759093,38136021,759093,37376928,0,0
47901506,841,32,9313816,47092816,47901506,808690,38587690,808690,37779000,0,0
48446716,128,8,3513854,47629815,48446716,816901,44932862,816901,44115961,0,0
48731484,425,4,5428233,47901506,48731484,829978,43303251,829978,42473273,0,0
48736117,955,8,9983541,47901506,48736117,834611,38752576,834611,37917965,0,0
48748716,800,16,8505702,47901506,48748716,847210,40243014,847210,39395804,0,0
48755829,482,4,5735156,47901506,48755829,854323,43020673,854323,42166350,0,0
49316928,118,8,3288962,48446716,49316928,870212,46027966,870212,45157754,0,0
49610138,318,4,4748606,48731484,49610138,878654,44861532,878654,43982878,0,0
49616839,784,8,8167020,48736117,49616839,880722,41449819,880722,40569097,0,0
49633830,489,4,5784307,48748716,49633830,885114,43849523,885114,42964409,0,0
49650678,585,1,6297083,48748716,49650678,901962,43353595,901962,42451633,0,0
49679447,499,8,5808930,48748716,49679447,930731,43870517,930731,42939786,0,0
49691300,901,1,9560986,48748716,49691300,942584,40130314,942584,39187730,0,0
49692639,411,4,5367449,48748716,49692639,943923,44325190,943923,43381267,0,0
49700307,428,4,5475741,48755829,49700307,944478,44224566,944478,43280088,0,0
49703624,862,1,9320234,48755829,49703624,947795,40383390,947795,39435595,0,0
50268470,295,4,4531328,49316928,50268470,951542,45737142,951542,44785600,0,0
50268514,412,1,5379332,49316928,50268514,951586,44889182,951586,43937596,0,0
50273429,641,1,6495592,49316928,50273429,956501,43777837,956501,42821336,0,0
50277357,889,1,9560896,49316928,50277357,960429,40716461,960429,39756032,0,0
50289082,630,1,6483622,49316928,50289082,972154,43805460,972154,42833306,0,0
50297943,357,1,5148023,49316928,50297943,981015,45149920,981015,44168905,0,0
50621159,466,4,5703986,49610138,50621159,1011021,44917173,1011021,43906152,0,0
50695732,734,16,7409860,49679447,50695732,1016285,43285872,1016285,42269587,0,0
50712043,844,1,9318580,49679447,50712043,1032596,41393463,1032596,40360867,0,0
50740349,137,8,3581378,49692639,50740349,1047710,47158971,1047710,46111261,0,0
51252620,87,1,2372737,2372737,51252620,48879883,48879883,48879883,0,0,0
51326291,540,8,5920134,50268470,51326291,1057821,45406157,1057821,44348336,0,0
51687829,806,8,8666263,50621159,51687829,1066670,43021566,1066670,41954896,0,0
51767702,967,8,10730007,50695732,51767702,1071970,41037695,1071970,39965725,0,0
51770424,449,8,5655926,50695732,51770424,1074692,46114498,1074692,45039806,0,0
51790107,82,1,2353661,2353661,51790107,49436446,49436446,49436446,0,0,0
52843447,789,32,8334448,51767702,52843447,1075745,44508999,1075745,43433254,0,0
52847835,377,4,5284981,51770424,52847835,1077411,47562854,1077411,46485443,0,0
52868248,463,4,5702741,51770424,52868248,1097824,47165507,1097824,46067683,0,0
53959119,836,8,9142146,52843447,53959119,1115672,44816973,1115672,43701301,0,0
53976317,255,4,4243885,52843447,53976317,1132870,49732432,1132870,48599562,0,0
53979477,437,8,5576137,52843447,53979477,1136030,48403340,1136030,47267310,0,0
53982676,365,8,5214469,52843447,53982676,1139229,48768207,1139229,47628978,0,0
54000416,422,4,5427889,52843447,54000416,1156969,48572527,1156969,47415558,0,0
54014669,648,4,6509134,52847835,54014669,1166834,47505535,1166834,46338701,0,0
55138985,960,8,10224956,53959119,55138985,1179866,44914029,1179866,43734163,0,0
55148151,728,4,7365955,53959119,55148151,1189032,47782196,1189032,46593164,0,0
55169739,303,4,4680987,53976317,55169739,1193422,50488752,1193422,49295330,0,0
55184242,709,1,7233791,53976317,55184242,1207925,47950451,1207925,46742526,0,0
55202395,681,4,6707833,53979477,55202395,1222918,48494562,1222918,47271644,0,0
55225312,417,4,5399276,53979477,55225312,1245835,49826036,1245835,48580201,0,0
55226606,892,1,9560923,53979477,55226606,1247129,45665683,1247129,44418554,0,0
55227734,427,1,5449015,53979477,55227734,1248257,49778719,1248257,48530462,0,0
55232087,661,4,6510890,53982676,55232087,1249411,48721197,1249411,47471786,0,0
55241913,378,4,5284986,53982676,55241913,1259237,49956927,1259237,48697690,0,0
55260216,673,4,6596601,54000416,55260216,1259800,48663615,1259800,47403815,0,0
55360424,60,1,2341107,2341107,55360424,53019317,53019317,53019317,0,0,0
55424434,19,1,1943819,1943819,55424434,53480615,53480615,53480615,0,0,0
56413530,448,8,5654290,55138985,56413530,1274545,50759240,1274545,49484695,0,0
56438695,659,4,6510876,55138985,56438695,1299710,49927819,1299710,48628109,0,0
56476091,539,8,5920105,55169739,56476091,1306352,50555986,1306352,49249634,0,0
56478531,548,1,5968127,55169739,56478531,1308792,50510404,1308792,49201612,0,0
56536156,580,4,6246733,55202395,56536156,1333761,50289423,1333761,48955662,0,0
56548221,595,1,6307812,55202395,56548221,1345826,50240409,1345826,48894583,0,0
56619864,763,16,8040988,55260216,56619864,1359648,48578876,1359648,47219228,0,0
57791902,420,4,5399341,56413530,57791902,1378372,52392561,1378372,51014189,0,0
57862897,102,8,3173969,56438695,57862897,1424202,54688928,1424202,53264726,0,0
57922188,430,4,5547539,56476091,57922188,1446097,52374649,1446097,50928552,0,0
57925983,655,4,6509275,56476091,57925983,1449892,51416708,1449892,49966816,0,0
57990125,503,4,5820504,56536156,57990125,1453969,52169621,1453969,50715652,0,0
58077071,368,8,5214593,56619864,58077071,1457207,52862478,1457207,51405271,0,0
58086389,114,8,3245414,56619864,58086389,1466525,54840975,1466525,53374450,0,0
58088509,243,1,4238556,56619864,58088509,1468645,53849953,1468645,52381308,0,0
59263715,494,4,5799387,57791902,59263715,1471813,53464328,1471813,51992515,0,0
59338640,381,4,5288603,57862897,59338640,1475743,54050037,1475743,52574294,0,0
59344484,657,4,6510828,57862897,59344484,1481587,52833656,1481587,51352069,0,0
59407769,455,4,5690674,57922188,59407769,1485581,53717095,1485581,52231514,0,0
59415764,714,4,7251689,57925983,59415764,1489781,52164075,1489781,50674294,0,0
59580647,737,16,7557853,58086389,59580647,1494258,52022794,1494258,50528536,0,0
60864432,764,16,8041056,59344484,60864432,1519948,52823376,1519948,51303428,0,0
61111387,801,16,8513322,59580647,61111387,1530740,52598065,1530740,51067325,0,0
61134491,843,1,9318577,59580647,61134491,1553844,51815914,1553844,50262070,0,0
61135981,104,8,3180113,59580647,61135981,1555334,57955868,1555334,56400534,0,0
61158888,907,1,9561023,59580647,61158888,1578241,51597865,1578241,50019624,0,0
62444835,666,4,6554555,60864432,62444835,1580403,55890280,1580403,54309877,0,0
62445576,536,4,5918858,60864432,62445576,1581144,56526718,1581144,54945574,0,0
62718293,805,16,8517527,61111387,62718293,1606906,54200766,1606906,52593860,0,0
62728686,166,8,3852784,61111387,62728686,1617299,58875902,1617299,57258603,0,0
62759845,379,4,5284990,61135981,62759845,1623864,57474855,1623864,55850991,0,0
62761180,623,1,6482594,61135981,62761180,1625199,56278586,1625199,54653387,0,0
64303597,29,1,1943927,1943927,64303597,62359670,62359670,62359670,0,0,0
64329470,36,1,1943965,1943965,64329470,62385505,62385505,62385505,0,0,0
64375377,691,16,7142056,62718293,64375377,1657084,57233321,1657084,55576237,0,0
64453174,807,1,8678070,62718293,64453174,1734881,55775104,1734881,54040223,0,0
64456284,453,8,5659730,62718293,64456284,1737991,58796554,1737991,57058563,0,0
64458584,647,1,6505672,62718293,64458584,1740291,57952912,1740291,56212621,0,0
64558032,517,4,5870152,62718293,64558032,1839739,58687880,1839739,56848141,0,0
64573458,123,8,3390490,62728686,64573458,1844772,61182968,1844772,59338196,0,0
64576183,607,1,6435097,62728686,64576183,1847497,58141086,1847497,56293589,0,0
64593777,930,1,9562335,62728686,64593777,1865091,55031442,1865091,53166351,0,0
66169974,208,8,4098825,64303597,66169974,1866377,62071149,1866377,60204772,0,0
66188264,633,1,6486730,64303597,66188264,1884667,59701534,1884667,57816867,0,0
66192481,373,1,5284155,64303597,66192481,1888884,60908326,1888884,59019442,0,0
66298131,298,4,4570030,64375377,66298131,1922754,61728101,1922754,59805347,0,0
66306902,196,4,4022127,64375377,66306902,1931525,62284775,1931525,60353250,0,0
66333571,643,1,6495756,64375377,66333571,1958194,59837815,1958194,57879621,0,0
66339787,281,4,4508009,64375377,66339787,1964410,61831778,1964410,59867368,0,0
66429500,179,4,3979177,64456284,66429500,1973216,62450323,1973216,60477107,0,0
66538437,785,8,8173466,64558032,66538437,1980405,58364971,1980405,56384566,0,0
66600114,351,4,5088196,64573458,66600114,2026656,61511918,2026656,59485262,0,0
68217801,968,8,10805328,66169974,68217801,2047827,57412473,2047827,55364646,0,0
68229399,829,1,9089228,66169974,68229399,2059425,59140171,2059425,57080746,0,0
68233218,853,1,9318610,66169974,68233218,2063244,58914608,2063244,56851364,0,0
68239096,923,1,9562278,66169974,68239096,2069122,58676818,2069122,56607696,0,0
68239747,571,4,6083344,66169974,68239747,2069773,62156403,2069773,60086630,0,0
68260999,600,1,6314498,66169974,68260999,2091025,61946501,2091025,59855476,0,0
68461173,431,8,5549352,66306902,68461173,2154271,62911821,2154271,60757550,0,0
68467474,593,1,6307598,66306902,68467474,2160572,62159876,2160572,59999304,0,0
68609306,103,8,3179744,66429500,68609306,2179806,65429562,2179806,63249756,0,0
68612163,971,1,10817570,66429500,68612163,2182663,57794593,2182663,55611930,0,0
68751863,319,4,4751993,66538437,68751863,2213426,63999870,2213426,61786444,0,0
68909919,952,8,9904218,66600114,68909919,2309805,59005701,2309805,56695896,0,0
69022829,562,1,6050367,66600114,69022829,2422715,62972462,2422715,60549747,0,0
70712219,185,4,3994609,68217801,70712219,2494418,66717610,2494418,64223192,0,0
70747759,139,8,3585839,68239747,70747759,2508012,67161920,2508012,64653908,0,0
70777931,237,1,4238536,68239747,70777931,2538184,66539395,2538184,64001211,0,0
70788553,888,1,9560890,68239747,70788553,2548806,61227663,2548806,58678857,0,0
71056327,173,8,3910611,68461173,71056327,2595154,67145716,2595154,64550562,0,0
71209578,608,4,6440206,68609306,71209578,2600272,64769372,2600272,62169100,0,0
71225531,492,4,5799365,68609306,71225531,2616225,65426166,2616225,62809941,0,0
71556604,937,8,9717883,68909919,71556604,2646685,61838721,2646685,59192036,0,0
71561004,279,4,4505268,68909919,71561004,2651085,67055736,2651085,64404651,0,0
73226307,93,1,2372773,2372773,73226307,70853534,70853534,70853534,0,0,0
73372461,458,4,5691065,70712219,73372461,2660242,67681396,2660242,65021154,0,0
73390222,605,1,6435087,70712219,73390222,2678003,66955135,2678003,64277132,0,0
73433256,325,8,4952491,70747759,73433256,2685497,68480765,2685497,65795268,0,0
73899171,804,16,8517361,71209578,73899171,2689593,65381810,2689593,62692217,0,0
74299096,690,16,7063550,71561004,74299096,2738092,67235546,2738092,64497454,0,0
76190723,866,8,9323676,73433256,76190723,2757467,66867047,2757467,64109580,0,0
76197838,545,4,5967213,73433256,76197838,2764582,70230625,2764582,67466043,0,0
76666823,152,8,3772318,73899171,76666823,2767652,72894505,2767652,70126853,0,0
76708916,537,4,5918952,73899171,76708916,2809745,70789964,2809745,67980219,0,0
76782442,491,4,5790362,73899171,76782442,2883271,70992080,2883271,68108809,0,0
77196853,518,4,5871027,74299096,77196853,2897757,71325826,2897757,68428069,0,0
77244809,330,8,5030414,74299096,77244809,2945713,72214395,2945713,69268682,0,0
77284505,469,4,5709221,74299096,77284505,2985409,71575284,2985409,68589875,0,0
79183744,157,8,3780272,76190723,79183744,2993021,75403472,2993021,72410451,0,0
79695377,138,8,3583341,76666823,79695377,3028554,76112036,3028554,73083482,0,0
79742443,371,8,5281775,76708916,79742443,3033527,74460668,3033527,71427141,0,0
79818157,668,4,6588873,76782442,79818157,3035715,73229284,3035715,70193569,0,0
80324844,219,8,4207092,77244809,80324844,3080035,76117752,3080035,73037717,0,0
80333638,374,1,5284184,77244809,80333638,3088829,75049454,3088829,71960625,0,0
80372680,900,1,9560979,77244809,80372680,3127871,70811701,3127871,67683830,0,0
80400732,710,4,7244582,77244809,80400732,3155923,73156150,3155923,70000227,0,0
80444116,678,4,6636526,77284505,80444116,3159611,73807590,3159611,70647979,0,0
82215238,67,1,2352468,2352468,82215238,79862770,79862770,79862770,0,0,0
82413340,132,8,3572883,79183744,82413340,3229596,78840457,3229596,75610861,0,0
82413573,231,1,4238516,79183744,82413573,3229829,78175057,3229829,74945228,0,0
82978030,160,8,3828965,79695377,82978030,3282653,79149065,3282653,75866412,0,0
83007240,78,1,2353524,2353524,83007240,80653716,80653716,80653716,0,0,0
83025710,77,1,2353516,2353516,83025710,80672194,80672194,80672194,0,0,0
83034771,155,8,3775315,79742443,83034771,3292328,79259456,3292328,75967128,0,0
83128905,634,1,6486734,79742443,83128905,3386462,76642171,3386462,73255709,0,0
83134418,508,1,5839200,79742443,83134418,3391975,77295218,3391975,73903243,0,0
83163782,684,1,6880435,79742443,83163782,3421339,76283347,3421339,72862008,0,0
83814474,119,8,3307318,80324844,83814474,3489630,80507156,3489630,77017526,0,0
83827056,886,1,9498086,80324844,83827056,3502212,74328970,3502212,70826758,0,0
84019116,210,8,4099456,80444116,84019116,3575000,79919660,3575000,76344660,0,0
86022595,872,8,9352960,82413340,86022595,3609255,76669635,3609255,73060380,0,0
86068771,599,1,6314494,82413340,86068771,3655431,79754277,3655431,76098846,0,0
86646562,182,8,3993416,82978030,86646562,3668532,82653146,3668532,78984614,0,0
86867013,538,8,5920075,83025710,86867013,3841303,80946938,3841303,77105635,0,0
86877996,178,4,3976270,83034771,86877996,3843225,82901726,3843225,79058501,0,0
86898336,498,4,5805669,83034771,86898336,3863565,81092667,3863565,77229102,0,0
87727316,683,8,6713307,83814474,87727316,3912842,81014009,3912842,77101167,0,0
87960518,131,8,3556332,84019116,87960518,3941402,84404186,3941402,80462784,0,0
90035907,939,8,9722372,86022595,90035907,4013312,80313535,4013312,76300223,0,0
90039263,624,1,6482599,86022595,90039263,4016668,83556664,4016668,79539996,0,0
90076961,546,4,5967229,86022595,90076961,4054366,84109732,4054366,80055366,0,0
90757551,317,4,4748477,86646562,90757551,4110989,86009074,4110989,81898085,0,0
90869299,294,4,4531321,86646562,90869299,4222737,86337978,4222737,82115241,0,0
91100945,176,4,3960108,86867013,91100945,4233932,87140837,4233932,82906905,0,0
91115562,246,1,4238566,86867013,91115562,4248549,86876996,4248549,82628447,0,0
91153436,129,8,3514079,86877996,91153436,4275440,87639357,4275440,83363917,0,0
91542925,40,1,1945403,1945403,91542925,89597522,89597522,89597522,0,0,0
92007676,271,8,4389136,87727316,92007676,4280360,87618540,4280360,83338180,0,0
92127690,20,1,1943835,1943835,92127690,90183855,90183855,90183855,0,0,0
92241163,803,8,8516889,87960518,92241163,4280645,83724274,4280645,79443629,0,0
92347538,26,1,1943901,1943901,92347538,90403637,90403637,90403637,0,0,0
92447218,705,1,7229868,87960518,92447218,4486700,85217350,4486700,80730650,0,0
94541415,292,8,4525638,90035907,94541415,4505508,90015777,4505508,85510269,0,0
94585184,735,8,7537843,90076961,94585184,4508223,87047341,4508223,82539118,0,0
95268471,284,4,4522057,90757551,95268471,4510920,90746414,4510920,86235494,0,0
95627106,677,8,6619673,91100945,95627106,4526161,89007433,4526161,84481272,0,0
95689115,828,8,9041075,91153436,95689115,4535679,86648040,4535679,82112361,0,0
95812821,824,1,8998764,91153436,95812821,4659385,86814057,4659385,82154672,0,0
96698944,485,8,5746918,92007676,96698944,4691268,90952026,4691268,86260758,0,0
96764935,277,4,4488504,92007676,96764935,4757259,92276431,4757259,87519172,0,0
99324481,688,16,6998093,94541415,99324481,4783066,92326388,4783066,87543322,0,0
100481648,840,32,9312655,95689115,100481648,4792533,91168993,4792533,86376460,0,0
101560739,323,8,4951959,96698944,101560739,4861795,96608780,4861795,91746985,0,0
101693959,52,1,1945545,1945545,101693959,99748414,99748414,99748414,0,0,0
102639287,31,1,1943937,1943937,102639287,100695350,100695350,100695350,0,0,0
104197109,802,8,8516854,99324481,104197109,4872628,95680255,4872628,90807627,0,0
104223232,190,4,3999219,99324481,104223232,4898751,100224013,4898751,95325262,0,0
104262126,227,1,4238503,99324481,104262126,4937645,100023623,4937645,95085978,0,0
104348814,527,4,5888974,99324481,104348814,5024333,98459840,5024333,93435507,0,0
105547633,146,8,3670480,100481648,105547633,5065985,101877153,5065985,96811168,0,0
105601165,234,1,4238526,100481648,105601165,5119517,101362639,5119517,96243122,0,0
105678965,488,4,5779955,100481648,105678965,5197317,99899010,5197317,94701693,0,0
105707598,604,1,6435049,100481648,105707598,5225950,99272549,5225950,94046599,0,0
105726958,526,4,5884574,100481648,105726958,5245310,99842384,5245310,94597074,0,0
105920795,754,8,7911064,100481648,105920795,5439147,98009731,5439147,92570584,0,0
105963152,184,4,3994590,100481648,105963152,5481504,101968562,5481504,96487058,0,0
105986480,163,8,3832267,100481648,105986480,5504832,102154213,5504832,96649381,0,0
107111929,100,8,2918990,101560739,107111929,5551190,104192939,5551190,98641749,0,0
109764431,107,8,3211674,104197109,109764431,5567322,106552757,5567322,100985435,0,0
109798462,460,4,5699331,104223232,109798462,5575230,104099131,5575230,98523901,0,0
111125171,769,8,8055147,105547633,111125171,5577538,103070024,5577538,97492486,0,0
111174557,297,4,4534242,105547633,111174557,5626924,106640315,5626924,101013391,0,0
111568548,654,4,6509257,105678965,111568548,5889583,105059291,5889583,99169708,0,0
111715688,481,4,5735152,105726958,111715688,5988730,105980536,5988730,99991806,0,0
111837597,601,1,6435016,105726958,111837597,6110639,105402581,6110639,99291942,0,0
112180486,418,4,5399317,105920795,112180486,6259691,106781169,6259691,100521478,0,0
112330746,447,8,5654281,105963152,112330746,6367594,106676465,6367594,100308871,0,0
112373303,596,1,6307815,105963152,112373303,6410151,106065488,6410151,99655337,0,0
112400956,241,1,4238549,105963152,112400956,6437804,108162407,6437804,101724603,0,0
112452237,707,1,7229875,105963152,112452237,6489085,105222362,6489085,98733277,0,0
112618565,436,4,5574140,105986480,112618565,6632085,107044425,6632085,100412340,0,0
112663557,663,4,6510903,105986480,112663557,6677077,106152654,6677077,99475577,0,0
113836436,452,4,5659723,107111929,113836436,6724507,108176713,6724507,101452206,0,0
116690783,216,8,4117554,109764431,116690783,6926352,112573229,6926352,105646877,0,0
116796246,213,8,4100763,109798462,116796246,6997784,112695483,6997784,105697699,0,0
118133322,108,8,3221514,111125171,118133322,7008151,114911808,7008151,107903657,0,0
118189525,631,1,6483706,111125171,118189525,7064354,111705819,7064354,104641465,0,0
118685590,168,8,3854783,111568548,118685590,7117042,114830807,7117042,107713765,0,0
118691706,612,1,6477889,111568548,118691706,7123158,112213817,7123158,105090659,0,0
118865577,662,4,6510898,111715688,118865577,7149889,112354679,7149889,105204790,0,0
119477827,69,1,2353391,2353391,119477827,117124436,117124436,117124436,0,0,0
119695697,767,8,8054934,112330746,119695697,7364951,111640763,7364951,104275812,0,0
120063219,331,8,5030418,112618565,120063219,7444654,115032801,7444654,107588147,0,0
120675299,682,4,6711622,112663557,120675299,8011742,113963677,8011742,105951935,0,0
126727911,934,32,9632785,118685590,126727911,8042321,117095126,8042321,109052805,0,0
127310152,261,8,4257328,118865577,127310152,8444575,123052824,8444575,114608249,0,0
128192951,533,8,5907010,119695697,128192951,8497254,122285941,8497254,113788687,0,0
128768929,758,8,7967236,120063219,128768929,8705710,120801693,8705710,112095983,0,0
129482795,450,8,5655933,120675299,129482795,8807496,123826862,8807496,115019366,0,0
130611105,59,1,2326970,2326970,130611105,128284135,128284135,128284135,0,0,0
135599466,201,8,4072683,126727911,135599466,8871555,131526783,8871555,122655228,0,0
135690646,248,1,4238572,126727911,135690646,8962735,131452074,8962735,122489339,0,0
135693790,239,1,4238543,126727911,135693790,8965879,131455247,8965879,122489368,0,0
135693825,240,1,4238546,126727911,135693825,8965914,131455279,8965914,122489365,0,0
135780328,686,8,6997386,126727911,135780328,9052417,128782942,9052417,119730525,0,0
135881209,718,8,7314985,126727911,135881209,9153298,128566224,9153298,119412926,0,0
136233149,48,1,1945503,1945503,136233149,134287646,134287646,134287646,0,0,0
136497805,870,8,9352373,127310152,136497805,9187653,127145432,9187653,117957779,0,0
136543857,197,4,4022175,127310152,136543857,9233705,132521682,9233705,123287977,0,0
137518740,461,4,5702448,128192951,137518740,9325789,131816292,9325789,122490503,0,0
138102833,109,8,3232960,128768929,138102833,9333904,134869873,9333904,125535969,0,0
138305316,706,1,7229871,128768929,138305316,9536387,131075445,9536387,121539058,0,0
138383401,554,1,5983202,128768929,138383401,9614472,132400199,9614472,122785727,0,0
140299929,689,16,7063496,130611105,140299929,9688824,133236433,9688824,123547609,0,0
145433476,471,4,5709282,135599466,145433476,9834010,139724194,9834010,129890184,0,0
145623508,439,8,5609800,135780328,145623508,9843180,140013708,9843180,130170528,0,0
145718084,203,4,4072721,135780328,145718084,9937756,141645363,9937756,131707607,0,0
145940500,462,4,5702462,135881209,145940500,10059291,140238038,10059291,130178747,0,0
146248258,172,4,3910570,135881209,146248258,10367049,142337688,10367049,131970639,0,0
146952948,693,8,7188172,136497805,146952948,10455143,139764776,10455143,129309633,0,0
147005487,745,1,7785948,136497805,147005487,10507682,139219539,10507682,128711857,0,0
147062697,262,4,4265546,136543857,147062697,10518840,142797151,10518840,132278311,0,0
148108072,175,4,3959858,137518740,148108072,10589332,144148214,10589332,133558882,0,0
148835007,161,8,3829332,138102833,148835007,10732174,145005675,10732174,134273501,0,0
149310258,555,1,5983205,138102833,149310258,11207425,143327053,11207425,132119628,0,0
149720460,12,1,1943248,1943248,149720460,147777212,147777212,147777212,0,0,0
151908107,154,8,3774084,140299929,151908107,11608178,148134023,11608178,136525845,0,0
152914885,618,1,6477920,140299929,152914885,12614956,146436965,12614956,133822009,0,0
153063602,383,4,5303101,140299929,153063602,12763673,147760501,12763673,134996828,0,0
153430096,349,8,5079170,140299929,153430096,13130167,148350926,13130167,135220759,0,0
158856846,115,8,3251335,145623508,158856846,13233338,155605511,13233338,142372173,0,0
159501307,626,1,6482611,145623508,159501307,13877799,153018696,13877799,139140897,0,0
159708837,51,1,1945520,1945520,159708837,157763317,157763317,157763317,0,0,0
160974608,795,16,8462645,146952948,160974608,14021660,152511963,14021660,138490303,0,0
161217596,136,8,3575962,147062697,161217596,14154899,157641634,14154899,143486735,0,0
161550501,619,1,6477925,147062697,161550501,14487804,155072576,14487804,140584772,0,0
161792816,350,1,5088087,147062697,161792816,14730119,156704729,14730119,141974610,0,0
162946242,547,4,5967243,148108072,162946242,14838170,156978999,14838170,142140829,0,0
163677355,558,4,6045015,148835007,163677355,14842348,157632340,14842348,142789992,0,0
163734176,559,4,6045026,148835007,163734176,14899169,157689150,14899169,142789981,0,0
163767203,696,1,7219983,148835007,163767203,14932196,156547220,14932196,141615024,0,0
167031351,169,8,3855623,151908107,167031351,15123244,163175728,15123244,148052484,0,0
168668235,316,4,4748470,153063602,168668235,15604633,163919765,15604633,148315132,0,0
168692893,244,1,4238559,153063602,168692893,15629291,164454334,15629291,148825043,0,0
169931645,441,8,5611975,153430096,169931645,16501549,164319670,16501549,147818121,0,0
175433762,667,4,6554564,158856846,175433762,16576916,168879198,16576916,152302282,0,0
176297106,334,8,5061663,159708837,176297106,16588269,171235443,16588269,154647174,0,0
176589917,90,1,2372756,2372756,176589917,174217161,174217161,174217161,0,0,0
176590877,88,1,2372744,2372744,176590877,174218133,174218133,174218133,0,0,0
177570041,183,8,3993843,160974608,177570041,16595433,173576198,16595433,156980765,0,0
177808999,187,8,3994883,160974608,177808999,16834391,173814116,16834391,156979725,0,0
178134085,393,8,5305810,161217596,178134085,16916489,172828275,16916489,155911786,0,0
178484454,84,1,2354619,2354619,178484454,176129835,176129835,176129835,0,0,0
180491744,75,1,2353483,2353483,180491744,178138261,178138261,178138261,0,0,0
180970464,762,16,8040909,163767203,180970464,17203261,172929555,17203261,155726294,0,0
184774793,442,8,5611979,167031351,184774793,17743442,179162814,17743442,161419372,0,0
186429216,664,4,6510910,168668235,186429216,17760981,179918306,17760981,162157325,0,0
187860773,543,4,5961299,169931645,187860773,17929128,181899474,17929128,163970346,0,0
189695134,3,1,945683,945683,189695134,188749451,188749451,188749451,0,0,0
193363116,158,8,3817947,175433762,193363116,17929354,189545169,17929354,171615815,0,0
194290607,308,4,4710494,176297106,194290607,17993501,189580113,17993501,171586612,0,0
194655683,145,8,3668737,176590877,194655683,18064806,190986946,18064806,172922140,0,0
196236731,400,8,5321019,177570041,196236731,18666690,190915712,18666690,172249022,0,0
197234093,867,1,9350020,177570041,197234093,19664052,187884073,19664052,168220021,0,0
197527167,306,4,4710459,177808999,197527167,19718168,192816708,19718168,173098540,0,0
197992390,207,8,4098822,178134085,197992390,19858305,193893568,19858305,174035263,0,0
199190388,278,4,4494277,178134085,199190388,21056303,194696111,21056303,173639808,0,0
201644818,501,8,5818917,180491744,201644818,21153074,195825901,21153074,174672827,0,0
201918203,602,1,6435021,180491744,201918203,21426459,195483182,21426459,174056723,0,0
203084285,632,1,6483711,180491744,203084285,22592541,196600574,22592541,174008033,0,0
203147455,245,1,4238563,180491744,203147455,22655711,198908892,22655711,176253181,0,0
203368598,610,1,6472782,180491744,203368598,22876854,196895816,22876854,174018962,0,0
204579372,121,8,3336253,180970464,204579372,23608908,201243119,23608908,177634211,0,0
204588679,390,8,5305183,180970464,204588679,23618215,199283496,23618215,175665281,0,0
209182614,694,8,7188203,184774793,209182614,24407821,201994411,24407821,177586590,0,0
209561452,704,1,7229865,184774793,209561452,24786659,202331587,24786659,177544928,0,0
210329606,43,1,1945454,1945454,210329606,208384152,208384152,208384152,0,0,0
212954049,869,8,9352358,187860773,212954049,25093276,203601691,25093276,178508415,0,0
212974450,642,1,6495752,187860773,212974450,25113677,206478698,25113677,181365021,0,0
218563460,333,8,5061660,193363116,218563460,25200344,213501800,25200344,188301456,0,0
221596498,50,1,1945514,1945514,221596498,219650984,219650984,219650984,0,0,0
221626704,833,16,9129154,196236731,221626704,25389973,212497550,25389973,187107577,0,0
223499313,327,8,4968494,197527167,223499313,25972146,218530819,25972146,192558673,0,0
223572819,35,1,1943959,1943959,223572819,221628860,221628860,221628860,0,0,0
224313156,23,1,1943861,1943861,224313156,222369295,222369295,222369295,0,0,0
224705320,877,1,9375612,197527167,224705320,27178153,215329708,27178153,188151555,0,0
225208963,873,8,9352975,197992390,225208963,27216573,215855988,27216573,188639415,0,0
228974522,134,8,3573973,201644818,228974522,27329704,225400549,27329704,198070845,0,0
230095481,611,1,6472830,201644818,230095481,28450663,223622651,28450663,195171988,0,0
233328158,206,8,4098818,204579372,233328158,28748786,229229340,28748786,200480554,0,0
233498153,564,1,6050374,204579372,233498153,28918781,227447779,28918781,198528998,0,0
235772345,574,8,6135603,204588679,235772345,31183666,229636742,31183666,198453076,0,0
236391752,80,1,2353564,2353564,236391752,234038188,234038188,234038188,0,0,0
241167595,120,8,3336208,209182614,241167595,31984981,237831387,31984981,205846406,0,0
244974213,211,8,4099614,212954049,244974213,32020164,240874599,32020164,208854435,0,0
245725304,46,1,1945483,1945483,245725304,243779821,243779821,243779821,0,0,0
250584455,209,8,4099352,218563460,250584455,32020995,246485103,32020995,214464108,0,0
254304221,865,8,9323577,221596498,254304221,32707723,244980644,32707723,212272921,0,0
255555115,236,1,4238533,221596498,255555115,33958617,251316582,33958617,217357965,0,0
256078597,625,1,6482605,221596498,256078597,34482099,249595992,34482099,215113893,0,0
256225344,572,4,6083370,221626704,256225344,34598640,250141974,34598640,215543334,0,0
257360421,220,1,4211443,221626704,257360421,35733717,253148978,35733717,217415261,0,0
257584160,473,4,5709310,221626704,257584160,35957456,251874850,35957456,215917394,0,0
258637153,253,1,4238590,221626704,258637153,37010449,254398563,37010449,217388114,0,0
258639879,230,1,4238513,221626704,258639879,37013175,254401366,37013175,217388191,0,0
261018416,99,8,2918986,223499313,261018416,37519103,258099430,37519103,220580327,0,0
263397938,249,1,4238576,223499313,263397938,39898625,259159362,39898625,219260737,0,0
264543857,616,1,6477911,223499313,264543857,41044544,258065946,41044544,217021402,0,0
264800473,167,8,3854780,223572819,264800473,41227654,260945693,41227654,219718039,0,0
264890586,217,1,4126763,223572819,264890586,41317767,260763823,41317767,219446056,0,0
266879934,687,8,6997579,225208963,266879934,41670971,259882355,41670971,218211384,0,0
271626992,282,8,4513730,228974522,271626992,42652470,267113262,42652470,224460792,0,0
275190051,81,1,2353630,2353630,275190051,272836421,272836421,272836421,0,0,0
277023599,370,8,5232515,233328158,277023599,43695441,271791084,43695441,228095643,0,0
277683568,594,1,6307606,233328158,277683568,44355410,271375962,44355410,227020552,0,0
280377105,440,8,5609804,235772345,280377105,44604760,274767301,44604760,230162541,0,0
280801426,628,1,6483527,235772345,280801426,45029081,274317899,45029081,229288818,0,0
284408788,94,1,2372779,2372779,284408788,282036009,282036009,282036009,0,0,0
286613146,113,8,3244307,241167595,286613146,45445551,283368839,45445551,237923288,0,0
286671639,276,4,4483075,241167595,286671639,45504044,282188564,45504044,236684520,0,0
287134853,606,1,6435092,241167595,287134853,45967258,280699761,45967258,234732503,0,0
292374539,646,1,6495875,241167595,292374539,51206944,285878664,51206944,234671720,0,0
297201357,14,1,1943786,1943786,297201357,295257571,295257571,295257571,0,0,0
297889008,218,8,4207065,244974213,297889008,52914795,293681943,52914795,240767148,0,0
301374532,609,1,6472517,244974213,301374532,56400319,294902015,56400319,238501696,0,0
315045746,149,8,3675831,250584455,315045746,64461291,311369915,64461291,246908624,0,0
321361513,180,8,3991832,254304221,321361513,67057292,317369681,67057292,250312389,0,0
328359881,204,8,4098805,257584160,328359881,70775721,324261076,70775721,253485355,0,0
328879449,563,1,6050371,257584160,328879449,71295289,322829078,71295289,251533789,0,0
331563919,242,1,4238553,257584160,331563919,73979759,327325366,73979759,253345607,0,0
338702928,311,8,4720969,261018416,338702928,77684512,333981959,77684512,256297447,0,0
343027339,44,1,1945464,1945464,343027339,341081875,341081875,341081875,0,0,0
346042863,293,8,4527914,264800473,346042863,81242390,341514949,81242390,260272559,0,0
346193809,34,1,1943953,1943953,346193809,344249856,344249856,344249856,0,0,0
351720685,324,8,4951999,266879934,351720685,84840751,346768686,84840751,261927935,0,0
353120509,250,1,4238580,266879934,353120509,86240575,348881929,86240575,262641354,0,0
353124520,229,1,4238510,266879934,353124520,86244586,348886010,86244586,262641424,0,0
356926899,405,1,5343745,266879934,356926899,90046965,351583154,90046965,261536189,0,0
373404106,254,1,4242644,266879934,373404106,106524172,369161462,106524172,262637290,0,0
393799381,10,1,1639747,1639747,393799381,392159634,392159634,392159634,0,0,0
394136643,5,1,1245115,1245115,394136643,392891528,392891528,392891528,0,0,0
411955695,150,8,3698317,271626992,411955695,140328703,408257378,140328703,267928675,0,0
441709020,326,8,4959086,275190051,441709020,166518969,436749934,166518969,270230965,0,0
446604889,61,1,2341194,2341194,446604889,444263695,444263695,444263695,0,0,0
454642329,392,8,5305807,277023599,454642329,177618730,449336522,177618730,271717792,0,0
459288312,6,1,1245337,1245337,459288312,458042975,458042975,458042975,0,0,0
459533905,391,8,5305187,280377105,459533905,179156800,454228718,179156800,275071918,0,0
477051722,95,8,2471552,286613146,477051722,190438576,474580170,190438576,284141594,0,0
512918674,98,8,2746135,286671639,512918674,226247035,510172539,226247035,283925504,0,0
552590750,573,8,6135599,297889008,552590750,254701742,546455151,254701742,291753409,0,0
612463617,127,8,3512880,315045746,612463617,297417871,608950737,297417871,311532866,0,0
