time,job_id,num_gpu,submit_time,start_time,end_time,executed_time,JCT,duration,pending_time,preempt,promote
10006,1,1,6,6,10006,10000,10000,10000,0,0,0
27794,2,1,6,6,27794,27788,27788,27788,0,0,0
47452,4,1,10,10,47452,47442,47442,47442,0,0,0
50932,24,1,44506,44506,50932,6426,6426,6426,0,0,0
71728,8,1,17,17,71728,71711,71711,71711,0,0,0
88003,18,1,44488,44488,88003,43515,43515,43515,0,0,0
95121,0,1,0,0,95121,95121,95121,95121,0,0,0
96445,7,1,14,14,96445,96431,96431,96431,0,0,0
138519,11,1,22,22,138519,138497,138497,138497,0,0,0
164380,13,1,26,26,164380,164354,164354,164354,0,0,0
205786,27,1,44508,44508,205786,161278,161278,161278,0,0,0
214591,9,1,18,18,214591,214573,214573,214573,0,0,0
227498,32,1,225010,225010,227498,2488,2488,2488,0,0,0
233159,30,1,224999,224999,233159,8160,8160,8160,0,0,0
249917,22,1,44500,44500,249917,205417,205417,205417,0,0,0
283022,15,1,30,30,283022,282992,282992,282992,0,0,0
329579,33,1,225012,225012,329579,104567,104567,104567,0,0,0
365796,41,4,291313,291313,365796,74483,74483,74483,0,0,0
398384,28,1,224994,224994,398384,173390,173390,173390,0,0,0
399086,25,1,44507,44507,399086,354579,354579,354579,0,0,0
399377,21,1,44498,44498,399377,354879,354879,354879,0,0,0
603106,53,4,510191,510191,603106,92915,92915,92915,0,0,0
621381,38,4,291295,291295,621381,330086,330086,330086,0,0,0
687598,58,4,632338,632338,687598,55260,55260,55260,0,0,0
696856,57,4,632336,632336,696856,64520,64520,64520,0,0,0
712420,55,4,632320,632320,712420,80100,80100,80100,0,0,0
864042,63,2,719754,719754,864042,144288,144288,144288,0,0,0
867065,86,4,810604,810604,867065,56461,56461,56461,0,0,0
995702,174,2,961222,961222,995702,34480,34480,30389,4091,2,0
1014409,117,2,961023,961023,1014409,53386,53386,23673,29713,3,0
1022720,124,2,961048,961048,1022720,61672,61672,38311,23361,5,0
1038801,151,2,961143,961143,1038801,77658,77658,41336,36322,4,0
1051974,195,2,961295,961295,1051974,90679,90679,44984,45695,3,0
1056548,181,2,961246,961246,1056548,95302,95302,51020,44282,4,0
1059593,177,2,961233,961233,1059593,98360,98360,54078,44282,4,0
1060891,126,2,961055,961055,1060891,99836,99836,55829,44007,7,0
1063328,170,2,961208,961208,1063328,102120,102120,57838,44282,4,0
1074776,122,2,961041,961041,1074776,113735,113735,69713,44022,7,0
1086529,212,2,961361,961361,1086529,125168,125168,71896,53272,4,0
1091203,202,2,961318,961318,1091203,129885,129885,57433,72452,5,0
1094566,199,2,961308,961308,1094566,133258,133258,60778,72480,4,0
1116887,141,2,961106,961106,1116887,155781,155781,83048,72733,6,0
1139125,133,2,961078,961078,1139125,178047,178047,105235,72812,5,0
1182341,111,2,961001,961001,1182341,221340,221340,129898,91442,7,0
1188831,156,2,961160,961160,1188831,227671,227671,111787,115884,6,0
1200392,159,2,961171,961171,1200392,239221,239221,123337,115884,6,0
1303798,168,2,961201,961201,1303798,342597,342597,232861,109736,5,0
1369744,64,2,719767,719767,1369744,649977,649977,307293,342684,1,0
1381604,142,2,961109,961109,1381604,420495,420495,160362,260133,7,0
1403298,62,2,719748,719748,1403298,683550,683550,329010,354540,2,0
1509754,135,2,961086,961086,1509754,548668,548668,288511,260157,7,0
1510866,65,2,719816,719816,1510866,791050,791050,330045,461005,3,0
1520375,16,1,44477,44477,1520375,1475898,1475898,926043,549855,1,0
1525992,66,2,719849,719849,1525992,806143,806143,345135,461008,3,0
1601941,116,2,961019,961019,1601941,640922,640922,409436,231486,7,0
1689587,34,1,225015,225015,1689587,1464572,1464572,915833,548739,1,0
1786147,247,2,1743130,1743130,1786147,43017,43017,43017,0,0,0
1807822,140,2,961102,961102,1807822,846720,846720,452474,394246,8,0
1809282,233,2,1743072,1743072,1809282,66210,66210,66210,0,0,0
1816253,251,2,1743145,1743145,1816253,73108,73108,73108,0,0,0
1820420,238,2,1743092,1743092,1820420,77328,77328,77328,0,0,0
1820651,259,2,1743194,1743194,1820651,77457,77457,77457,0,0,0
1820655,232,2,1743067,1743067,1820655,77588,77588,77588,0,0,0
1854061,291,1,1837969,1837969,1854061,16092,16092,16092,0,0,0
1855451,301,1,1838064,1838064,1855451,17387,17387,17387,0,0,0
1855926,283,1,1837887,1837887,1855926,18039,18039,18039,0,0,0
1860644,382,1,1838943,1838943,1860644,21701,21701,21701,0,0,0
1860927,384,1,1838962,1838962,1860927,21965,21965,21965,0,0,0
1864015,305,1,1838105,1838105,1864015,25910,25910,25910,0,0,0
1867203,296,1,1838014,1838014,1867203,29189,29189,29189,0,0,0
1868904,304,1,1838090,1838090,1868904,30814,30814,30814,0,0,0
1870497,347,1,1838569,1838569,1870497,31928,31928,31928,0,0,0
1871302,286,1,1837922,1837922,1871302,33380,33380,33380,0,0,0
1873852,314,1,1838201,1838201,1873852,35651,35651,35651,0,0,0
1874248,315,1,1838219,1838219,1874248,36029,36029,36029,0,0,0
1875023,363,1,1838723,1838723,1875023,36300,36300,36300,0,0,0
1875633,289,1,1837949,1837949,1875633,37684,37684,37684,0,0,0
1876006,321,1,1838276,1838276,1876006,37730,37730,37730,0,0,0
1876194,310,1,1838151,1838151,1876194,38043,38043,38043,0,0,0
1876194,353,1,1838628,1838628,1876194,37566,37566,37566,0,0,0
1878340,328,1,1838357,1838357,1878340,39983,39983,39983,0,0,0
1879048,341,1,1838500,1838500,1879048,40548,40548,40548,0,0,0
1890884,275,2,1829695,1829695,1890884,61189,61189,42593,18596,11,0
1892595,356,1,1838662,1838662,1892595,53933,53933,53933,0,0,0
1894206,394,1,1892950,1892950,1894206,1256,1256,1256,0,0,0
1901832,395,1,1893036,1893036,1901832,8796,8796,8796,0,0,0
1905106,385,1,1838970,1838970,1905106,66136,66136,66136,0,0,0
1905375,354,1,1838637,1838637,1905375,66738,66738,66738,0,0,0
1908840,407,2,1900833,1900833,1908840,8007,8007,8007,0,0,0
1909136,343,1,1838535,1838535,1909136,70601,70601,70601,0,0,0
1911129,313,1,1838185,1838185,1911129,72944,72944,72944,0,0,0
1916335,307,1,1838123,1838123,1916335,78212,78212,78212,0,0,0
1918886,372,1,1838835,1838835,1918886,80051,80051,80051,0,0,0
1919299,406,2,1900806,1900806,1919299,18493,18493,18493,0,0,0
1925802,290,1,1837957,1837957,1925802,87845,87845,87845,0,0,0
1927519,409,2,1901098,1901098,1927519,26421,26421,26421,0,0,0
1939287,398,2,1900661,1900661,1939287,38626,38626,38626,0,0,0
1940242,367,1,1838759,1838759,1940242,101483,101483,101483,0,0,0
1946648,401,2,1900676,1900676,1946648,45972,45972,45972,0,0,0
1950301,338,1,1838474,1838474,1950301,111827,111827,111827,0,0,0
1950371,404,2,1900755,1900755,1950371,49616,49616,49616,0,0,0
1951393,402,2,1900719,1900719,1951393,50674,50674,50674,0,0,0
1974435,312,1,1838174,1838174,1974435,136261,136261,136261,0,0,0
2023504,413,1,1986341,1986341,2023504,37163,37163,37163,0,0,0
2027217,380,1,1838925,1838925,2027217,188292,188292,188292,0,0,0
2033389,348,1,1838585,1838585,2033389,194804,194804,194804,0,0,0
2049416,410,4,1911117,1911117,2049416,138299,138299,101885,36414,3,0
2052541,266,2,1829632,1829632,2052541,222909,222909,118643,104266,17,0
2067414,392,1,1892825,1892825,2067414,174589,174589,173134,1455,2,0
2085800,451,4,2059042,2059042,2085800,26758,26758,22561,4197,2,0
2119538,426,4,2058866,2058866,2119538,60672,60672,40137,20535,3,0
2124862,445,4,2058992,2058992,2124862,65870,65870,45518,20352,3,0
2189544,457,4,2059102,2059102,2189544,130442,130442,92507,37935,3,0
2206063,252,2,1743149,1743149,2206063,462914,462914,140567,322347,3,0
2206102,256,2,1743175,1743175,2206102,462927,462927,147416,315511,5,0
2249546,484,4,2230255,2230255,2249546,19291,19291,15007,4284,6,0
2272427,513,4,2230381,2230381,2272427,42046,42046,27173,14873,4,0
2272520,480,4,2230241,2230241,2272520,42279,42279,15098,27181,6,0
2278348,477,4,2230229,2230229,2278348,48119,48119,20928,27191,7,0
2283195,470,4,2230205,2230205,2283195,52990,52990,25775,27215,9,0
2335201,472,4,2230212,2230212,2335201,104989,104989,77779,27210,8,0
2336951,476,4,2230226,2230226,2336951,106725,106725,28386,78339,7,0
2350136,300,1,1838055,1838055,2350136,512081,512081,243900,268181,3,0
2382016,505,4,2230346,2230346,2382016,151670,151670,74023,77647,5,0
2417757,532,4,2394731,2394731,2417757,23026,23026,23026,0,0,0
2419071,393,1,1892933,1892933,2419071,526138,526138,288202,237936,5,0
2432793,551,4,2394804,2394804,2432793,37989,37989,37989,0,0,0
2522024,552,4,2394808,2394808,2522024,127216,127216,127216,0,0,0
2556211,525,4,2230435,2230435,2556211,325776,325776,108121,217655,6,0
2557378,299,1,1838046,1838046,2557378,719332,719332,281846,437486,6,0
2610780,272,2,1829675,1829675,2610780,781105,781105,214364,566741,17,0
2618737,288,1,1837940,1837940,2618737,780797,780797,338446,442351,4,0
2652250,415,4,2058785,2058785,2652250,593465,593465,147841,445624,9,0
2696584,302,1,1838073,1838073,2696584,858511,858511,441027,417484,6,0
2699011,303,1,1838081,1838081,2699011,860930,860930,277312,583618,5,0
2748053,421,4,2058830,2058830,2748053,689223,689223,159184,530039,4,0
2762847,560,8,2762368,2762368,2762847,479,479,479,0,0,0
2763430,556,8,2762351,2762351,2763430,1079,1079,1079,0,0,0
2766726,561,8,2764715,2764715,2766726,2011,2011,2011,0,0,0
2767554,568,8,2764803,2764803,2767554,2751,2751,2751,0,0,0
2788126,557,8,2762365,2762365,2788126,25761,25761,25761,0,0,0
2789381,565,8,2764735,2764735,2789381,24646,24646,24646,0,0,0
2802834,569,8,2764860,2764860,2802834,37974,37974,37974,0,0,0
2804921,577,8,2788528,2788528,2804921,16393,16393,16393,0,0,0
2820530,571,8,2778451,2778451,2820530,42079,42079,42079,0,0,0
2836938,574,8,2787624,2787624,2836938,49314,49314,49314,0,0,0
2838264,575,8,2787660,2787660,2838264,50604,50604,50604,0,0,0
2844675,582,8,2842990,2842990,2844675,1685,1685,1685,0,0,0
2867747,579,8,2831118,2831118,2867747,36629,36629,36629,0,0,0
2874302,583,8,2866521,2866521,2874302,7781,7781,7781,0,0,0
2895384,490,4,2230277,2230277,2895384,665107,665107,90586,574521,8,0
2896864,520,4,2230413,2230413,2896864,666451,666451,154143,512308,11,0
2899951,309,1,1838141,1838141,2899951,1061810,1061810,297078,764732,5,0
2921428,320,1,1838268,1838268,2921428,1083160,1083160,301443,781717,3,0
2933911,455,4,2059079,2059079,2933911,874832,874832,184896,689936,5,0
2963425,336,1,1838448,1838448,2963425,1124977,1124977,341776,783201,2,0
3007503,483,4,2230252,2230252,3007503,777251,777251,223796,553455,9,0
3030251,837,1,3028125,3028125,3030251,2126,2126,2126,0,0,0
3097712,697,1,3027713,3027713,3097712,69999,69999,59701,10298,20,0
3102458,826,1,3028099,3028099,3102458,74359,74359,15202,59157,16,0
3103146,845,1,3028204,3028204,3103146,74942,74942,15890,59052,16,0
3108574,846,1,3028215,3028215,3108574,80359,80359,21318,59041,13,0
3118187,816,1,3028078,3028078,3118187,90109,90109,30943,59166,17,0
3118524,847,1,3028440,3028440,3118524,90084,90084,31268,58816,5,0
3122891,809,1,3028064,3028064,3122891,94827,94827,35647,59180,16,0
3122946,808,1,3028063,3028063,3122946,94883,94883,35702,59181,15,0
3123994,842,1,3028136,3028136,3123994,95858,95858,36738,59120,15,0
3125969,692,1,3027697,3027697,3125969,98272,98272,61676,36596,18,0
3127558,711,1,3027739,3027739,3127558,99819,99819,61296,38523,19,0
3134746,812,1,3028070,3028070,3134746,106676,106676,43938,62738,17,0
3136830,810,1,3028066,3028066,3136830,108764,108764,46022,62742,16,0
3141909,794,1,3028033,3028033,3141909,113876,113876,54335,59541,15,0
3144148,741,1,3027899,3027899,3144148,116249,116249,54639,61610,18,0
3157687,787,1,3028016,3028016,3157687,129671,129671,66879,62792,7,0
3159906,756,1,3027935,3027935,3159906,131971,131971,63517,68454,13,0
3165225,782,1,3028004,3028004,3165225,137221,137221,72198,65023,8,0
3189281,749,1,3027919,3027919,3189281,161362,161362,87573,73789,15,0
3195927,827,1,3028099,3028099,3195927,167828,167828,76969,90859,16,0
3198164,838,1,3028126,3028126,3198164,170038,170038,79205,90833,15,0
3201839,834,1,3028117,3028117,3201839,173722,173722,82880,90842,16,0
3204369,835,1,3028120,3028120,3204369,176249,176249,85410,90839,17,0
3208208,713,1,3027778,3027778,3208208,180430,180430,96485,83945,23,0
3220774,736,1,3027887,3027887,3220774,192887,192887,112378,80509,20,0
3221984,759,1,3027943,3027943,3221984,194041,194041,101349,92692,13,0
3222917,716,1,3027848,3027848,3222917,195069,195069,98724,96345,24,0
3228079,703,1,3027724,3027724,3228079,200355,200355,103729,96626,24,0
3231168,702,1,3027724,3027724,3231168,203444,203444,106818,96626,25,0
3231370,848,1,3028452,3028452,3231370,202918,202918,92649,110269,6,0
3233783,775,1,3027988,3027988,3233783,205795,205795,93306,112489,9,0
3235355,777,1,3027992,3027992,3235355,207363,207363,94878,112485,9,0
3235403,844,1,3028157,3028157,3235403,207246,207246,96682,110564,18,0
3238953,755,1,3027931,3027931,3238953,211022,211022,115229,95793,15,0
3241549,757,1,3027937,3027937,3241549,213612,213612,117825,95787,15,0
3243345,831,1,3028112,3028112,3243345,215233,215233,110395,104838,18,0
3248209,832,1,3028113,3028113,3248209,220096,220096,115259,104837,15,0
3251139,724,1,3027864,3027864,3251139,223275,223275,110742,112533,22,0
3263686,725,1,3027866,3027866,3263686,235820,235820,123289,112531,23,0
3269449,843,1,3028139,3028139,3269449,241310,241310,130728,110582,18,0
3273415,839,1,3028130,3028130,3273415,245285,245285,110848,134437,17,0
3274536,685,1,3027673,3027673,3274536,246863,246863,117652,129211,22,0
3292908,603,1,3027133,3027133,3292908,265775,265775,134772,131003,23,0
3292920,715,1,3027819,3027819,3292920,265101,265101,136209,128892,24,0
3320459,669,1,3027629,3027629,3320459,292830,292830,155841,136989,23,0
3320963,613,1,3027181,3027181,3320963,293782,293782,162825,130957,20,0
3323811,708,1,3027735,3027735,3323811,296076,296076,165634,130442,26,0
3325732,656,1,3027595,3027595,3325732,298137,298137,132807,165330,20,0
3395863,617,1,3027237,3027237,3395863,368626,368626,232806,135820,22,0
3406003,695,1,3027709,3027709,3406003,378294,378294,178988,199306,25,0
3409816,597,1,3027091,3027091,3409816,382725,382725,173801,208924,23,0
3417428,671,1,3027633,3027633,3417428,389795,389795,182679,207116,23,0
3420644,781,1,3028003,3028003,3420644,392641,392641,257730,134911,12,0
3443487,620,1,3027263,3027263,3443487,416224,416224,280430,135794,21,0
3458598,830,1,3028108,3028108,3458598,430490,430490,193471,237019,20,0
3461655,636,1,3027362,3027362,3461655,434293,434293,245203,189090,22,0
3493450,649,1,3027552,3027552,3493450,465898,465898,277455,188443,11,0
3495223,622,1,3027271,3027271,3495223,467952,467952,259497,208455,23,0
3499091,766,1,3027966,3027966,3499091,471125,471125,279548,191577,12,0
3506505,768,1,3027969,3027969,3506505,478536,478536,286963,191573,11,0
3509958,774,1,3027984,3027984,3509958,481974,481974,270847,211127,11,0
3512393,771,1,3027980,3027980,3512393,484413,484413,273283,211130,11,0
3526411,672,1,3027637,3027637,3526411,498774,498774,261234,237540,8,0
3539656,638,1,3027369,3027369,3539656,512287,512287,323198,189089,20,0
3581025,783,1,3028008,3028008,3581025,553017,553017,248043,304974,8,0
3585211,375,1,1838866,1838866,3585211,1746345,1746345,409752,1336593,3,0
3601522,660,1,3027602,3027602,3601522,573920,573920,345862,228058,21,0
3602628,819,1,3028082,3028082,3602628,574546,574546,269228,305318,21,0
3614757,825,1,3028095,3028095,3614757,586662,586662,268564,318098,21,0
3623895,761,1,3027957,3027957,3623895,595938,595938,305467,290471,16,0
3633715,788,1,3028019,3028019,3633715,605696,605696,301247,304449,11,0
3656216,841,1,3028134,3028134,3656216,628082,628082,310023,318059,20,0
3664500,366,1,1838750,1838750,3664500,1825750,1825750,472865,1352885,4,0
3671852,822,1,3028090,3028090,3671852,643762,643762,338904,304858,19,0
3769776,856,4,3721511,3721511,3769776,48265,48265,48265,0,0,0
3778961,861,4,3721529,3721529,3778961,57432,57432,57432,0,0,0
3822119,868,4,3721559,3721559,3822119,100560,100560,100560,0,0,0
3840917,874,4,3721586,3721586,3840917,119331,119331,119331,0,0,0
3841181,389,1,1839011,1839011,3841181,2002170,2002170,487231,1514939,5,0
3841388,828,1,3028104,3028104,3841388,813284,813284,442860,370424,21,0
3868144,875,1,3867133,3867133,3868144,1011,1011,1011,0,0,0
3875864,746,1,3027911,3027911,3875864,847953,847953,491005,356948,18,0
3875907,885,4,3873106,3873106,3875907,2801,2801,2801,0,0,0
3876140,880,4,3873036,3873036,3876140,3104,3104,3104,0,0,0
3888344,878,4,3873009,3873009,3888344,15335,15335,15335,0,0,0
3896251,876,1,3867169,3867169,3896251,29082,29082,29082,0,0,0
3901241,894,4,3890341,3890341,3901241,10900,10900,10900,0,0,0
3904652,883,4,3873097,3873097,3904652,31555,31555,31555,0,0,0
3920121,893,4,3890336,3890336,3920121,29785,29785,29785,0,0,0
3934495,800,1,3028045,3028045,3934495,906450,906450,499102,407348,22,0
3953035,884,4,3873101,3873101,3953035,79934,79934,79934,0,0,0
3974586,881,4,3873089,3873089,3974586,101497,101497,101497,0,0,0
3979688,891,4,3890327,3890327,3979688,89361,89361,89361,0,0,0
4007059,879,4,3873028,3873028,4007059,134031,134031,134031,0,0,0
4113150,886,4,3890306,3890306,4113150,222844,222844,164215,58629,1,0
4121735,902,1,4098906,4098906,4121735,22829,22829,22829,0,0,0
4130516,887,4,3890310,3890310,4130516,240206,240206,181577,58629,1,0
4138945,581,8,2831155,2831155,4138945,1307790,1307790,86207,1221583,2,0
4187815,414,4,2058781,2058781,4187815,2129034,2129034,225266,1903768,6,0
4216231,903,8,4131053,4131053,4216231,85178,85178,85178,0,0,0
4224426,905,8,4217249,4217249,4224426,7177,7177,7177,0,0,0
4256930,171,2,961211,961211,4256930,3295719,3295719,487330,2808389,10,0
4291445,482,4,2230248,2230248,4291445,2061197,2061197,263046,1798151,12,0
4351847,909,4,4343680,4343680,4351847,8167,8167,8167,0,0,0
4352574,912,8,4349687,4349687,4352574,2887,2887,2887,0,0,0
4362239,529,4,2394720,2394720,4362239,1967519,1967519,195973,1771546,4,0
4373081,511,4,2230371,2230371,4373081,2142710,2142710,206808,1935902,11,0
4382023,906,8,4301307,4301307,4382023,80716,80716,80716,0,0,0
4395340,530,4,2394724,2394724,4395340,2000616,2000616,229070,1771546,4,0
4411637,510,4,2230367,2230367,4411637,2181270,2181270,245368,1935902,11,0
4419285,911,4,4348474,4348474,4419285,70811,70811,70811,0,0,0
4428784,916,4,4390118,4390118,4428784,38666,38666,38666,0,0,0
4437764,665,1,3027622,3027622,4437764,1410142,1410142,581854,828288,27,0
4444742,464,4,2230184,2230184,4444742,2214558,2214558,225193,1989365,21,0
4472025,914,4,4387864,4387864,4472025,84161,84161,84161,0,0,0
4491868,917,4,4442540,4442540,4491868,49328,49328,49328,0,0,0
4496752,928,4,4491981,4491981,4496752,4771,4771,4771,0,0,0
4500668,931,4,4491995,4491995,4500668,8673,8673,8673,0,0,0
4501403,927,4,4491980,4491980,4501403,9423,9423,9423,0,0,0
4505704,918,4,4442544,4442544,4505704,63160,63160,63160,0,0,0
4531535,954,4,4524626,4524626,4531535,6909,6909,6909,0,0,0
4532760,950,4,4524588,4524588,4532760,8172,8172,8172,0,0,0
4533263,951,4,4524591,4524591,4533263,8672,8672,8672,0,0,0
4537104,944,4,4496513,4496513,4537104,40591,40591,40591,0,0,0
4549161,949,4,4524584,4524584,4549161,24577,24577,24577,0,0,0
4561076,935,4,4492021,4492021,4561076,69055,69055,69055,0,0,0
4562101,943,4,4496509,4496509,4562101,65592,65592,65592,0,0,0
4634860,932,4,4492004,4492004,4634860,142856,142856,142856,0,0,0
4676859,933,4,4492011,4492011,4676859,184848,184848,184848,0,0,0
4711107,936,4,4496481,4496481,4711107,214626,214626,214626,0,0,0
4738527,650,1,3027558,3027558,4738527,1710969,1710969,569118,1141851,17,0
4771944,959,4,4760871,4760871,4771944,11073,11073,11073,0,0,0
4802335,956,4,4760845,4760845,4802335,41490,41490,41490,0,0,0
4807247,960,4,4760876,4760876,4807247,46371,46371,46371,0,0,0
4883440,981,4,4871827,4871827,4883440,11613,11613,11613,0,0,0
4889079,973,4,4869973,4869973,4889079,19106,19106,19106,0,0,0
4889406,962,4,4869521,4869521,4889406,19885,19885,19885,0,0,0
4904885,977,4,4869989,4869989,4904885,34896,34896,34896,0,0,0
4925983,966,4,4869540,4869540,4925983,56443,56443,56443,0,0,0
4930322,969,4,4869959,4869959,4930322,60363,60363,60363,0,0,0
4939337,982,4,4925426,4925426,4939337,13911,13911,13911,0,0,0
4994522,957,4,4760855,4760855,4994522,233667,233667,233667,0,0,0
4995659,970,4,4869963,4869963,4995659,125696,125696,125696,0,0,0
5000066,732,1,3027879,3027879,5000066,1972187,1972187,822972,1149215,28,0
5048121,978,4,4869992,4869992,5048121,178129,178129,178129,0,0,0
5075156,974,4,4869978,4869978,5075156,205178,205178,205178,0,0,0
5113749,263,2,1743219,1743219,5113749,3370530,3370530,313736,3056794,15,0
5140804,980,4,4871823,4871823,5140804,268981,268981,240984,27997,1,0
5177444,805,1,3028056,3028056,5177444,2149388,2149388,814807,1334581,27,0
5203200,287,1,1837931,1837931,5203200,3365269,3365269,712381,2652888,11,0
5211887,910,4,4348460,4348460,5211887,863427,863427,244550,618877,1,0
5312182,265,2,1829629,1829629,5312182,3482553,3482553,377871,3104682,31,0
5350199,424,4,2058855,2058855,5350199,3291344,3291344,275745,3015599,7,0
5357392,801,1,3028049,3028049,5357392,2329343,2329343,828064,1501279,25,0
5368204,491,4,2230280,2230280,5368204,3137924,3137924,249194,2888730,12,0
5377569,988,4,5212918,5212918,5377569,164651,164651,164651,0,0,0
5398420,779,1,3027995,3027995,5398420,2370425,2370425,747261,1623164,16,0
5474569,990,4,5451075,5451075,5474569,23494,23494,23494,0,0,0
5481387,504,4,2230343,2230343,5481387,3251044,3251044,154216,3096828,8,0
5494114,334,1,1838416,1838416,5494114,3655698,3655698,547332,3108366,7,0
5498033,323,1,1838303,1838303,5498033,3659730,3659730,551267,3108463,7,0
5498883,726,1,3027868,3027868,5498883,2471015,2471015,852768,1618247,31,0
5500945,337,1,1838466,1838466,5500945,3662479,3662479,554171,3108308,8,0
5542787,285,1,1837914,1837914,5542787,3704873,3704873,955811,2749062,9,0
5546560,796,1,3028037,3028037,5546560,2518523,2518523,895346,1623177,25,0
5563068,996,2,5560659,5560659,5563068,2409,2409,2409,0,0,0
5582698,995,2,5560655,5560655,5582698,22043,22043,22043,0,0,0
5584666,318,1,1838250,1838250,5584666,3746416,3746416,623150,3123266,5,0
5607833,351,1,1838611,1838611,5607833,3769222,3769222,659034,3110188,8,0
5611097,992,2,5560635,5560635,5611097,50462,50462,50462,0,0,0
5622087,346,1,1838560,1838560,5622087,3783527,3783527,673540,3109987,7,0
5632943,364,1,1838732,1838732,5632943,3794211,3794211,658429,3135782,8,0
5639235,676,1,3027644,3027644,5639235,2611591,2611591,669987,1941604,26,0
5683663,993,2,5560636,5560636,5683663,123027,123027,123027,0,0,0
5717133,1022,4,5641116,5641116,5717133,76017,76017,76017,0,0,0
5722666,1011,4,5640888,5640888,5722666,81778,81778,81778,0,0,0
5730921,1026,4,5654163,5654163,5730921,76758,76758,76758,0,0,0
5759370,349,1,1838594,1838594,5759370,3920776,3920776,807911,3112865,8,0
5761690,360,1,1838697,1838697,5761690,3922993,3922993,810392,3112601,7,0
5783132,1015,4,5640945,5640945,5783132,142187,142187,142187,0,0,0
5808020,333,1,1838407,1838407,5808020,3969613,3969613,860427,3109186,8,0
5908177,332,1,1838397,1838397,5908177,4069780,4069780,960583,3109197,8,0
5908826,1014,4,5640943,5640943,5908826,267883,267883,142838,125045,1,0
5954704,378,1,1838892,1838892,5954704,4115812,4115812,910742,3205070,11,0
5999118,991,2,5560622,5560622,5999118,438496,438496,438496,0,0,0
6054318,793,1,3028029,3028029,6054318,3026289,3026289,984253,2042036,26,0
6076930,157,2,961164,961164,6076930,5115766,5115766,509379,4606387,12,0
6120095,165,2,961191,961191,6120095,5158904,5158904,529821,4629083,12,0
6130933,496,4,2230304,2230304,6130933,3900629,3900629,256120,3644509,10,0
6141013,1034,1,6032624,6032624,6141013,108389,108389,108389,0,0,0
6156872,753,1,3027927,3027927,6156872,3128945,3128945,968723,2160222,23,0
6163406,1039,1,6032659,6032659,6163406,130747,130747,130747,0,0,0
6164767,1037,1,6032640,6032640,6164767,132127,132127,132127,0,0,0
6186196,269,2,1829653,1829653,6186196,4356543,4356543,261181,4095362,25,0
6203020,235,2,1743079,1743079,6203020,4459941,4459941,278922,4181019,9,0
6256238,1044,4,6243278,6243278,6256238,12960,12960,7981,4979,2,0
6260732,1068,4,6243609,6243609,6260732,17123,17123,7136,9987,3,0
6263276,1069,4,6243620,6243620,6263276,19656,19656,9679,9977,3,0
6272700,1078,4,6243744,6243744,6272700,28956,28956,15937,13019,4,0
6276945,1084,4,6243823,6243823,6276945,33122,33122,13925,19197,5,0
6281684,1067,4,6243598,6243598,6281684,38086,38086,18665,19421,4,0
6292543,1091,4,6243915,6243915,6292543,48628,48628,23638,24990,5,0
6300113,1079,4,6243756,6243756,6300113,56357,56357,24592,31765,6,0
6320802,1102,4,6244057,6244057,6320802,76745,76745,44169,32576,4,0
6331561,1061,4,6243525,6243525,6331561,88036,88036,35354,52682,6,0
6340222,1120,4,6244319,6244319,6340222,95903,95903,36210,59693,6,0
6350259,1077,4,6243734,6243734,6350259,106525,106525,49397,57128,7,0
6356860,1048,4,6243329,6243329,6356860,113531,113531,50475,63056,6,0
6357914,1081,4,6243778,6243778,6357914,114136,114136,43006,71130,7,0
6365938,1053,4,6243404,6243404,6365938,122534,122534,61941,60593,6,0
6461737,1117,4,6244249,6244249,6461737,217488,217488,149856,67632,7,0
6498954,1072,4,6243657,6243657,6498954,255297,255297,86609,168688,7,0
6516063,1098,4,6244006,6244006,6516063,272057,272057,55211,216846,7,0
6517166,1065,4,6243576,6243576,6517166,273590,273590,104821,168769,7,0
6530579,1124,2,6511338,6511338,6530579,19241,19241,19241,0,0,0
6535842,1097,4,6243996,6243996,6535842,291846,291846,75000,216846,7,0
6539606,1099,4,6244017,6244017,6539606,295589,295589,78743,216846,7,0
6542903,860,4,3721525,3721525,6542903,2821378,2821378,179939,2641439,2,0
6558863,1040,1,6032665,6032665,6558863,526198,526198,413041,113157,1,0
6618472,1119,4,6244298,6244298,6618472,374174,374174,251113,123061,8,0
6685721,1126,4,6665528,6665528,6685721,20193,20193,20193,0,0,0
6755317,1129,4,6691730,6691730,6755317,63587,63587,63587,0,0,0
6763456,1082,4,6243789,6243789,6763456,519667,519667,250716,268951,12,0
6785652,298,1,1838038,1838038,6785652,4947614,4947614,784679,4162935,10,0
6854394,871,4,3721571,3721571,6854394,3132823,3132823,218423,2914400,1,0
6862102,836,1,3028121,3028121,6862102,3833981,3833981,733634,3100347,24,0
6979762,1131,4,6691799,6691799,6979762,287963,287963,287963,0,0,0
6992387,790,1,3028025,3028025,6992387,3964362,3964362,1008086,2956276,26,0
6994793,540,4,2394763,2394763,6994793,4600030,4600030,256417,4343613,6,0
7026256,722,1,3027860,3027860,7026256,3998396,3998396,1043335,2955061,32,0
7062335,23,1,44500,44500,7062335,7017835,7017835,1058998,5958837,8,0
7063797,829,1,3028108,3028108,7063797,4035689,4035689,935385,3100304,24,0
7083711,797,1,3028040,3028040,7083711,4055671,4055671,895174,3160497,28,0
7233630,1135,2,7184875,7184875,7233630,48755,48755,48755,0,0,0
7264202,1136,2,7184879,7184879,7264202,79323,79323,79323,0,0,0
7314522,855,4,3721507,3721507,7314522,3593015,3593015,310537,3282478,5,0
7316222,965,4,4869535,4869535,7316222,2446687,2446687,262675,2184012,3,0
7338916,1134,2,7184871,7184871,7338916,154045,154045,154045,0,0,0
7352394,1156,8,7351029,7351029,7352394,1365,1365,1009,356,1,0
7353338,1152,8,7351008,7351008,7353338,2330,2330,1119,1211,2,0
7353421,1147,8,7350898,7350898,7353421,2523,2523,1410,1113,3,0
7354111,1153,8,7351013,7351013,7354111,3098,3098,1891,1207,2,0
7354263,1155,8,7351023,7351023,7354263,3240,3240,1571,1669,2,0
7354346,1158,8,7351039,7351039,7354346,3307,3307,1995,1312,3,0
7356605,1164,8,7351071,7351071,7356605,5534,5534,4291,1243,3,0
7357358,1143,8,7350869,7350869,7357358,6489,6489,4583,1906,3,0
7357509,1159,8,7351045,7351045,7357509,6464,6464,5112,1352,3,0
7359408,1145,8,7350880,7350880,7359408,8528,8528,4828,3700,4,0
7360722,1168,8,7351091,7351091,7360722,9631,9631,7425,2206,3,0
7361744,1149,8,7350914,7350914,7361744,10830,10830,6235,4595,5,0
7364046,1163,8,7351065,7351065,7364046,12981,12981,8683,4298,4,0
7381577,1161,8,7351055,7351055,7381577,30522,30522,25637,4885,5,0
7383532,1150,8,7350920,7350920,7383532,32612,32612,28832,3780,4,0
7386447,1166,8,7351081,7351081,7386447,35366,35366,29851,5515,5,0
7389140,1148,8,7350909,7350909,7389140,38231,38231,33631,4600,5,0
7392663,1167,8,7351086,7351086,7392663,41577,41577,37338,4239,4,0
7397181,1176,1,7363821,7363821,7397181,33360,33360,33360,0,0,0
7404327,1146,8,7350891,7350891,7404327,53436,53436,41928,11508,8,0
7540281,1169,8,7351095,7351095,7540281,189186,189186,185505,3681,5,0
7556100,898,4,3916185,3916185,7556100,3639915,3639915,282256,3357659,2,0
7600707,1180,1,7363956,7363956,7600707,236751,236751,236751,0,0,0
7620281,246,2,1743125,1743125,7620281,5877156,5877156,273633,5603523,7,0
7627527,223,4,1730216,1730216,7627527,5897311,5897311,175928,5721383,2,0
7635202,399,2,1900666,1900666,7635202,5734536,5734536,289043,5445493,7,0
7648828,913,4,4387854,4387854,7648828,3260974,3260974,118596,3142378,1,0
7668892,840,1,3028131,3028131,7668892,4640761,4640761,459529,4181232,20,0
7672461,295,1,1838005,1838005,7672461,5834456,5834456,536435,5298021,6,0
7754326,411,4,1911136,1911136,7754326,5843190,5843190,302770,5540420,4,0
7758808,297,1,1838022,1838022,7758808,5920786,5920786,622765,5298021,6,0
7760931,815,1,3028075,3028075,7760931,4732856,4732856,560867,4171989,23,0
7772714,1076,4,6243723,6243723,7772714,1528991,1528991,118450,1410541,11,0
7838437,627,1,3027298,3027298,7838437,4811139,4811139,657192,4153947,25,0
7854217,621,1,3027267,3027267,7854217,4826950,4826950,671478,4155472,23,0
7911709,1070,4,6243632,6243632,7911709,1668077,1668077,262209,1405868,8,0
7978689,814,1,3028074,3028074,7978689,4950615,4950615,798203,4152412,22,0
7988715,807,1,3028060,3028060,7988715,4960655,4960655,808229,4152426,22,0
8009955,821,1,3028086,3028086,8009955,4981869,4981869,800507,4181362,22,0
8027465,3,1,6,6,8027465,8027459,8027459,1104675,6922784,12,0
8030613,820,1,3028085,3028085,8030613,5002528,5002528,821169,4181359,22,0
8066949,1113,4,6244190,6244190,8066949,1822759,1822759,260357,1562402,8,0
8090531,1096,4,6243986,6243986,8090531,1846545,1846545,283841,1562704,7,0
8149671,740,1,3027896,3027896,8149671,5121775,5121775,1150794,3970981,35,0
8176887,1178,1,7363838,7363838,8176887,813049,813049,813049,0,0,0
8177133,144,2,961118,961118,8177133,7216015,7216015,552591,6663424,12,0
8211988,700,1,3027720,3027720,8211988,5184268,5184268,1029324,4154944,27,0
8213407,1173,1,7363786,7363786,8213407,849621,849621,849621,0,0,0
8224945,386,1,1838980,1838980,8224945,6385965,6385965,1118769,5267196,14,0
8345810,438,4,2058942,2058942,8345810,6286868,6286868,411912,5874956,9,0
8373873,994,2,5560640,5560640,8373873,2813233,2813233,580610,2232623,3,0
8376526,35,1,225016,225016,8376526,8151510,8151510,1129705,7021805,9,0
8409795,1121,4,6244328,6244328,8409795,2165467,2165467,313480,1851987,10,0
8428345,897,4,3916170,3916170,8428345,4512175,4512175,300821,4211354,3,0
8492963,12,1,25,25,8492963,8492938,8492938,1197774,7295164,6,0
8493822,1175,1,7363816,7363816,8493822,1130006,1130006,1130006,0,0,0
8567162,823,1,3028090,3028090,8567162,5539072,5539072,1210561,4328511,22,0
8600287,317,1,1838242,1838242,8600287,6762045,6762045,1257037,5505008,10,0
8638887,1036,1,6032634,6032634,8638887,2606253,2606253,1192692,1413561,7,0
8693004,1125,2,6511344,6511344,8693004,2181660,2181660,632324,1549336,2,0
8734577,17,1,44477,44477,8734577,8690100,8690100,1225706,7464394,14,0
8741948,1050,4,6243360,6243360,8741948,2498588,2498588,301954,2196634,8,0
8767646,643,1,3027432,3027432,8767646,5740214,5740214,1210358,4529856,28,0
8786586,339,1,1838483,1838483,8786586,6948103,6948103,1239110,5708993,14,0
8853430,118,2,961026,961026,8853430,7892404,7892404,674670,7217734,11,0
8860185,371,1,1838825,1838825,8860185,7021360,7021360,1220270,5801090,18,0
8873375,709,1,3027735,3027735,8873375,5845640,5845640,1227487,4618153,42,0
8886895,1059,4,6243502,6243502,8886895,2643393,2643393,317122,2326271,10,0
8908005,780,1,3027999,3027999,8908005,5880006,5880006,1246827,4633179,18,0
8918728,729,1,3027873,3027873,8918728,5890855,5890855,1246710,4644145,41,0
8967311,130,2,961069,961069,8967311,8006242,8006242,670823,7335419,21,0
9057518,719,1,3027854,3027854,9057518,6029664,6029664,1337368,4692296,42,0
9068662,938,4,4496489,4496489,9068662,4572173,4572173,322364,4249809,4,0
9154582,376,1,1838875,1838875,9154582,7315707,7315707,1340461,5975246,20,0
9157191,901,8,4047477,4047477,9157191,5109714,5109714,160535,4949179,3,0
9208773,1110,4,6244139,6244139,9208773,2964634,2964634,368818,2595816,14,0
9294302,408,2,1900934,1900934,9294302,7393368,7393368,727404,6665964,8,0
9376025,280,2,1829720,1829720,9376025,7546305,7546305,730120,6816185,18,0
9380783,647,1,3027523,3027523,9380783,6353260,6353260,1295049,5058211,30,0
9382030,975,4,4869981,4869981,9382030,4512049,4512049,326250,4185799,6,0
9435165,1089,4,6243883,6243883,9435165,3191282,3191282,376808,2814474,11,0
9468138,961,4,4760908,4760908,9468138,4707230,4707230,358454,4348776,7,0
9601436,507,4,2230353,2230353,9601436,7371083,7371083,463854,6907229,13,0
9640904,652,1,3027573,3027573,9640904,6613331,6613331,1373932,5239399,24,0
9647348,734,1,3027883,3027883,9647348,6619465,6619465,1342363,5277102,43,0
9705581,226,2,1743040,1743040,9705581,7962541,7962541,728941,7233600,17,0
9756483,833,1,3028116,3028116,9756483,6728367,6728367,1397982,5330385,28,0
9763694,169,2,961204,961204,9763694,8802490,8802490,696533,8105957,15,0
9810247,558,8,2762366,2762366,9810247,7047881,7047881,218763,6829118,10,0
9857245,733,1,3027881,3027881,9857245,6829364,6829364,1440263,5389101,46,0
9906261,1151,8,7351003,7351003,9906261,2555258,2555258,224067,2331191,6,0
9915410,1006,4,5564836,5564836,9915410,4350574,4350574,83548,4267026,1,0
9943427,578,8,2831097,2831097,9943427,7112330,7112330,74319,7038011,1,0
9944980,804,1,3028055,3028055,9944980,6916925,6916925,1404159,5512766,41,0
10237787,999,4,5564813,5564813,10237787,4672974,4672974,405948,4267026,1,0
10255929,523,4,2230424,2230424,10255929,8025505,8025505,375096,7650409,18,0
10302253,651,1,3027565,3027565,10302253,7274688,7274688,1472801,5801887,38,0
10322030,205,2,961332,961332,10322030,9360698,9360698,613342,8747356,6,0
10355594,517,4,2230398,2230398,10355594,8125196,8125196,390892,7734304,17,0
10359711,1093,4,6243936,6243936,10359711,4115775,4115775,361364,3754411,10,0
10430478,701,1,3027720,3027720,10430478,7402758,7402758,821383,6581375,28,0
10500091,237,2,1743086,1743086,10500091,8757005,8757005,793899,7963106,20,0
10508456,322,1,1838284,1838284,10508456,8670172,8670172,1457937,7212235,17,0
10548586,273,2,1829683,1829683,10548586,8718903,8718903,770751,7948152,32,0
10601066,601,1,3027118,3027118,10601066,7573948,7573948,1521787,6052161,41,0
10606025,1170,8,7351101,7351101,10606025,3254924,3254924,188532,3066392,5,0
10606090,737,1,3027891,3027891,10606090,7578199,7578199,1486599,6091600,46,0
10619698,940,4,4496497,4496497,10619698,6123201,6123201,383946,5739255,6,0
10672593,112,2,961004,961004,10672593,9711589,9711589,801886,8909703,15,0
10680950,377,1,1838883,1838883,10680950,8842067,8842067,1505580,7336487,26,0
10699855,721,1,3027858,3027858,10699855,7671997,7671997,1519323,6152674,48,0
10708012,1141,4,7350124,7350124,10708012,3357888,3357888,384946,2972942,5,0
10728214,786,1,3028015,3028015,10728214,7700199,7700199,1539075,6161124,32,0
10747874,227,2,1743044,1743044,10747874,9004830,9004830,790443,8214387,14,0
10793754,396,1,1893136,1893136,10793754,8900618,8900618,1570685,7329933,14,0
10797636,615,1,3027207,3027207,10797636,7770429,7770429,1533768,6236661,29,0
10809590,1172,1,7363782,7363782,10809590,3445808,3445808,1544704,1901104,7,0
10830988,614,1,3027195,3027195,10830988,7803793,7803793,1567120,6236673,30,0
10840278,1010,4,5640886,5640886,10840278,5199392,5199392,416516,4782876,8,0
10912711,515,4,2230391,2230391,10912711,8682320,8682320,463112,8219208,17,0
10941179,798,1,3028041,3028041,10941179,7913138,7913138,1586681,6326457,41,0
10961505,1101,4,6244037,6244037,10961505,4717468,4717468,412590,4304878,15,0
10962344,539,4,2394759,2394759,10962344,8567585,8567585,412289,8155296,9,0
10997768,417,4,2058800,2058800,10997768,8938968,8938968,447670,8491298,17,0
11022030,541,4,2394767,2394767,11022030,8627263,8627263,418320,8208943,10,0
11162309,1100,4,6244027,6244027,11162309,4918282,4918282,536546,4381736,16,0
11201258,128,2,961062,961062,11201258,10240196,10240196,835654,9404542,17,0
11206589,854,4,3721503,3721503,11206589,7485086,7485086,404457,7080629,9,0
11267755,1086,4,6243849,6243849,11267755,5023906,5023906,459065,4564841,14,0
11308395,433,4,2058897,2058897,11308395,9249498,9249498,445265,8804233,15,0
11369203,882,4,3873093,3873093,11369203,7496110,7496110,465475,7030635,6,0
11403168,154,2,961153,961153,11403168,10442015,10442015,846364,9595651,23,0
11445071,920,4,4442557,4442557,11445071,7002514,7002514,446808,6555706,4,0
11547173,268,2,1829649,1829649,11547173,9717524,9717524,928709,8788815,37,0
11549586,698,1,3027716,3027716,11549586,8521870,8521870,1662951,6858919,51,0
11549899,193,2,961287,961287,11549899,10588612,10588612,838071,9750541,16,0
11618196,225,2,1743036,1743036,11618196,9875160,9875160,906959,8968201,17,0
11715311,629,1,3027317,3027317,11715311,8687994,8687994,1782664,6905330,47,0
12021219,344,1,1838543,1838543,12021219,10182676,10182676,2000840,8181836,22,0
12035481,1160,8,7351050,7351050,12035481,4684431,4684431,225640,4458791,9,0
12045415,634,1,3027351,3027351,12045415,9018064,9018064,1719918,7298146,43,0
12099303,730,1,3027876,3027876,12099303,9071427,9071427,1764117,7307310,51,0
12125542,699,1,3027717,3027717,12125542,9097825,9097825,1744544,7353281,43,0
12188645,653,1,3027576,3027576,12188645,9161069,9161069,1795342,7365727,42,0
12219838,576,8,2788525,2788525,12219838,9431313,9431313,249899,9181414,6,0
12431759,439,4,2058946,2058946,12431759,10372813,10372813,651892,9720921,10,0
12438681,489,4,2230273,2230273,12438681,10208408,10208408,451773,9756635,17,0
12521671,19,1,44488,44488,12521671,12477183,12477183,1871555,10605628,16,0
12545086,989,4,5212922,5212922,12545086,7332164,7332164,472404,6859760,10,0
12558076,258,2,1743190,1743190,12558076,10814886,10814886,919463,9895423,24,0
12566743,592,1,3027046,3027046,12566743,9539697,9539697,1830686,7709011,35,0
12627965,279,2,1829716,1829716,12627965,10798249,10798249,981202,9817047,25,0
12733267,1080,4,6243767,6243767,12733267,6489500,6489500,565285,5924215,15,0
12839240,466,4,2230191,2230191,12839240,10609049,10609049,569259,10039790,25,0
12875013,198,2,961305,961305,12875013,11913708,11913708,965540,10948168,8,0
12914975,850,4,3721489,3721489,12914975,9193486,9193486,505281,8688205,8,0
13026476,425,4,2058862,2058862,13026476,10967614,10967614,578329,10389285,14,0
13097368,738,1,3027892,3027892,13097368,10069476,10069476,1936442,8133034,56,0
13187702,1157,8,7351034,7351034,13187702,5836668,5836668,328278,5508390,6,0
13234728,210,2,961349,961349,13234728,12273379,12273379,1012564,11260815,9,0
13367965,752,1,3027926,3027926,13367965,10340039,10340039,2072895,8267144,48,0
13369917,564,8,2764726,2764726,13369917,10605191,10605191,247967,10357224,5,0
13375030,607,1,3027153,3027153,13375030,10347877,10347877,1986952,8360925,46,0
13435704,1138,2,7184887,7184887,13435704,6250817,6250817,1048737,5202080,19,0
13456533,379,1,1838910,1838910,13456533,11617623,11617623,2004790,9612833,24,0
13512474,633,1,3027348,3027348,13512474,10485126,10485126,2060478,8424648,47,0
13547538,359,1,1838688,1838688,13547538,11708850,11708850,2041589,9667261,30,0
13680993,763,1,3027961,3027961,13680993,10653032,10653032,2167755,8485277,43,0
13736343,630,1,3027324,3027324,13736343,10709019,10709019,2098094,8610925,47,0
13861556,680,1,3027652,3027652,13861556,10833904,10833904,2185644,8648260,50,0
13917616,542,4,2394771,2394771,13917616,11522845,11522845,573985,10948860,12,0
13951146,941,4,4496501,4496501,13951146,9454645,9454645,555009,8899636,10,0
13998668,294,1,1837996,1837996,13998668,12160672,12160672,2139730,10020942,23,0
14031700,534,4,2394738,2394738,14031700,11636962,11636962,563703,11073259,9,0
14053613,925,4,4443293,4443293,14053613,9610320,9610320,559298,9051022,10,0
14069821,29,1,224997,224997,14069821,13844824,13844824,2187333,11657491,33,0
14119111,200,2,961312,961312,14119111,13157799,13157799,1134145,12023654,23,0
14147019,598,1,3027094,3027094,14147019,11119925,11119925,2202509,8917416,58,0
14183564,811,1,3028068,3028068,14183564,11155496,11155496,2210896,8944600,42,0
14189088,674,1,3027641,3027641,14189088,11161447,11161447,2207872,8953575,59,0
14227810,818,1,3028081,3028081,14227810,11199729,11199729,2247952,8951777,40,0
14350636,125,2,961051,961051,14350636,13389585,13389585,1229192,12160393,23,0
14356168,475,4,2230222,2230222,14356168,12125946,12125946,561237,11564709,23,0
14371043,739,1,3027896,3027896,14371043,11343147,11343147,2243204,9099943,61,0
14410002,1041,1,6032670,6032670,14410002,8377332,8377332,2284164,6093168,27,0
14417900,208,2,961343,961343,14417900,13456557,13456557,1138352,12318205,13,0
14465302,735,1,3027885,3027885,14465302,11437417,11437417,2298019,9139398,60,0
14606379,987,4,5212903,5212903,14606379,9393476,9393476,703834,8689642,12,0
14691453,1046,4,6243298,6243298,14691453,8448155,8448155,650535,7797620,12,0
14692984,463,4,2230181,2230181,14692984,12462803,12462803,570569,11892234,28,0
14782069,555,8,2762344,2762344,14782069,12019725,12019725,374522,11645203,9,0
14825553,1179,1,7363938,7363938,14825553,7461615,7461615,2328157,5133458,13,0
14836814,60,2,719728,719728,14836814,14117086,14117086,1163489,12953597,16,0
14845552,474,4,2230219,2230219,14845552,12615333,12615333,584875,12030458,24,0
14931002,1017,4,5641071,5641071,14931002,9289931,9289931,657842,8632089,8,0
15003443,215,4,1730160,1730160,15003443,13273283,13273283,649033,12624250,11,0
15118049,397,2,1900657,1900657,15118049,13217392,13217392,1267837,11949555,20,0
15123855,567,8,2764786,2764786,15123855,12359069,12359069,295127,12063942,6,0
15158115,693,1,3027701,3027701,15158115,12130414,12130414,2356754,9773660,60,0
15177920,5,1,11,11,15177920,15177909,15177909,2388099,12789810,27,0
15195553,14,1,29,29,15195553,15195524,15195524,2403295,12792229,19,0
15291603,675,1,3027641,3027641,15291603,12263962,12263962,2466052,9797910,60,0
15313754,162,2,961181,961181,15313754,14352573,14352573,1244502,13108071,36,0
15320241,851,4,3721493,3721493,15320241,11598748,11598748,617123,10981625,15,0
15339640,1029,4,5654178,5654178,15339640,9685462,9685462,631168,9054294,10,0
15353066,1063,4,6243545,6243545,15353066,9109521,9109521,625195,8484326,13,0
15355747,160,2,961174,961174,15355747,14394573,14394573,1248878,13145695,31,0
15415502,100,2,960960,960960,15415502,14454542,14454542,1293269,13161273,24,0
15419390,260,2,1743198,1743198,15419390,13676192,13676192,1239296,12436896,31,0
15457842,284,1,1837896,1837896,15457842,13619946,13619946,2509266,11110680,23,0
15553339,877,4,3873005,3873005,15553339,11680334,11680334,712066,10968268,11,0
15569801,908,4,4343676,4343676,15569801,11226125,11226125,632080,10594045,13,0
15738611,26,1,44508,44508,15738611,15694103,15694103,2690105,13003998,31,0
15840281,921,4,4442561,4442561,15840281,11397720,11397720,736535,10661185,11,0
15892129,1083,4,6243812,6243812,15892129,9648317,9648317,677948,8970369,18,0
15923253,253,2,1743159,1743159,15923253,14180094,14180094,1318556,12861538,18,0
15959922,681,1,3027658,3027658,15959922,12932264,12932264,2604964,10327300,63,0
15997332,137,2,961092,961092,15997332,15036240,15036240,1331392,13704848,20,0
16014762,47,4,343925,343925,16014762,15670837,15670837,669539,15001298,9,0
16027263,92,4,810997,810997,16027263,15216266,15216266,668015,14548251,9,0
16114656,146,2,961125,961125,16114656,15153531,15153531,1396021,13757510,28,0
16185543,524,4,2230431,2230431,16185543,13955112,13955112,730674,13224438,24,0
16191395,776,1,3027988,3027988,16191395,13163407,13163407,2626315,10537092,47,0
16205212,679,1,3027651,3027651,16205212,13177561,13177561,2637872,10539689,62,0
16205388,718,1,3027852,3027852,16205388,13177536,13177536,2638381,10539155,58,0
16228819,56,4,632320,632320,16228819,15596499,15596499,689277,14907222,8,0
16255010,365,1,1838741,1838741,16255010,14416269,14416269,2714813,11701456,32,0
16275320,531,4,2394727,2394727,16275320,13880593,13880593,684768,13195825,15,0
16399066,919,4,4442549,4442549,16399066,11956517,11956517,788084,11168433,9,0
16444513,1111,4,6244148,6244148,16444513,10200365,10200365,709094,9491271,22,0
16486686,381,1,1838934,1838934,16486686,14647752,14647752,2756659,11891093,33,0
16635058,327,1,1838348,1838348,16635058,14796710,14796710,2892194,11904516,33,0
16650650,1056,4,6243436,6243436,16650650,10407214,10407214,699077,9708137,18,0
16695276,54,4,510211,510211,16695276,16185065,16185065,731668,15453397,9,0
16716388,10,1,21,21,16716388,16716367,16716367,2788612,13927755,23,0
16732087,6,1,12,12,16732087,16732075,16732075,2799809,13932266,27,0
16806642,765,1,3027965,3027965,16806642,13778677,13778677,2841341,10937336,56,0
16953071,186,2,961263,961263,16953071,15991808,15991808,1552369,14439439,30,0
16957542,1028,4,5654174,5654174,16957542,11303368,11303368,703083,10600285,13,0
16957562,953,4,4524620,4524620,16957562,12432942,12432942,703883,11729059,14,0
17136880,691,1,3027692,3027692,17136880,14109188,14109188,2988333,11120855,67,0
17141187,979,4,4869996,4869996,17141187,12271191,12271191,710406,11560785,13,0
17219912,97,2,960948,960948,17219912,16258964,16258964,1499754,14759210,26,0
17239049,559,8,2762367,2762367,17239049,14476682,14476682,374522,14102160,9,0
17440958,852,4,3721496,3721496,17440958,13719462,13719462,915148,12804314,15,0
17494729,1114,4,6244210,6244210,17494729,11250519,11250519,763035,10487484,23,0
17609193,388,1,1839003,1839003,17609193,15770190,15770190,2975253,12794937,37,0
17788201,658,1,3027598,3027598,17788201,14760603,14760603,3043807,11716796,62,0
17899052,422,4,2058837,2058837,17899052,15840215,15840215,838076,15002139,18,0
17960318,479,4,2230238,2230238,17960318,15730080,15730080,792011,14938069,27,0
18176047,20,1,44497,44497,18176047,18131550,18131550,3165582,14965968,37,0
18290122,228,2,1743049,1743049,18290122,16547073,16547073,1612723,14934350,32,0
18326894,720,1,3027856,3027856,18326894,15299038,15299038,3074442,12224596,74,0
18375242,792,1,3028029,3028029,18375242,15347213,15347213,3085903,12261310,56,0
18426239,1128,4,6691705,6691705,18426239,11734534,11734534,815021,10919513,9,0
18458225,153,2,961150,961150,18458225,17497075,17497075,1581579,15915496,26,0
18483327,1142,8,7350492,7350492,18483327,11132835,11132835,412240,10720595,8,0
18486275,255,2,1743167,1743167,18486275,16743108,16743108,1591897,15151211,28,0
18594398,361,1,1838705,1838705,18594398,16755693,16755693,3283074,13472619,45,0
18739635,1031,1,6032585,6032585,18739635,12707050,12707050,3280732,9426318,27,0
18789903,194,2,961290,961290,18789903,17828613,17828613,1659740,16168873,31,0
19056714,49,4,343982,343982,19056714,18712732,18712732,1075842,17636890,15,0
19073420,342,1,1838525,1838525,19073420,17234895,17234895,3293571,13941324,46,0
19081891,1094,4,6243946,6243946,19081891,12837945,12837945,822295,12015650,17,0
19128388,604,1,3027141,3027141,19128388,16101247,16101247,3323749,12777498,68,0
19393058,306,1,1838115,1838115,19393058,17554943,17554943,3543691,14011252,27,0
19453636,723,1,3027862,3027862,19453636,16425774,16425774,3352895,13072879,66,0
19507840,896,4,3916165,3916165,19507840,15591675,15591675,881058,14710617,13,0
19907698,89,4,810916,810916,19907698,19096782,19096782,1231559,17865223,19,0
20012847,563,8,2764723,2764723,20012847,17248124,17248124,520970,16727154,11,0
20203746,587,8,3011382,3011382,20203746,17192364,17192364,608466,16583898,13,0
20402564,947,4,4496532,4496532,20402564,15906032,15906032,1035686,14870346,9,0
20414612,1116,4,6244240,6244240,20414612,14170372,14170372,875769,13294603,24,0
20431189,119,2,961030,961030,20431189,19470159,19470159,1726919,17743240,26,0
20462486,31,1,225000,225000,20462486,20237486,20237486,3533495,16703991,107,0
20676289,292,1,1837978,1837978,20676289,18838311,18838311,3719303,15119008,49,0
20723744,866,4,3721552,3721552,20723744,17002192,17002192,928651,16073541,10,0
20763845,1154,8,7351019,7351019,20763845,13412826,13412826,473663,12939163,13,0
20783317,648,1,3027529,3027529,20783317,17755788,17755788,3576923,14178865,63,0
20811088,1032,1,6032613,6032613,20811088,14778475,14778475,3591741,11186734,46,0
20855084,986,4,5212828,5212828,20855084,15642256,15642256,947795,14694461,12,0
20937867,308,1,1838132,1838132,20937867,19099735,19099735,3715504,15384231,55,0
20988627,712,1,3027753,3027753,20988627,17960874,17960874,3680618,14280256,75,0
21063944,803,1,3028053,3028053,21063944,18035891,18035891,3763461,14272430,69,0
21111280,1174,1,7363790,7363790,21111280,13747490,13747490,3742083,10005407,23,0
21259709,446,4,2059007,2059007,21259709,19200702,19200702,1090335,18110367,14,0
21388624,661,1,3027603,3027603,21388624,18361021,18361021,3874871,14486150,65,0
21425818,1165,8,7351076,7351076,21425818,14074742,14074742,503875,13570867,10,0
21593767,196,2,961298,961298,21593767,20632469,20632469,2092351,18540118,33,0
21612299,623,1,3027274,3027274,21612299,18585025,18585025,3794107,14790918,73,0
21689891,59,2,719719,719719,21689891,20970172,20970172,2016359,18953813,25,0
21745092,512,4,2230378,2230378,21745092,19514714,19514714,1022053,18492661,24,0
21747287,899,4,3916188,3916188,21747287,17831099,17831099,966661,16864438,13,0
21756410,895,4,3916158,3916158,21756410,17840252,17840252,977400,16862852,17,0
21865781,1020,4,5641096,5641096,21865781,16224685,16224685,1084851,15139834,14,0
21896621,1162,8,7351060,7351060,21896621,14545561,14545561,516743,14028818,11,0
21941165,293,1,1837987,1837987,21941165,20103178,20103178,3988184,16114994,95,0
21977814,605,1,3027145,3027145,21977814,18950669,18950669,4008265,14942404,72,0
22053168,1071,4,6243644,6243644,22053168,15809524,15809524,1058706,14750818,19,0
22207707,132,2,961075,961075,22207707,21246632,21246632,2163411,19083221,36,0
22248397,817,1,3028079,3028079,22248397,19220318,19220318,4105939,15114379,69,0
22272898,599,1,3027101,3027101,22272898,19245797,19245797,4072966,15172831,76,0
22430190,1140,2,7184900,7184900,22430190,15245290,15245290,2155307,13089983,27,0
22481315,553,4,2394811,2394811,22481315,20086504,20086504,1072856,19013648,20,0
22573898,802,1,3028049,3028049,22573898,19545849,19545849,4219731,15326118,73,0
22619115,368,1,1838789,1838789,22619115,20780326,20780326,4195463,16584863,53,0
22807374,1013,4,5640921,5640921,22807374,17166453,17166453,1224148,15942305,9,0
22840105,335,1,1838434,1838434,22840105,21001671,21001671,4256293,16745378,49,0
22974028,600,1,3027113,3027113,22974028,19946915,19946915,4349487,15597428,74,0
22984544,76,4,810492,810492,22984544,22174052,22174052,1085508,21088544,15,0
23023869,131,2,961072,961072,23023869,22062797,22062797,2202747,19860050,39,0
23324263,469,4,2230201,2230201,23324263,21094062,21094062,1377293,19716769,28,0
23425867,983,4,4925447,4925447,23425867,18500420,18500420,1166412,17334008,13,0
23489584,1109,4,6244129,6244129,23489584,17245455,17245455,1138521,16106934,26,0
23540780,96,2,960944,960944,23540780,22579836,22579836,2251842,20327994,29,0
23714052,248,2,1743133,1743133,23714052,21970919,21970919,2366357,19604562,28,0
23998376,467,4,2230194,2230194,23998376,21768182,21768182,1378838,20389344,32,0
24025077,659,1,3027599,3027599,24025077,20997478,20997478,4398980,16598498,74,0
24038132,535,4,2394741,2394741,24038132,21643391,21643391,1128932,20514459,18,0
24070181,602,1,3027122,3027122,24070181,21043059,21043059,4431274,16611785,77,0
24072752,311,1,1838162,1838162,24072752,22234590,22234590,4593214,17641376,47,0
24413517,1137,2,7184883,7184883,24413517,17228634,17228634,2548996,14679638,21,0
24458446,121,2,961036,961036,24458446,23497410,23497410,2298583,21198827,37,0
24471605,562,8,2764717,2764717,24471605,21706888,21706888,579352,21127536,13,0
24509131,1075,4,6243713,6243713,24509131,18265418,18265418,1183904,17081514,22,0
24565911,148,2,961132,961132,24565911,23604779,23604779,2354580,21250199,43,0
24605752,104,2,960974,960974,24605752,23644778,23644778,2401851,21242927,32,0
24957939,362,1,1838714,1838714,24957939,23119225,23119225,5022090,18097135,53,0
24982752,984,4,4925477,4925477,24982752,20057275,20057275,1198568,18858707,13,0
24992664,773,1,3027984,3027984,24992664,21964680,21964680,4743023,17221657,64,0
25003593,1087,4,6243861,6243861,25003593,18759732,18759732,1192870,17566862,24,0
25008544,1107,4,6244107,6244107,25008544,18764437,18764437,1186769,17577668,32,0
25306829,105,2,960978,960978,25306829,24345851,24345851,2686488,21659363,31,0
25419699,824,1,3028094,3028094,25419699,22391605,22391605,4880655,17510950,72,0
25432098,1057,4,6243446,6243446,25432098,19188652,19188652,1204963,17983689,20,0
25478181,1074,4,6243703,6243703,25478181,19234478,19234478,1240636,17993842,25,0
25533900,102,2,960968,960968,25533900,24572932,24572932,2462520,22110412,34,0
25620879,889,4,3890317,3890317,25620879,21730562,21730562,1289325,20441237,22,0
25859854,74,2,769106,769106,25859854,25090748,25090748,2688813,22401935,29,0
25983740,270,2,1829663,1829663,25983740,24154077,24154077,2576939,21577138,45,0
26037428,770,1,3027973,3027973,26037428,23009455,23009455,5011128,17998327,68,0
26060563,319,1,1838258,1838258,26060563,24222305,24222305,5041181,19181124,50,0
26102699,1118,4,6244268,6244268,26102699,19858431,19858431,1277651,18580780,31,0
26175259,387,1,1838994,1838994,26175259,24336265,24336265,5097508,19238757,50,0
26178547,1016,4,5641064,5641064,26178547,20537483,20537483,1250428,19287055,11,0
26233021,813,1,3028071,3028071,26233021,23204950,23204950,5079055,18125895,72,0
26237793,350,1,1838603,1838603,26237793,24399190,24399190,5140600,19258590,53,0
26292099,1035,1,6032629,6032629,26292099,20259470,20259470,5119172,15140298,56,0
26309548,789,1,3028019,3028019,26309548,23281529,23281529,5164858,18116671,74,0
26374035,764,1,3027961,3027961,26374035,23346074,23346074,5206422,18139652,67,0
26382773,791,1,3028025,3028025,26382773,23354748,23354748,5173315,18181433,87,0
26391638,686,1,3027677,3027677,26391638,23363961,23363961,5222121,18141840,72,0
26574570,624,1,3027278,3027278,26574570,23547292,23547292,5404692,18142600,80,0
26686815,892,4,3890331,3890331,26686815,22796484,22796484,1419005,21377479,24,0
26714713,83,4,810564,810564,26714713,25904149,25904149,1344014,24560135,17,0
26752486,859,4,3721522,3721522,26752486,23030964,23030964,1348823,21682141,22,0
26753071,316,1,1838230,1838230,26753071,24914841,24914841,5317669,19597172,59,0
26837428,573,8,2778479,2778479,26837428,24058949,24058949,750205,23308744,9,0
26871406,1088,4,6243872,6243872,26871406,20627534,20627534,1360908,19266626,28,0
26888446,72,2,769093,769093,26888446,26119353,26119353,2748946,23370407,33,0
27146547,138,2,961095,961095,27146547,26185452,26185452,2974364,23211088,36,0
27179571,261,2,1743209,1743209,27179571,25436362,25436362,2734474,22701888,47,0
27261843,240,2,1743103,1743103,27261843,25518740,25518740,2801203,22717537,39,0
27441895,478,4,2230234,2230234,27441895,25211661,25211661,1550063,23661598,32,0
27506875,857,4,3721514,3721514,27506875,23785361,23785361,1416759,22368602,21,0
27650513,657,1,3027595,3027595,27650513,24622918,24622918,5577055,19045863,82,0
27670385,91,4,810994,810994,27670385,26859391,26859391,1409109,25450282,17,0
28128376,243,2,1743115,1743115,28128376,26385261,26385261,3279022,23106239,30,0
28149399,705,1,3027728,3027728,28149399,25121671,25121671,5635050,19486621,81,0
28170562,937,4,4496485,4496485,28170562,23674077,23674077,1430072,22244005,27,0
28394061,976,4,4869985,4869985,28394061,23524076,23524076,1627256,21896820,21,0
28882870,79,4,810521,810521,28882870,28072349,28072349,1912884,26159465,23,0
29033850,922,4,4442565,4442565,29033850,24591285,24591285,1564262,23027023,19,0
29473866,1019,4,5641080,5641080,29473866,23832786,23832786,1884055,21948731,19,0
29536708,423,4,2058848,2058848,29536708,27477860,27477860,1507312,25970548,25,0
29556700,593,1,3027057,3027057,29556700,26529643,26529643,5878479,20651164,80,0
29759675,1171,1,7363777,7363777,29759675,22395898,22395898,6029552,16366346,50,0
29801924,71,2,769074,769074,29801924,29032850,29032850,3049319,25983531,34,0
29810523,70,2,769060,769060,29810523,29041463,29041463,3049368,25992095,39,0
29885601,429,4,2058878,2058878,29885601,27826723,27826723,1591159,26235564,23,0
30158614,806,1,3028059,3028059,30158614,27130555,27130555,6308479,20822076,77,0
30197622,120,2,961033,961033,30197622,29236589,29236589,3089300,26147289,41,0
30340164,145,2,961121,961121,30340164,29379043,29379043,3209002,26170041,42,0
30744042,500,4,2230319,2230319,30744042,28513723,28513723,1959922,26553801,36,0
30826031,673,1,3027637,3027637,30826031,27798394,27798394,6225310,21573084,88,0
30836579,655,1,3027588,3027588,30836579,27808991,27808991,6350947,21458044,49,0
30853988,329,1,1838366,1838366,30853988,29015622,29015622,6344586,22671036,56,0
30976523,391,1,1839029,1839029,30976523,29137494,29137494,6459656,22677838,63,0
31129096,143,2,961114,961114,31129096,30167982,30167982,3374608,26793374,41,0
31154346,434,4,2058920,2058920,31154346,29095426,29095426,1626711,27468715,29,0
31237555,182,2,961249,961249,31237555,30276306,30276306,3303871,26972435,39,0
31268690,278,2,1829707,1829707,31268690,29438983,29438983,3291629,26147354,39,0
31491775,456,2,2059091,2059091,31491775,29432684,29432684,3501891,25930793,32,0
31551209,985,4,5020124,5020124,31551209,26531085,26531085,1692516,24838569,19,0
31852088,707,1,3027731,3027731,31852088,28824357,28824357,6847163,21977194,84,0
31965478,152,2,961147,961147,31965478,31004331,31004331,3475787,27528544,40,0
32163728,330,1,1838379,1838379,32163728,30325349,30325349,6944839,23380510,59,0
32217342,945,4,4496519,4496519,32217342,27720823,27720823,1774267,25946556,16,0
32367635,267,2,1829645,1829645,32367635,30537990,30537990,3662891,26875099,64,0
32374359,926,4,4443298,4443298,32374359,27931061,27931061,1742891,26188170,28,0
32442795,369,1,1838798,1838798,32442795,30603997,30603997,7016221,23587776,68,0
32492222,1112,4,6244159,6244159,32492222,26248063,26248063,1798089,24449974,42,0
32542693,799,1,3028044,3028044,32542693,29514649,29514649,7074462,22440187,82,0
32553712,192,2,961283,961283,32553712,31592429,31592429,3669869,27922560,32,0
32592603,106,2,960981,960981,32592603,31631622,31631622,3747881,27883741,40,0
32673496,264,2,1829625,1829625,32673496,30843871,30843871,3635849,27208022,60,0
32743084,418,4,2058806,2058806,32743084,30684278,30684278,1922419,28761859,24,0
32791539,352,1,1838619,1838619,32791539,30952920,30952920,7268451,23684469,64,0
32799194,849,4,3721485,3721485,32799194,29077709,29077709,1765633,27312076,27,0
32883222,863,4,3721537,3721537,32883222,29161685,29161685,1873418,27288267,17,0
32903386,890,4,3890323,3890323,32903386,29013063,29013063,1841466,27171597,29,0
32972031,358,1,1838680,1838680,32972031,31133351,31133351,7439686,23693665,68,0
33195280,644,1,3027492,3027492,33195280,30167788,30167788,7461438,22706350,80,0
33320396,972,4,4869970,4869970,33320396,28450426,28450426,1920384,26530042,31,0
33580824,147,2,961129,961129,33580824,32619695,32619695,3986008,28633687,48,0
33605095,572,8,2778466,2778466,33605095,30826629,30826629,967142,29859487,12,0
33647771,373,1,1838843,1838843,33647771,31808928,31808928,7493211,24315717,73,0
33679779,639,1,3027388,3027388,33679779,30652391,30652391,7537896,23114495,89,0
33838775,640,1,3027400,3027400,33838775,30811375,30811375,7694481,23116894,89,0
33859775,1095,4,6243966,6243966,33859775,27615809,27615809,1884852,25730957,30,0
33867931,45,4,343918,343918,33867931,33524013,33524013,1934260,31589753,18,0
33956534,1177,1,7363825,7363825,33956534,26592709,26592709,7580427,19012282,50,0
33973827,435,4,2058929,2058929,33973827,31914898,31914898,1950472,29964426,27,0
34071775,326,1,1838339,1838339,34071775,32233436,32233436,7818773,24414663,64,0
34241613,453,4,2059068,2059068,34241613,32182545,32182545,2127895,30054650,27,0
34345461,495,4,2230301,2230301,34345461,32115160,32115160,2035714,30079446,34,0
34356535,727,1,3027870,3027870,34356535,31328665,31328665,7718225,23610440,106,0
34446948,772,1,3027981,3027981,34446948,31418967,31418967,7770336,23648631,82,0
34478349,595,1,3027069,3027069,34478349,31451280,31451280,7702689,23748591,78,0
34499676,795,1,3028033,3028033,34499676,31471643,31471643,7821038,23650605,92,0
34547980,689,1,3027688,3027688,34547980,31520292,31520292,7905942,23614350,88,0
34571862,1092,4,6243924,6243924,34571862,28327938,28327938,1918061,26409877,30,0
34603937,1051,4,6243370,6243370,34603937,28360567,28360567,1981814,26378753,26,0
34609580,224,4,1730223,1730223,34609580,32879357,32879357,1997433,30881924,25,0
34615266,1062,4,6243535,6243535,34615266,28371731,28371731,1960459,26411272,29,0
34738626,769,1,3027972,3027972,34738626,31710654,31710654,8049318,23661336,76,0
34952927,42,4,291315,291315,34952927,34661612,34661612,2239303,32422309,13,0
35049772,180,2,961242,961242,35049772,34088530,34088530,4116677,29971853,46,0
35222614,281,2,1829724,1829724,35222614,33392890,33392890,4243351,29149539,54,0
35565825,416,4,2058789,2058789,35565825,33507036,33507036,2390672,31116364,33,0
35947372,666,1,3027624,3027624,35947372,32919748,32919748,8426857,24492891,93,0
36122033,948,4,4497410,4497410,36122033,31624623,31624623,2173092,29451531,18,0
36191824,1024,4,5654154,5654154,36191824,30537670,30537670,2111162,28426508,18,0
36281885,85,4,810588,810588,36281885,35471297,35471297,2210569,33260728,20,0
36382575,108,2,960989,960989,36382575,35421586,35421586,4362170,31059416,47,0
36569864,355,1,1838653,1838653,36569864,34731211,34731211,8695266,26035945,68,0
36679559,485,4,2230258,2230258,36679559,34449301,34449301,2233469,32215832,34,0
36701455,964,4,4869530,4869530,36701455,31831925,31831925,2137873,29694052,34,0
36727996,1007,4,5564838,5564838,36727996,31163158,31163158,2121725,29041433,20,0
36769735,61,2,719742,719742,36769735,36049993,36049993,4338676,31711317,45,0
36772464,101,2,960964,960964,36772464,35811500,35811500,4365113,31446387,52,0
36774210,1090,4,6243906,6243906,36774210,30530304,30530304,2131038,28399266,30,0
36836631,163,2,961185,961185,36836631,35875446,35875446,4438687,31436759,45,0
37115894,324,1,1838312,1838312,37115894,35277582,35277582,9031425,26246157,74,0
37205224,872,4,3721578,3721578,37205224,33483646,33483646,2260706,31222940,26,0
37223782,714,1,3027797,3027797,37223782,34195985,34195985,8704507,25491478,95,0
37377521,1023,4,5654150,5654150,37377521,31723371,31723371,2332009,29391362,24,0
37386054,1049,4,6243350,6243350,37386054,31142704,31142704,2169933,28972771,24,0
37434826,1144,8,7350875,7350875,37434826,30083951,30083951,1146597,28937354,17,0
37556719,37,4,291287,291287,37556719,37265432,37265432,2411821,34853611,24,0
37608096,172,2,961215,961215,37608096,36646881,36646881,4511552,32135329,48,0
37634753,219,4,1730194,1730194,37634753,35904559,35904559,2335308,33569251,25,0
37883344,345,1,1838551,1838551,37883344,36044793,36044793,9236024,26808769,71,0
38109131,357,1,1838671,1838671,38109131,36270460,36270460,9445737,26824723,68,0
38115783,858,4,3721518,3721518,38115783,34394265,34394265,2276249,32118016,34,0
38296933,952,4,4524606,4524606,38296933,33772327,33772327,2406736,31365591,30,0
38450009,1052,4,6243393,6243393,38450009,32206616,32206616,2371301,29835315,28,0
38583331,1132,4,6691803,6691803,38583331,31891528,31891528,2389116,29502412,28,0
38779446,93,2,960932,960932,38779446,37818514,37818514,4856485,32962029,47,0
38987235,282,2,1829727,1829727,38987235,37157508,37157508,4886562,32270946,55,0
39011091,442,4,2058959,2058959,39011091,36952132,36952132,2396202,34555930,24,0
39061718,544,4,2394778,2394778,39061718,36666940,36666940,2456017,34210923,24,0
39297296,683,1,3027666,3027666,39297296,36269630,36269630,9685005,26584625,89,0
39308796,955,4,4738023,4738023,39308796,34570773,34570773,2405733,32165040,30,0
39316638,939,4,4496493,4496493,39316638,34820145,34820145,2433177,32386968,31,0
39359085,930,4,4491994,4491994,39359085,34867091,34867091,2406234,32460857,22,0
39611415,924,4,4442572,4442572,39611415,35168843,35168843,2660596,32508247,29,0
39676990,1108,4,6244118,6244118,39676990,33432872,33432872,2452794,30980078,41,0
39799542,234,2,1743075,1743075,39799542,38056467,38056467,5009646,33046821,52,0
39911763,441,4,2058955,2058955,39911763,37852808,37852808,2576355,35276453,25,0
39927050,754,1,3027930,3027930,39927050,36899120,36899120,9900317,26998803,99,0
39973901,502,4,2230333,2230333,39973901,37743568,37743568,2517777,35225791,32,0
40017699,888,4,3890313,3890313,40017699,36127386,36127386,2504794,33622592,36,0
40039908,1106,4,6244096,6244096,40039908,33795812,33795812,2512024,31283788,43,0
40496333,68,2,769058,769058,40496333,39727275,39727275,5543106,34184169,71,0
40506834,249,2,1743137,1743137,40506834,38763697,38763697,5023619,33740078,42,0
40676863,178,2,961236,961236,40676863,39715627,39715627,5286579,34429048,57,0
40840464,257,2,1743187,1743187,40840464,39097277,39097277,5352141,33745136,53,0
40903323,499,4,2230315,2230315,40903323,38673008,38673008,2643956,36029052,36,0
40989272,509,4,2230364,2230364,40989272,38758908,38758908,2668349,36090559,30,0
41008029,678,1,3027647,3027647,41008029,37980382,37980382,9990354,27990028,103,0
41214391,694,1,3027709,3027709,41214391,38186682,38186682,10226242,27960440,110,0
41296526,590,1,3027031,3027031,41296526,38269495,38269495,10562162,27707333,77,0
41537974,1060,4,6243513,6243513,41537974,35294461,35294461,2778417,32516044,34,0
41554967,1085,4,6243835,6243835,41554967,35311132,35311132,2531966,32779166,39,0
41585811,241,2,1743106,1743106,41585811,39842705,39842705,5379913,34462792,55,0
41694537,184,2,961256,961256,41694537,40733281,40733281,5442415,35290866,51,0
41918170,188,2,961270,961270,41918170,40956900,40956900,5717927,35238973,49,0
42019529,506,4,2230350,2230350,42019529,39789179,39789179,2767009,37022170,34,0
42050391,516,4,2230395,2230395,42050391,39819996,39819996,2763646,37056350,35,0
42096773,942,4,4496505,4496505,42096773,37600268,37600268,2705007,34895261,23,0
42229871,1000,4,5564814,5564814,42229871,36665057,36665057,2813917,33851140,26,0
42417219,1105,4,6244087,6244087,42417219,36173132,36173132,2838100,33335032,43,0
42472667,107,2,960985,960985,42472667,41511682,41511682,5607708,35903974,57,0
42666522,784,1,3028008,3028008,42666522,39638514,39638514,11137876,28500638,85,0
42727560,325,1,1838320,1838320,42727560,40889240,40889240,11357669,29531571,75,0
42903179,370,1,1838817,1838817,42903179,41064362,41064362,11255223,29809139,79,0
43151290,473,4,2230215,2230215,43151290,40921075,40921075,3014085,37906990,38,0
43235264,580,8,2831121,2831121,43235264,40404143,40404143,1487822,38916321,15,0
43253196,545,4,2394782,2394782,43253196,40858414,40858414,2873860,37984554,26,0
43418245,870,4,3721566,3721566,43418245,39696679,39696679,3009125,36687554,27,0
43441477,742,1,3027900,3027900,43441477,40413577,40413577,11375593,29037984,109,0
43472922,744,1,3027906,3027906,43472922,40445016,40445016,11406248,29038768,103,0
43714065,1018,4,5641074,5641074,43714065,38072991,38072991,3108069,34964922,27,0
43907547,1122,4,6244347,6244347,43907547,37663200,37663200,3034805,34628395,50,0
44032647,39,4,291300,291300,44032647,43741347,43741347,3349075,40392272,17,0
44437839,161,2,961178,961178,44437839,43476661,43476661,6321555,37155106,66,0
44480936,214,4,1730146,1730146,44480936,42750790,42750790,3033972,39716818,27,0
45029058,213,2,961366,961366,45029058,44067692,44067692,6576909,37490783,49,0
45703108,189,2,961273,961273,45703108,44741835,44741835,7191707,37550128,52,0
45933318,452,4,2059065,2059065,45933318,43874253,43874253,3156304,40717949,33,0
46244077,245,2,1743121,1743121,46244077,44500956,44500956,7141668,37359288,43,0
46315769,503,4,2230336,2230336,46315769,44085433,44085433,3100586,40984847,39,0
46444146,331,1,1838389,1838389,46444146,44605757,44605757,13502189,31103568,78,0
46678969,584,8,2867843,2867843,46678969,43811126,43811126,1923475,41887651,15,0
46689865,743,1,3027903,3027903,46689865,43661962,43661962,11661639,32000323,95,0
46796520,548,4,2394792,2394792,46796520,44401728,44401728,3459851,40941877,32,0
46848359,340,1,1838492,1838492,46848359,45009867,45009867,13410412,31599455,80,0
46859399,767,1,3027969,3027969,46859399,43831430,43831430,11835233,31996197,92,0
46904497,778,1,3027993,3027993,46904497,43876504,43876504,11870304,32006200,103,0
47003224,929,4,4491989,4491989,47003224,42511235,42511235,3193847,39317388,25,0
47053249,717,1,3027850,3027850,47053249,44025399,44025399,12036657,31988742,101,0
47708314,971,4,4869966,4869966,47708314,42838348,42838348,3766224,39072124,41,0
47725600,662,1,3027607,3027607,47725600,44697993,44697993,12616278,32081715,97,0
47742157,1001,4,5564815,5564815,47742157,42177342,42177342,2931454,39245888,25,0
48080010,1025,4,5654159,5654159,48080010,42425851,42425851,3447081,38978770,24,0
48204114,1103,4,6244067,6244067,48204114,41960047,41960047,3157323,38802724,43,0
48318238,751,1,3027923,3027923,48318238,45290315,45290315,13302256,31988059,98,0
48596156,710,1,3027739,3027739,48596156,45568417,45568417,13584084,31984333,107,0
48808834,183,2,961253,961253,48808834,47847581,47847581,7405397,40442184,51,0
49001356,448,4,2059015,2059015,49001356,46942341,46942341,3659726,43282615,27,0
49356840,518,4,2230401,2230401,49356840,47126439,47126439,3803504,43322935,34,0
49418127,586,8,2944809,2944809,49418127,46473318,46473318,1785152,44688166,16,0
49865850,645,1,3027511,3027511,49865850,46838339,46838339,14400888,32437451,90,0
50122541,1027,4,5654167,5654167,50122541,44468374,44468374,3697559,40770815,26,0
50570610,82,4,810548,810548,50570610,49760062,49760062,4235980,45524082,29,0
50854957,274,2,1829691,1829691,50854957,49025266,49025266,7629659,41395607,53,0
50932634,201,2,961315,961315,50932634,49971319,49971319,7655866,42315453,44,0
50973637,206,2,961336,961336,50973637,50012301,50012301,7664165,42348136,43,0
51118648,374,1,1838858,1838858,51118648,49279790,49279790,15170441,34109349,86,0
51498296,618,1,3027241,3027241,51498296,48471055,48471055,15037118,33433937,93,0
51530047,663,1,3027610,3027610,51530047,48502437,48502437,14689346,33813091,104,0
51901537,390,1,1839020,1839020,51901537,50062517,50062517,15817742,34244775,78,0
52050465,687,1,3027680,3027680,52050465,49022785,49022785,15203688,33819097,98,0
52051307,690,1,3027690,3027690,52051307,49023617,49023617,15205752,33817865,100,0
52191713,750,1,3027923,3027923,52191713,49163790,49163790,15251975,33911815,100,0
52592914,150,2,961140,961140,52592914,51631774,51631774,8589837,43041937,63,0
52719391,271,2,1829671,1829671,52719391,50889720,50889720,8020533,42869187,76,0
53750385,412,4,1911159,1911159,53750385,51839226,51839226,5082434,46756792,29,0
53813396,546,4,2394785,2394785,53813396,51418611,51418611,4024117,47394494,31,0
53848685,591,1,3027043,3027043,53848685,50821642,50821642,16006929,34814713,85,0
54320912,493,4,2230287,2230287,54320912,52090625,52090625,4486083,47604542,36,0
54344897,1003,4,5564821,5564821,54344897,48780076,48780076,4053883,44726193,26,0
54364826,963,4,4869525,4869525,54364826,49495301,49495301,4206838,45288463,44,0
54395131,731,1,3027877,3027877,54395131,51367254,51367254,16422529,34944725,111,0
54469323,997,4,5564794,5564794,54469323,48904529,48904529,4138874,44765655,30,0
54523662,631,1,3027329,3027329,54523662,51496333,51496333,16472151,35024182,101,0
54560674,626,1,3027290,3027290,54560674,51533384,51533384,16551178,34982206,104,0
54750562,747,1,3027915,3027915,54750562,51722647,51722647,16766349,34956298,90,0
54906685,1139,2,7184896,7184896,54906685,47721789,47721789,8390770,39331019,56,0
55282534,526,4,2230439,2230439,55282534,53052095,53052095,4619370,48432725,44,0
55473062,934,4,4492019,4492019,55473062,50981043,50981043,4422244,46558799,28,0
55559444,612,1,3027177,3027177,55559444,52532267,52532267,17559148,34973119,108,0
55580763,87,4,810619,810619,55580763,54770144,54770144,4486215,50283929,32,0
55824319,123,2,961045,961045,55824319,54863274,54863274,8988097,45875177,57,0
56095344,73,2,769100,769100,56095344,55326244,55326244,9494037,45832207,53,0
56107823,216,4,1730161,1730161,56107823,54377662,54377662,4492756,49884906,31,0
56144375,187,2,961267,961267,56144375,55183108,55183108,9280612,45902496,58,0
56181679,400,2,1900669,1900669,56181679,54281010,54281010,9412937,44868073,56,0
56728683,175,2,961225,961225,56728683,55767458,55767458,9941411,45826047,62,0
56890968,536,4,2394749,2394749,56890968,54496219,54496219,4680080,49816139,35,0
57696258,528,4,2394716,2394716,57696258,55301542,55301542,5586750,49714792,33,0
57773584,864,4,3721545,3721545,57773584,54052039,54052039,4555438,49496601,29,0
57982960,900,4,3916193,3916193,57982960,54066767,54066767,4691472,49375295,35,0
58178977,862,4,3721533,3721533,58178977,54457444,54457444,4966663,49490781,37,0
58514007,958,4,4760861,4760861,58514007,53753146,53753146,5238208,48514938,41,0
58620805,1042,4,6077631,6077631,58620805,52543174,52543174,4891184,47651990,30,0
58844389,1045,4,6243288,6243288,58844389,52601101,52601101,5071808,47529293,38,0
59089943,176,2,961229,961229,59089943,58128714,58128714,10180764,47947950,62,0
59118247,209,2,961346,961346,59118247,58156901,58156901,10389843,47767058,49,0
59704001,696,1,3027713,3027713,59704001,56676288,56676288,19551090,37125198,110,0
59753404,430,4,2058882,2058882,59753404,57694522,57694522,5029553,52664969,35,0
59874408,203,2,961325,961325,59874408,58913083,58913083,10622015,48291068,48,0
60066146,465,4,2230187,2230187,60066146,57835959,57835959,5269355,52566604,49,0
60313741,250,2,1743140,1743140,60313741,58570601,58570601,10444677,48125924,50,0
60442279,236,2,1743083,1743083,60442279,58699196,58699196,10646591,48052605,63,0
60736140,682,1,3027662,3027662,60736140,57708478,57708478,20402440,37306038,108,0
60808410,94,2,960936,960936,60808410,59847474,59847474,10943195,48904279,53,0
61018731,706,1,3027731,3027731,61018731,57991000,57991000,20671255,37319745,110,0
61551378,103,2,960971,960971,61551378,60590407,60590407,11306132,49284275,62,0
61954232,668,1,3027628,3027628,61954232,58926604,58926604,21506578,37420026,99,0
61985809,173,2,961218,961218,61985809,61024591,61024591,11238569,49786022,59,0
62098831,99,2,960956,960956,62098831,61137875,61137875,12001051,49136824,64,0
62265361,211,2,961356,961356,62265361,61304005,61304005,10974742,50329263,55,0
63153827,136,2,961089,961089,63153827,62192738,62192738,12480310,49712428,70,0
63464924,432,4,2058893,2058893,63464924,61406031,61406031,5766132,55639899,36,0
63935480,427,4,2058870,2058870,63935480,61876610,61876610,6236741,55639869,32,0
64012919,436,4,2058934,2058934,64012919,61953985,61953985,6245570,55708415,31,0
64169295,230,2,1743056,1743056,64169295,62426239,62426239,11594602,50831637,65,0
64292048,443,4,2058968,2058968,64292048,62233080,62233080,5983690,56249390,35,0
64307796,449,4,2059019,2059019,64307796,62248777,62248777,5532127,56716650,31,0
64324361,458,4,2059105,2059105,64324361,62265256,62265256,5377425,56887831,37,0
64365499,239,2,1743099,1743099,64365499,62622400,62622400,11815905,50806495,67,0
64490610,231,2,1743063,1743063,64490610,62747547,62747547,12029384,50718163,61,0
64538238,164,2,961188,961188,64538238,63577050,63577050,13697518,49879532,61,0
64685447,158,2,961168,961168,64685447,63724279,63724279,13809315,49914964,67,0
64928539,185,2,961259,961259,64928539,63967280,63967280,14027203,49940077,60,0
65093825,190,2,961277,961277,65093825,64132548,64132548,14137107,49995441,59,0
65269630,403,2,1900746,1900746,65269630,63368884,63368884,12958633,50410251,44,0
65977174,204,2,961329,961329,65977174,65015845,65015845,14632416,50383429,51,0
66049858,244,2,1743118,1743118,66049858,64306740,64306740,13763490,50543250,49,0
66256175,462,4,2230177,2230177,66256175,64025998,64025998,7178929,56847069,41,0
66547344,277,2,1829702,1829702,66547344,64717642,64717642,14004745,50712897,73,0
66987144,514,4,2230385,2230385,66987144,64756759,64756759,7311334,57445425,41,0
67105047,619,1,3027259,3027259,67105047,64077788,64077788,21731511,42346277,98,0
67364423,543,4,2394774,2394774,67364423,64969649,64969649,6729009,58240640,33,0
67382345,654,1,3027580,3027580,67382345,64354765,64354765,21606481,42748284,97,0
67571166,869,4,3721563,3721563,67571166,63849603,63849603,5877882,57971721,35,0
67971194,550,4,2394800,2394800,67971194,65576394,65576394,7263645,58312749,36,0
68116389,383,1,1838952,1838952,68116389,66277437,66277437,27171404,39106033,88,0
68366532,688,1,3027681,3027681,68366532,65338851,65338851,22880474,42458377,104,0
68500987,596,1,3027073,3027073,68500987,65473914,65473914,23610870,41863044,89,0
68552873,867,4,3721556,3721556,68552873,64831317,64831317,6907628,57923689,38,0
69272365,610,1,3027164,3027164,69272365,66245201,66245201,23943297,42301904,110,0
69370670,1009,4,5640885,5640885,69370670,63729785,63729785,6693205,57036580,34,0
69402524,728,1,3027872,3027872,69402524,66374652,66374652,23968300,42406352,119,0
69552727,785,1,3028012,3028012,69552727,66524715,66524715,23760525,42764190,110,0
69651120,670,1,3027631,3027631,69651120,66623489,66623489,23870780,42752709,106,0
69827214,611,1,3027172,3027172,69827214,66800042,66800042,24781456,42018586,109,0
70799712,40,4,291309,291309,70799712,70508403,70508403,9294745,61213658,24,0
70983328,52,4,510176,510176,70983328,70473152,70473152,9046555,61426597,34,0
71126967,1066,4,6243588,6243588,71126967,64883379,64883379,7348318,57535061,42,0
71539133,762,1,3027957,3027957,71539133,68511176,68511176,25757153,42754023,101,0
71577047,207,2,961339,961339,71577047,70615708,70615708,15448626,55167082,51,0
71691933,588,1,3027017,3027017,71691933,68664916,68664916,29315109,39349807,82,0
71745441,758,1,3027939,3027939,71745441,68717502,68717502,25911695,42805807,101,0
72188873,77,4,810498,810498,72188873,71378375,71378375,8687549,62690826,37,0
72286490,78,4,810513,810513,72286490,71475977,71475977,8717369,62758608,38,0
72770902,760,1,3027949,3027949,72770902,69742953,69742953,26946758,42796195,99,0
72843462,632,1,3027344,3027344,72843462,69816118,69816118,27069565,42746553,104,0
72849439,127,2,961058,961058,72849439,71888381,71888381,16265970,55622411,57,0
72912132,635,1,3027354,3027354,72912132,69884778,69884778,27096646,42788132,106,0
73139904,115,2,961015,961015,73139904,72178889,72178889,16813469,55365420,55,0
73317546,114,2,961011,961011,73317546,72356535,72356535,16801492,55555043,61,0
73611996,109,2,960993,960993,73611996,72651003,72651003,17273063,55377940,61,0
73658190,1033,1,6032619,6032619,73658190,67625571,67625571,27871187,39754384,88,0
74136046,222,4,1730215,1730215,74136046,72405831,72405831,9883630,62522201,37,0
74220137,468,4,2230198,2230198,74220137,71989939,71989939,7366107,64623832,47,0
74314043,677,1,3027645,3027645,74314043,71286398,71286398,28519602,42766796,110,0
74314896,471,4,2230208,2230208,74314896,72084688,72084688,7623810,64460878,47,0
74328482,459,4,2059109,2059109,74328482,72269373,72269373,8284086,63985287,38,0
74575693,95,2,960939,960939,74575693,73614754,73614754,18214782,55399972,54,0
74893291,437,4,2058938,2058938,74893291,72834353,72834353,9354512,63479841,34,0
75160800,487,4,2230265,2230265,75160800,72930535,72930535,8189519,64741016,42,0
75510559,537,4,2394752,2394752,75510559,73115807,73115807,8096588,65019219,43,0
75582351,549,4,2394796,2394796,75582351,73187555,73187555,7687561,65499994,37,0
75629511,481,4,2230245,2230245,75629511,73399266,73399266,8737874,64661392,45,0
77141294,748,1,3027919,3027919,77141294,74113375,74113375,30570195,43543180,93,0
77549315,1133,2,7184850,7184850,77549315,70364465,70364465,15003698,55360767,58,0
78056859,1047,4,6243319,6243319,78056859,71813540,71813540,8147740,63665800,39,0
78236060,1030,4,5654182,5654182,78236060,72581878,72581878,9259228,63322650,38,0
78774978,865,4,3721548,3721548,78774978,75053430,75053430,9253575,65799855,37,0
79283628,1130,4,6691785,6691785,79283628,72591843,72591843,8325806,64266037,41,0
79394071,967,4,4869543,4869543,79394071,74524528,74524528,9518159,65006369,44,0
79583265,36,4,291278,291278,79583265,79291987,79291987,10288513,69003474,35,0
79615184,166,2,961194,961194,79615184,78653990,78653990,19098834,59555156,62,0
80313958,90,4,810916,810916,80313958,79503042,79503042,10509017,68994025,40,0
80574393,129,2,961065,961065,80574393,79613328,79613328,20250389,59362939,64,0
81348176,179,2,961239,961239,81348176,80386937,80386937,20851722,59535215,70,0
81636998,48,4,343968,343968,81636998,81293030,81293030,12331341,68961689,44,0
82539597,1038,1,6032653,6032653,82539597,76506944,76506944,35925899,40581045,94,0
82786868,88,4,810624,810624,82786868,81976244,81976244,12980336,68995908,39,0
82810684,221,4,1730202,1730202,82810684,81080482,81080482,13116159,67964323,48,0
83267290,431,4,2058890,2058890,83267290,81208400,81208400,11426516,69781884,38,0
83430726,191,2,961280,961280,83430726,82469446,82469446,23107041,59362405,64,0
83443570,428,4,2058874,2058874,83443570,81384696,81384696,12514537,68870159,39,0
83659850,745,1,3027908,3027908,83659850,80631942,80631942,37088907,43543035,106,0
83914484,98,2,960951,960951,83914484,82953533,82953533,23781664,59171869,59,0
84703635,594,1,3027065,3027065,84703635,81676570,81676570,39459291,42217279,95,0
85200599,51,4,343999,343999,85200599,84856600,84856600,15386853,69469747,45,0
85418604,486,4,2230262,2230262,85418604,83188342,83188342,10969072,72219270,43,0
85798828,67,2,769021,769021,85798828,85029807,85029807,27316089,57713718,71,0
87767284,84,4,810573,810573,87767284,86956711,86956711,18091594,68865117,33,0
87887136,488,4,2230269,2230269,87887136,85656867,85656867,13617910,72038957,42,0
88266144,197,2,961301,961301,88266144,87304843,87304843,27890298,59414545,51,0
88663127,110,2,960997,960997,88663127,87702130,87702130,28346190,59355940,62,0
89120079,405,2,1900788,1900788,89120079,87219291,87219291,28883676,58335615,51,0
89392991,217,4,1730177,1730177,89392991,87662814,87662814,19662589,68000225,38,0
89489040,155,2,961157,961157,89489040,88527883,88527883,29222951,59304932,69,0
89701795,440,4,2058951,2058951,89701795,87642844,87642844,17676091,69966753,37,0
89926336,454,4,2059076,2059076,89926336,87867260,87867260,16282715,71584545,37,0
90409773,50,4,343996,343996,90409773,90065777,90065777,20595407,69470370,44,0
90951624,254,2,1743163,1743163,90951624,89208461,89208461,30768893,58439568,67,0
91060948,80,4,810528,810528,91060948,90250420,90250420,21473827,68776593,41,0
92050787,519,4,2230405,2230405,92050787,89820382,89820382,13270001,76550381,42,0
92532879,492,4,2230283,2230283,92532879,90302596,90302596,18309038,71993558,47,0
95389812,81,4,810542,810542,95389812,94579270,94579270,25724720,68854550,35,0
95392457,460,4,2059129,2059129,95392457,93333328,93333328,22651979,70681349,51,0
95464753,494,4,2230294,2230294,95464753,93234459,93234459,20589229,72645230,39,0
96065135,570,8,2778450,2778450,96065135,93286685,93286685,6049087,87237598,23,0
96129082,149,2,961136,961136,96129082,95167946,95167946,35714321,59453625,67,0
96241343,220,4,1730199,1730199,96241343,94511144,94511144,26324334,68186810,47,0
96295283,538,4,2394756,2394756,96295283,93900527,93900527,15623173,78277354,39,0
96334492,637,1,3027365,3027365,96334492,93307127,93307127,38364030,54943097,109,0
97511325,75,2,769128,769128,97511325,96742197,96742197,37166405,59575792,57,0
97992947,134,2,961082,961082,97992947,97031865,97031865,37728469,59303396,64,0
98015251,625,1,3027282,3027282,98015251,94987969,94987969,42974594,52013375,111,0
98253258,533,4,2394735,2394735,98253258,95858523,95858523,18052989,77805534,37,0
98319737,853,4,3721500,3721500,98319737,94598237,94598237,9851877,84746360,44,0
99072295,43,4,291317,291317,99072295,98780978,98780978,29809229,68971749,25,0
99611141,554,4,2676502,2676502,99611141,96934639,96934639,17229353,79705286,38,0
100391741,566,8,2764771,2764771,100391741,97626970,97626970,10470550,87156420,23,0
100422761,69,2,769060,769060,100422761,99653701,99653701,40079335,59574366,57,0
100962247,642,1,3027407,3027407,100962247,97934840,97934840,42960521,54974319,108,0
101079048,521,4,2230417,2230417,101079048,98848631,98848631,21557398,77291233,43,0
101271030,616,1,3027214,3027214,101271030,98243816,98243816,46392752,51851064,100,0
101499852,915,4,4390097,4390097,101499852,97109755,97109755,10841532,86268223,42,0
102841442,167,2,961197,961197,102841442,101880245,101880245,42372279,59507966,63,0
102972369,946,4,4496524,4496524,102972369,98475845,98475845,11537681,86938164,30,0
103193663,606,1,3027148,3027148,103193663,100166515,100166515,52165593,48000922,119,0
103962232,262,2,1743212,1743212,103962232,102219020,102219020,43942805,58276215,77,0
104456332,44,4,343915,343915,104456332,104112417,104112417,35167161,68945256,32,0
104756888,609,1,3027159,3027159,104756888,101729729,101729729,49401316,52328413,118,0
104812925,497,4,2230308,2230308,104812925,102582617,102582617,29312116,73270501,44,0
104930692,968,4,4869549,4869549,104930692,100061143,100061143,12958005,87103138,48,0
105021527,873,4,3721582,3721582,105021527,101299945,101299945,16461752,84838193,40,0
105400145,667,1,3027625,3027625,105400145,102372520,102372520,47282064,55090456,103,0
105736049,998,4,5564802,5564802,105736049,100171247,100171247,12381189,87790058,36,0
106892303,904,8,4216605,4216605,106892303,102675698,102675698,12146773,90528925,27,0
107073786,508,4,2230360,2230360,107073786,104843426,104843426,29237139,75606287,44,0
107078107,218,4,1730179,1730179,107078107,105347928,105347928,37592280,67755648,38,0
108765628,608,1,3027156,3027156,108765628,105738472,105738472,53987418,51751054,105,0
109440807,923,4,4442568,4442568,109440807,104998239,104998239,18908534,86089705,38,0
109455645,1073,4,6243683,6243683,109455645,103211962,103211962,10123043,93088919,47,0
110403609,704,1,3027727,3027727,110403609,107375882,107375882,51127227,56248655,111,0
110511327,444,4,2058983,2058983,110511327,108452344,108452344,37293799,71158545,35,0
111008912,1004,4,5564821,5564821,111008912,105444091,105444091,16834616,88609475,33,0
111972302,420,4,2058826,2058826,111972302,109913476,109913476,41056182,68857294,39,0
112201414,1055,4,6243426,6243426,112201414,105957988,105957988,14822207,91135781,41,0
113514669,1021,4,5641113,5641113,113514669,107873556,107873556,18006426,89867130,34,0
113535351,1064,4,6243565,6243565,113535351,107291786,107291786,16341248,90950538,44,0
113706231,527,4,2230442,2230442,113706231,111475789,111475789,33832112,77643677,47,0
114290999,1058,4,6243469,6243469,114290999,108047530,108047530,17059150,90988380,48,0
114327538,46,4,343923,343923,114327538,113983615,113983615,45344643,68638972,31,0
115225879,450,4,2059028,2059028,115225879,113166851,113166851,41548600,71618251,40,0
115632414,641,1,3027403,3027403,115632414,112605011,112605011,57609135,54995876,108,0
117089592,498,4,2230311,2230311,117089592,114859281,114859281,41346462,73512819,47,0
117676065,1127,4,6691429,6691429,117676065,110984636,110984636,16357315,94627321,47,0
117829917,547,4,2394789,2394789,117829917,115435128,115435128,36511330,78923798,39,0
117989039,1123,4,6244357,6244357,117989039,111744682,111744682,17162677,94582005,61,0
118005208,1012,4,5640904,5640904,118005208,112364304,112364304,22890874,89473430,30,0
118193791,628,1,3027310,3027310,118193791,115166481,115166481,60223891,54942590,107,0
118669184,419,4,2058810,2058810,118669184,116610374,116610374,47962007,68648367,42,0
118780688,1008,4,5564840,5564840,118780688,113215848,113215848,23755884,89459964,33,0
119536403,684,1,3027667,3027667,119536403,116508736,116508736,60238097,56270639,105,0
119560549,276,2,1829698,1829698,119560549,117730851,117730851,59501252,58229599,60,0
121112660,1043,4,6077643,6077643,121112660,115035017,115035017,24854177,90180840,35,0
121990063,646,1,3027514,3027514,121990063,118962549,118962549,63982818,54979731,104,0
122839174,139,2,961099,961099,122839174,121878075,121878075,62574808,59303267,61,0
123042435,1054,4,6243415,6243415,123042435,116799020,116799020,25634139,91164881,43,0
125030292,907,4,4343650,4343650,125030292,120686642,120686642,35062335,85624307,44,0
125561731,1115,4,6244220,6244220,125561731,119317511,119317511,24982527,94334984,60,0
128300797,1005,4,5564833,5564833,128300797,122735964,122735964,33638540,89097424,31,0
129313413,1002,4,5564816,5564816,129313413,123748597,123748597,35814896,87933701,32,0
131150535,1104,4,6244077,6244077,131150535,124906458,124906458,31155250,93751208,54,0
135043689,589,1,3027020,3027020,135043689,132016669,132016669,85970862,46045807,96,0
144382359,664,1,3027613,3027613,144382359,141354746,141354746,86303413,55051333,110,0
147742589,229,2,1743052,1743052,147742589,145999537,145999537,88559572,57439965,65,0
149440482,501,4,2230326,2230326,149440482,147210156,147210156,71717097,75493059,46,0
150787082,522,4,2230420,2230420,150787082,148556662,148556662,71125881,77430781,49,0
151283135,461,4,2059136,2059136,151283135,149223999,149223999,78103530,71120469,42,0
161313569,447,4,2059011,2059011,161313569,159254558,159254558,88158845,71095713,33,0
170624775,585,8,2877694,2877694,170624775,167747081,167747081,80053854,87693227,28,0
175611474,242,2,1743111,1743111,175611474,173868363,173868363,116131334,57737029,51,0
191642067,113,2,961008,961008,191642067,190681059,190681059,131445971,59235088,62,0
