time,job_id,num_gpu,submit_time,start_time,end_time,executed_time,JCT,duration,pending_time,preempt,preemption_overhead,promote
10006,1,1,6,6,10006,10000,10000,10000,0,0,0,0
27794,2,1,6,6,27794,27788,27788,27788,0,0,0,0
47452,4,1,10,10,47452,47442,47442,47442,0,0,0,0
50932,24,1,44506,44506,50932,6426,6426,6426,0,0,0,0
71728,8,1,17,17,71728,71711,71711,71711,0,0,0,0
88003,18,1,44488,44488,88003,43515,43515,43515,0,0,0,0
95121,0,1,0,0,95121,95121,95121,95121,0,0,0,0
96445,7,1,14,14,96445,96431,96431,96431,0,0,0,0
138519,11,1,22,22,138519,138497,138497,138497,0,0,0,0
164380,13,1,26,26,164380,164354,164354,164354,0,0,0,0
205786,27,1,44508,44508,205786,161278,161278,161278,0,0,0,0
214591,9,1,18,18,214591,214573,214573,214573,0,0,0,0
227498,32,1,225010,225010,227498,2488,2488,2488,0,0,0,0
233159,30,1,224999,224999,233159,8160,8160,8160,0,0,0,0
249917,22,1,44500,44500,249917,205417,205417,205417,0,0,0,0
283022,15,1,30,30,283022,282992,282992,282992,0,0,0,0
329579,33,1,225012,225012,329579,104567,104567,104567,0,0,0,0
365796,41,4,291313,291313,365796,74483,74483,74483,0,0,0,0
398384,28,1,224994,224994,398384,173390,173390,173390,0,0,0,0
399086,25,1,44507,44507,399086,354579,354579,354579,0,0,0,0
399377,21,1,44498,44498,399377,354879,354879,354879,0,0,0,0
603106,53,4,510191,510191,603106,92915,92915,92915,0,0,0,0
621381,38,4,291295,291295,621381,330086,330086,330086,0,0,0,0
687598,58,4,632338,632338,687598,55260,55260,55260,0,0,0,0
696856,57,4,632336,632336,696856,64520,64520,64520,0,0,0,0
712420,55,4,632320,632320,712420,80100,80100,80100,0,0,0,0
864042,63,2,719754,719754,864042,144288,144288,144288,0,0,0,0
867080,86,4,810604,810619,867080,56461,56476,56461,15,0,0,0
987146,117,2,961023,961026,987146,26120,26123,23673,2450,4,80,0
1015061,174,2,961222,961222,1015061,53839,53839,30389,23450,2,60,0
1029696,124,2,961048,961048,1029696,68648,68648,38311,30337,4,200,0
1035886,195,2,961295,961295,1035886,74591,74591,44984,29607,2,120,0
1050351,181,2,961246,961246,1050351,89105,89105,51020,38085,3,60,0
1053379,151,2,961143,961143,1053379,92236,92236,41336,50900,4,80,0
1067870,126,2,961055,961055,1067870,106815,106815,55829,50986,5,100,0
1067887,177,2,961233,961233,1067887,106654,106654,54078,52576,4,80,0
1069186,199,2,961308,961308,1069186,107878,107878,60778,47100,3,180,0
1071622,170,2,961208,961208,1071622,110414,110414,57838,52576,4,160,0
1094810,212,2,961361,961361,1094810,133449,133449,71896,61553,3,30,0
1098981,202,2,961318,961318,1098981,137663,137663,57433,80230,5,50,0
1113924,141,2,961106,961106,1113924,152818,152818,83048,69770,5,200,0
1117849,122,2,961041,961041,1117849,156808,156808,69713,87095,6,300,0
1142676,156,2,961160,961160,1142676,181516,181516,111787,69729,4,120,0
1171938,111,2,961001,961011,1171938,210927,210937,129898,81039,7,210,0
1176537,133,2,961078,961078,1176537,215459,215459,105235,110224,6,60,0
1191276,142,2,961109,961109,1191276,230167,230167,160362,69805,5,100,0
1319421,135,2,961086,961086,1319421,358335,358335,288511,69824,6,60,0
1346752,159,2,961171,961171,1346752,385581,385581,123337,262244,6,300,0
1385367,64,2,719767,719767,1385367,665600,665600,307293,358307,1,20,0
1456306,168,2,961201,961201,1456306,495105,495105,232861,262244,6,120,0
1588361,116,2,961019,961023,1588361,627338,627342,409436,217906,7,140,0
1610055,62,2,719748,719748,1610055,890307,890307,329010,561297,2,100,0
1611167,65,2,719816,719816,1611167,891351,891351,330045,561306,2,60,0
1626293,66,2,719849,719849,1626293,906444,906444,345135,561309,2,120,0
1657090,140,2,961102,961102,1657090,695988,695988,452474,243514,8,320,0
1786147,247,2,1743130,1743130,1786147,43017,43017,43017,0,0,0,0
1809282,233,2,1743072,1743072,1809282,66210,66210,66210,0,0,0,0
1816253,251,2,1743145,1743145,1816253,73108,73108,73108,0,0,0,0
1820420,238,2,1743092,1743092,1820420,77328,77328,77328,0,0,0,0
1820651,259,2,1743194,1743194,1820651,77457,77457,77457,0,0,0,0
1820655,232,2,1743067,1743067,1820655,77588,77588,77588,0,0,0,0
1854061,291,1,1837969,1837969,1854061,16092,16092,16092,0,0,0,0
1855451,301,1,1838064,1838064,1855451,17387,17387,17387,0,0,0,0
1855926,283,1,1837887,1837887,1855926,18039,18039,18039,0,0,0,0
1860644,382,1,1838943,1838943,1860644,21701,21701,21701,0,0,0,0
1860927,384,1,1838962,1838962,1860927,21965,21965,21965,0,0,0,0
1864015,305,1,1838105,1838105,1864015,25910,25910,25910,0,0,0,0
1867203,296,1,1838014,1838014,1867203,29189,29189,29189,0,0,0,0
1868904,304,1,1838090,1838090,1868904,30814,30814,30814,0,0,0,0
1870497,347,1,1838569,1838569,1870497,31928,31928,31928,0,0,0,0
1871302,286,1,1837922,1837922,1871302,33380,33380,33380,0,0,0,0
1873852,314,1,1838201,1838201,1873852,35651,35651,35651,0,0,0,0
1874248,315,1,1838219,1838219,1874248,36029,36029,36029,0,0,0,0
1875023,363,1,1838723,1838723,1875023,36300,36300,36300,0,0,0,0
1875633,289,1,1837949,1837949,1875633,37684,37684,37684,0,0,0,0
1876006,321,1,1838276,1838276,1876006,37730,37730,37730,0,0,0,0
1876194,310,1,1838151,1838151,1876194,38043,38043,38043,0,0,0,0
1876194,353,1,1838628,1838628,1876194,37566,37566,37566,0,0,0,0
1878340,328,1,1838357,1838357,1878340,39983,39983,39983,0,0,0,0
1879048,341,1,1838500,1838500,1879048,40548,40548,40548,0,0,0,0
1891671,275,2,1829695,1829695,1891671,61976,61976,42593,19383,5,50,0
1892595,356,1,1838662,1838662,1892595,53933,53933,53933,0,0,0,0
1894206,394,1,1892950,1892950,1894206,1256,1256,1256,0,0,0,0
1901832,395,1,1893036,1893036,1901832,8796,8796,8796,0,0,0,0
1905106,385,1,1838970,1838970,1905106,66136,66136,66136,0,0,0,0
1905375,354,1,1838637,1838637,1905375,66738,66738,66738,0,0,0,0
1909136,343,1,1838535,1838535,1909136,70601,70601,70601,0,0,0,0
1910877,407,2,1900833,1902870,1910877,8007,10044,8007,2037,0,0,0
1911129,313,1,1838185,1838185,1911129,72944,72944,72944,0,0,0,0
1917819,307,1,1838123,1838123,1917819,79696,79696,78212,1484,1,20,0
1918886,372,1,1838835,1838835,1918886,80051,80051,80051,0,0,0,0
1919427,406,2,1900806,1900934,1919427,18493,18621,18493,128,0,0,0
1925802,290,1,1837957,1837957,1925802,87845,87845,87845,0,0,0,0
1937298,409,2,1901098,1910877,1937298,26421,36200,26421,9779,0,0,0
1939295,398,2,1900661,1900669,1939295,38626,38634,38626,8,0,0,0
1946718,401,2,1900676,1900746,1946718,45972,46042,45972,70,0,0,0
1950422,404,2,1900755,1900806,1950422,49616,49667,49616,51,0,0,0
1950925,367,1,1838759,1838759,1950925,112166,112166,101483,10683,2,20,0
1951429,402,2,1900719,1900755,1951429,50674,50710,50674,36,0,0,0
1954005,338,1,1838474,1838474,1954005,115531,115531,111827,3704,1,60,0
1974976,312,1,1838174,1838174,1974976,136802,136802,136261,541,1,20,0
2023504,413,1,1986341,1986341,2023504,37163,37163,37163,0,0,0,0
2026958,266,2,1829632,1829632,2026958,197326,197326,118643,78683,10,500,0
2027217,380,1,1838925,1838925,2027217,188292,188292,188292,0,0,0,0
2034202,348,1,1838585,1838585,2034202,195617,195617,194804,813,1,30,0
2082213,451,4,2059042,2059042,2082213,23171,23171,22561,610,1,60,0
2087146,392,1,1892825,1892825,2087146,194321,194321,173134,21187,2,60,0
2104783,426,4,2058866,2058920,2104783,45863,45917,40137,5780,2,20,0
2126211,445,4,2058992,2058992,2126211,67219,67219,45518,21701,2,120,0
2178580,457,4,2059102,2059102,2178580,119478,119478,92507,26971,3,180,0
2258108,470,4,2230205,2230212,2258108,27896,27903,25775,2128,4,160,0
2271581,484,4,2230255,2230262,2271581,41319,41326,15007,26319,5,300,0
2271671,480,4,2230241,2230252,2271671,41419,41430,15098,26332,5,50,0
2277501,477,4,2230229,2230241,2277501,47260,47272,20928,26344,5,250,0
2284958,476,4,2230226,2230238,2284958,54720,54732,28386,26346,7,210,0
2334353,472,4,2230212,2230222,2334353,104131,104141,77779,26362,6,60,0
2335207,513,4,2230381,2230381,2335207,104826,104826,27173,77653,3,180,0
2365253,393,1,1892933,1892933,2365253,472320,472320,288202,184118,5,200,0
2382022,505,4,2230346,2230346,2382022,151676,151676,74023,77653,3,60,0
2396269,490,4,2230277,2230280,2396269,165989,165992,90586,75406,5,150,0
2417761,532,4,2394731,2394735,2417761,23026,23030,23026,4,0,0,0
2432797,551,4,2394804,2394808,2432797,37989,37993,37989,4,0,0,0
2500278,504,4,2230343,2230343,2500278,269935,269935,154216,115719,4,160,0
2534465,525,4,2230435,2230435,2534465,304030,304030,108121,195909,4,240,0
2617144,399,2,1900666,1900676,2617144,716468,716478,289043,427435,3,180,0
2648981,375,1,1838866,1838866,2648981,810115,810115,409752,400363,3,150,0
2658983,252,2,1743149,1743149,2658983,915834,915834,140567,775267,3,60,0
2665840,256,2,1743175,1743175,2665840,922665,922665,147416,775249,4,160,0
2669855,410,4,1911117,1925802,2669855,744053,758738,101885,656853,1,30,0
2697547,300,1,1838055,1838055,2697547,859492,859492,243900,615592,2,80,0
2698335,303,1,1838081,1838081,2698335,860254,860254,277312,582942,1,10,0
2732713,272,2,1829675,1829675,2732713,903038,903038,214364,688674,15,150,0
2735484,299,1,1838046,1838046,2735484,897438,897438,281846,615592,2,40,0
2751482,309,1,1838141,1838141,2751482,913341,913341,297078,616263,2,20,0
2754490,320,1,1838268,1838268,2754490,916222,916222,301443,614779,1,20,0
2763446,556,8,2762351,2762367,2763446,1079,1095,1079,16,0,0,0
2763607,560,8,2762368,2763128,2763607,479,1239,479,760,0,0,0
2766734,561,8,2764715,2764723,2766734,2011,2019,2011,8,0,0,0
2781201,568,8,2764803,2778450,2781201,2751,16398,2751,13647,0,0,0
2795110,288,1,1837940,1837940,2795110,957170,957170,338446,618724,4,80,0
2804583,336,1,1838448,1838448,2804583,966135,966135,341776,624359,3,30,0
2805328,577,8,2788528,2788935,2805328,16393,16800,16393,407,0,0,0
2816425,569,8,2764860,2778451,2816425,37974,51565,37974,13591,0,0,0
2820558,571,8,2778451,2778479,2820558,42079,42107,42079,28,0,0,0
2831602,557,8,2762365,2762368,2831602,69234,69237,25761,43476,1,50,0
2832092,565,8,2764735,2764803,2832092,67289,67357,24646,42711,2,100,0
2844675,582,8,2842990,2842990,2844675,1685,1685,1685,0,0,0,0
2867750,579,8,2831118,2831121,2867750,36629,36632,36629,3,0,0,0
2874302,583,8,2866521,2866521,2874302,7781,7781,7781,0,0,0,0
2888270,552,4,2394808,2394811,2888270,493459,493462,127216,366246,1,40,0
2925771,302,1,1838073,1838073,2925771,1087698,1087698,441027,646671,5,300,0
2952498,366,1,1838750,1838750,2952498,1113748,1113748,472865,640883,7,70,0
2974300,581,8,2831155,2831554,2974300,142746,143145,86207,56938,1,50,0
3016718,574,8,2787624,2787624,3016718,229094,229094,49314,179780,1,10,0
3017956,575,8,2787660,2788062,3017956,229894,230296,50604,179692,1,30,0
3024097,269,2,1829653,1829653,3024097,1194444,1194444,261181,933263,19,1140,0
3030251,837,1,3028125,3028125,3030251,2126,2126,2126,0,0,0,0
3046609,826,1,3028099,3028099,3046609,18510,18510,15202,3308,12,240,0
3074026,847,1,3028440,3028440,3074026,45586,45586,31268,14318,2,100,0
3089767,816,1,3028078,3028078,3089767,61689,61689,30943,30746,14,140,0
3090463,845,1,3028204,3028204,3090463,62259,62259,15890,46369,14,140,0
3094471,809,1,3028064,3028064,3094471,66407,66407,35647,30760,13,780,0
3094527,808,1,3028063,3028063,3094527,66464,66464,35702,30762,13,650,0
3095570,842,1,3028136,3028136,3095570,67434,67434,36738,30696,13,650,0
3095891,846,1,3028215,3028215,3095891,67676,67676,21318,46358,11,440,0
3118633,794,1,3028033,3028033,3118633,90600,90600,54335,36265,15,150,0
3136283,827,1,3028099,3028099,3136283,108184,108184,76969,31215,14,560,0
3141965,741,1,3027899,3027899,3141965,114066,114066,54639,59427,14,560,0
3143475,812,1,3028070,3028070,3143475,115405,115405,43938,71467,14,280,0
3145559,810,1,3028066,3028066,3145559,117493,117493,46022,71471,13,520,0
3149127,697,1,3027713,3027713,3149127,121414,121414,59701,61713,19,760,0
3149562,692,1,3027697,3027697,3149562,121865,121865,61676,60189,17,680,0
3150722,711,1,3027739,3027739,3150722,122983,122983,61296,61687,17,680,0
3169693,787,1,3028016,3028016,3169693,141677,141677,66879,74798,6,120,0
3171421,756,1,3027935,3027935,3171421,143486,143486,63517,79969,11,440,0
3175012,782,1,3028004,3028004,3175012,147008,147008,72198,74810,6,300,0
3193964,848,1,3028452,3028452,3193964,165512,165512,92649,72863,5,300,0
3196201,838,1,3028126,3028126,3196201,168075,168075,79205,88870,14,700,0
3199876,834,1,3028117,3028117,3199876,171759,171759,82880,88879,15,900,0
3200777,749,1,3027919,3027919,3200777,172858,172858,87573,85285,13,390,0
3202406,835,1,3028120,3028120,3202406,174286,174286,85410,88876,16,800,0
3211488,775,1,3027988,3027988,3211488,183500,183500,93306,90194,6,120,0
3212928,759,1,3027943,3027943,3212928,184985,184985,101349,83636,10,300,0
3213064,777,1,3027992,3027992,3213064,185072,185072,94878,90194,6,240,0
3226808,755,1,3027931,3027931,3226808,198877,198877,115229,83648,11,440,0
3229404,757,1,3027937,3027937,3229404,201467,201467,117825,83642,11,660,0
3232742,844,1,3028157,3028157,3232742,204585,204585,96682,107903,17,170,0
3232765,685,1,3027673,3027673,3232765,205092,205092,117652,87440,19,950,0
3233324,831,1,3028112,3028112,3233324,205212,205212,110395,94817,16,480,0
3233778,839,1,3028130,3028130,3233778,205648,205648,110848,94800,15,900,0
3236213,713,1,3027778,3027778,3236213,208435,208435,96485,111950,19,190,0
3238188,832,1,3028113,3028113,3238188,210075,210075,115259,94816,13,520,0
3238452,716,1,3027848,3027848,3238452,210604,210604,98724,111880,20,600,0
3243457,703,1,3027724,3027724,3243457,215733,215733,103729,112004,20,200,0
3246546,702,1,3027724,3027724,3246546,218822,218822,106818,112004,21,210,0
3252953,724,1,3027864,3027864,3252953,225089,225089,110742,114347,20,1000,0
3254550,736,1,3027887,3027887,3254550,226663,226663,112378,114285,18,900,0
3265500,725,1,3027866,3027866,3265500,237634,237634,123289,114345,21,420,0
3283941,715,1,3027819,3027819,3283941,256122,256122,136209,119913,20,1200,0
3284926,656,1,3027595,3027595,3284926,257331,257331,132807,124524,17,510,0
3309121,613,1,3027181,3027181,3309121,281940,281940,162825,119115,18,180,0
3333163,669,1,3027629,3027629,3333163,305534,305534,155841,149693,20,1200,0
3333842,843,1,3028139,3028139,3333842,305703,305703,130728,174975,19,760,0
3369494,830,1,3028108,3028108,3369494,341386,341386,193471,147915,19,190,0
3373491,603,1,3027133,3027133,3373491,346358,346358,134772,211586,23,1150,0
3373739,708,1,3027735,3027735,3373739,346004,346004,165634,180370,22,880,0
3383872,695,1,3027709,3027709,3383872,356163,356163,178988,177175,22,440,0
3384602,671,1,3027633,3027633,3384602,356969,356969,182679,174290,19,1140,0
3412625,597,1,3027091,3027091,3412625,385534,385534,173801,211733,21,630,0
3416931,617,1,3027237,3027237,3416931,389694,389694,232806,156888,20,1000,0
3422528,819,1,3028082,3028082,3422528,394446,394446,269228,125218,18,540,0
3449833,783,1,3028008,3028008,3449833,421825,421825,248043,173782,9,90,0
3459466,781,1,3028003,3028003,3459466,431463,431463,257730,173733,10,400,0
3466096,761,1,3027957,3027957,3466096,438139,438139,305467,132672,14,840,0
3469886,636,1,3027362,3027362,3469886,442524,442524,245203,197321,18,1080,0
3470322,825,1,3028095,3028095,3470322,442227,442227,268564,173663,20,800,0
3481420,766,1,3027966,3027966,3481420,453454,453454,279548,173906,13,780,0
3485588,771,1,3027980,3027980,3485588,457608,457608,273283,184325,10,200,0
3495509,774,1,3027984,3027984,3495509,467525,467525,270847,196678,8,240,0
3500037,672,1,3027637,3027637,3500037,472400,472400,261234,211166,12,240,0
3542702,620,1,3027263,3027263,3542702,515439,515439,280430,235009,19,760,0
3548789,841,1,3028134,3028134,3548789,520655,520655,310023,210632,20,1000,0
3593872,638,1,3027369,3027369,3593872,566503,566503,323198,243305,18,720,0
3606233,622,1,3027271,3027271,3606233,578962,578962,259497,319465,22,1320,0
3650477,660,1,3027602,3027602,3650477,622875,622875,345862,277013,19,380,0
3698321,840,1,3028131,3028131,3698321,670190,670190,459529,210661,17,510,0
3769810,856,4,3721511,3721545,3769810,48265,48299,48265,34,0,0,0
3778998,861,4,3721529,3721566,3778998,57432,57469,57432,37,0,0,0
3822940,868,4,3721559,3722380,3822940,100560,101381,100560,821,0,0,0
3844608,874,4,3721586,3725277,3844608,119331,123022,119331,3691,0,0,0
3865611,746,1,3027911,3027911,3865611,837700,837700,491005,346695,20,400,0
3868144,875,1,3867133,3867133,3868144,1011,1011,1011,0,0,0,0
3876201,880,4,3873036,3873097,3876201,3104,3165,3104,61,0,0,0
3876695,885,4,3873106,3873894,3876695,2801,3589,2801,788,0,0,0
3888363,878,4,3873009,3873028,3888363,15335,15354,15335,19,0,0,0
3896251,876,1,3867169,3867169,3896251,29082,29082,29082,0,0,0,0
3902045,894,4,3890341,3891145,3902045,10900,11704,10900,804,0,0,0
3905449,883,4,3873097,3873894,3905449,31555,32352,31555,797,0,0,0
3920126,893,4,3890336,3890341,3920126,29785,29790,29785,5,0,0,0
3938622,822,1,3028090,3028090,3938622,910532,910532,338904,571628,19,380,0
3953828,884,4,3873101,3873894,3953828,79934,80727,79934,793,0,0,0
3964023,520,4,2230413,2230413,3964023,1733610,1733610,154143,1579467,7,140,0
3974598,881,4,3873089,3873101,3974598,101497,101509,101497,12,0,0,0
3979692,891,4,3890327,3890331,3979692,89361,89365,89361,4,0,0,0
4007059,879,4,3873028,3873028,4007059,134031,134031,134031,0,0,0,0
4018456,421,4,2058830,2058882,4018456,1959574,1959626,159184,1800442,8,320,0
4020552,649,1,3027552,3027552,4020552,993000,993000,277455,715545,9,540,0
4030280,768,1,3027969,3027969,4030280,1002311,1002311,286963,715348,12,600,0
4106310,34,1,225015,225015,4106310,3881295,3881295,915833,2965462,5,50,0
4115811,16,1,44477,44477,4115811,4071334,4071334,926043,3145291,1,10,0
4121735,902,1,4098906,4098906,4121735,22829,22829,22829,0,0,0,0
4125962,511,4,2230371,2230371,4125962,1895591,1895591,206808,1688783,8,320,0
4216231,903,8,4131053,4131053,4216231,85178,85178,85178,0,0,0,0
4308484,905,8,4217249,4301307,4308484,7177,91235,7177,84058,0,0,0
4351847,909,4,4343680,4343680,4351847,8167,8167,8167,0,0,0,0
4352574,912,8,4349687,4349687,4352574,2887,2887,2887,0,0,0,0
4382023,906,8,4301307,4301307,4382023,80716,80716,80716,0,0,0,0
4389538,529,4,2394720,2394724,4389538,1994814,1994818,195973,1798845,5,150,0
4419285,911,4,4348474,4348474,4419285,70811,70811,70811,0,0,0,0
4424895,886,4,3890306,3890306,4424895,534589,534589,164215,370374,3,60,0
4428784,916,4,4390118,4390118,4428784,38666,38666,38666,0,0,0,0
4431720,860,4,3721525,3721566,4431720,710154,710195,179939,530256,4,40,0
4442264,887,4,3890310,3890313,4442264,551951,551954,181577,370377,3,30,0
4472164,491,4,2230280,2230283,4472164,2241881,2241884,249194,1992690,8,320,0
4472838,914,4,4387864,4388677,4472838,84161,84974,84161,813,0,0,0
4491868,917,4,4442540,4442540,4491868,49328,49328,49328,0,0,0,0
4496752,928,4,4491981,4491981,4496752,4771,4771,4771,0,0,0,0
4500668,931,4,4491995,4491995,4500668,8673,8673,8673,0,0,0,0
4501403,927,4,4491980,4491980,4501403,9423,9423,9423,0,0,0,0
4505709,918,4,4442544,4442549,4505709,63160,63165,63160,5,0,0,0
4531535,954,4,4524626,4524626,4531535,6909,6909,6909,0,0,0,0
4532760,950,4,4524588,4524588,4532760,8172,8172,8172,0,0,0,0
4533263,951,4,4524591,4524591,4533263,8672,8672,8672,0,0,0,0
4537104,944,4,4496513,4496513,4537104,40591,40591,40591,0,0,0,0
4549161,949,4,4524584,4524584,4549161,24577,24577,24577,0,0,0,0
4561076,935,4,4492021,4492021,4561076,69055,69055,69055,0,0,0,0
4562101,943,4,4496509,4496509,4562101,65592,65592,65592,0,0,0,0
4613417,424,4,2058855,2058893,4613417,2554524,2554562,275745,2278817,13,260,0
4617261,530,4,2394724,2394727,4617261,2222534,2222537,229070,1993467,7,140,0
4634860,932,4,4492004,4492004,4634860,142856,142856,142856,0,0,0,0
4711107,936,4,4496481,4496481,4711107,214626,214626,214626,0,0,0,0
4734797,455,4,2059079,2059079,4734797,2675718,2675718,184896,2490822,10,200,0
4746773,627,1,3027298,3027298,4746773,1719475,1719475,657192,1062283,19,380,0
4771944,959,4,4760871,4760871,4771944,11073,11073,11073,0,0,0,0
4773988,483,4,2230252,2230258,4773988,2543730,2543736,223796,2319940,17,1020,0
4802335,956,4,4760845,4760845,4802335,41490,41490,41490,0,0,0,0
4807247,960,4,4760876,4760876,4807247,46371,46371,46371,0,0,0,0
4860255,901,8,4047477,4047477,4860255,812778,812778,160535,652243,2,120,0
4889084,973,4,4869973,4869978,4889084,19106,19111,19106,5,0,0,0
4889410,962,4,4869521,4869525,4889410,19885,19889,19885,4,0,0,0
4900697,981,4,4871827,4889084,4900697,11613,28870,11613,17257,0,0,0
4904888,977,4,4869989,4869992,4904888,34896,34899,34896,3,0,0,0
4925983,966,4,4869540,4869540,4925983,56443,56443,56443,0,0,0,0
4930322,969,4,4869959,4869959,4930322,60363,60363,60363,0,0,0,0
4939337,982,4,4925426,4925426,4939337,13911,13911,13911,0,0,0,0
4994522,957,4,4760855,4760855,4994522,233667,233667,233667,0,0,0,0
4995662,970,4,4869963,4869966,4995662,125696,125699,125696,3,0,0,0
4997719,415,4,2058785,2058810,4997719,2938909,2938934,147841,2791093,6,360,0
5048125,978,4,4869992,4869996,5048125,178129,178133,178129,4,0,0,0
5075049,414,4,2058781,2058781,5075049,3016268,3016268,225266,2791002,9,180,0
5075159,974,4,4869978,4869981,5075159,205178,205181,205178,3,0,0,0
5077148,263,2,1743219,1743219,5077148,3333929,3333929,313736,3020193,13,130,0
5096143,510,4,2230367,2230367,5096143,2865776,2865776,245368,2620408,6,360,0
5113620,980,4,4871823,4871823,5113620,241797,241797,240984,813,1,10,0
5135569,171,2,961211,961211,5135569,4174358,4174358,487330,3687028,10,200,0
5138142,933,4,4492011,4492011,5138142,646131,646131,184848,461283,1,60,0
5164422,334,1,1838416,1838416,5164422,3326006,3326006,547332,2778674,10,400,0
5243484,482,4,2230248,2230255,5243484,3013229,3013236,263046,2750190,11,110,0
5253475,910,4,4348460,4348460,5253475,905015,905015,244550,660465,2,20,0
5329938,871,4,3721571,3723651,5329938,1606287,1608367,218423,1389944,1,30,0
5332888,337,1,1838466,1838466,5332888,3494422,3494422,554171,2940251,13,260,0
5347391,265,2,1829629,1829629,5347391,3517762,3517762,377871,3139891,14,840,0
5368288,223,4,1730216,1731017,5368288,3637271,3638072,175928,3462144,3,150,0
5432113,779,1,3027995,3027995,5432113,2404118,2404118,747261,1656857,16,640,0
5439179,364,1,1838732,1838732,5439179,3600447,3600447,658429,2942018,9,270,0
5442322,732,1,3027879,3027879,5442322,2414443,2414443,822972,1591471,22,660,0
5474569,990,4,5451075,5451075,5474569,23494,23494,23494,0,0,0,0
5477386,333,1,1838407,1838407,5477386,3638979,3638979,860427,2778552,9,270,0
5484479,246,2,1743125,1743125,5484479,3741354,3741354,273633,3467721,8,160,0
5499948,805,1,3028056,3028056,5499948,2471892,2471892,814807,1657085,22,1100,0
5563068,996,2,5560659,5560659,5563068,2409,2409,2409,0,0,0,0
5582698,995,2,5560655,5560655,5582698,22043,22043,22043,0,0,0,0
5611097,992,2,5560635,5560635,5611097,50462,50462,50462,0,0,0,0
5649801,1006,4,5564836,5566253,5649801,83548,84965,83548,1417,0,0,0
5683663,993,2,5560636,5560636,5683663,123027,123027,123027,0,0,0,0
5722842,1011,4,5640888,5641064,5722842,81778,81954,81778,176,0,0,0
5725818,1022,4,5641116,5649801,5725818,76017,84702,76017,8685,0,0,0
5730936,1026,4,5654163,5654178,5730936,76758,76773,76758,15,0,0,0
5738747,287,1,1837931,1837931,5738747,3900816,3900816,712381,3188435,9,270,0
5783300,1015,4,5640945,5641113,5783300,142187,142355,142187,168,0,0,0
5873838,796,1,3028037,3028037,5873838,2845801,2845801,895346,1950455,25,250,0
5962745,793,1,3028029,3028029,5962745,2934716,2934716,984253,1950463,25,750,0
5963379,1014,4,5640943,5641096,5963379,322283,322436,142838,179598,1,30,0
5974125,285,1,1837914,1837914,5974125,4136211,4136211,955811,3180400,9,450,0
5993220,496,4,2230304,2230304,5993220,3762916,3762916,256120,3506796,11,550,0
5999118,991,2,5560622,5560622,5999118,438496,438496,438496,0,0,0,0
6004133,650,1,3027558,3027558,6004133,2976575,2976575,569118,2407457,10,600,0
6024341,797,1,3028040,3028040,6024341,2996301,2996301,895174,2101127,23,1150,0
6078749,464,4,2230184,2230187,6078749,3848562,3848565,225193,3623372,9,360,0
6108208,157,2,961164,961164,6108208,5147044,5147044,509379,4637665,7,420,0
6122887,753,1,3027927,3027927,6122887,3094960,3094960,968723,2126237,24,1440,0
6141013,1034,1,6032624,6032624,6141013,108389,108389,108389,0,0,0,0
6163406,1039,1,6032659,6032659,6163406,130747,130747,130747,0,0,0,0
6164767,1037,1,6032640,6032640,6164767,132127,132127,132127,0,0,0,0
6253324,1044,4,6243278,6243278,6253324,10046,10046,7981,2065,1,10,0
6259362,1068,4,6243609,6243683,6259362,15679,15753,7136,8617,4,80,0
6287576,1061,4,6243525,6243588,6287576,43988,44051,35354,8697,6,180,0
6290119,1069,4,6243620,6243683,6290119,46436,46499,9679,36820,6,60,0
6294362,1084,4,6243823,6243823,6294362,50539,50539,13925,36614,4,240,0
6299100,1067,4,6243598,6243657,6299100,55443,55502,18665,36837,6,300,0
6300321,1078,4,6243744,6243744,6300321,56577,56577,15937,40640,4,80,0
6309978,1091,4,6243915,6243915,6309978,66063,66063,23638,42425,3,150,0
6314689,1079,4,6243756,6243756,6314689,70933,70933,24592,46341,6,180,0
6330589,1102,4,6244057,6244057,6330589,86532,86532,44169,42363,2,20,0
6337219,1120,4,6244319,6244319,6337219,92900,92900,36210,56690,3,120,0
6338725,1081,4,6243778,6243778,6338725,94947,94947,43006,51941,6,240,0
6363807,1053,4,6243404,6243436,6363807,120371,120403,61941,58462,3,90,0
6372712,1077,4,6243734,6243734,6372712,128978,128978,49397,79581,7,70,0
6409450,1065,4,6243576,6243632,6409450,165818,165874,104821,61053,8,80,0
6413811,1098,4,6244006,6244006,6413811,169805,169805,55211,114594,3,120,0
6433590,1097,4,6243996,6243996,6433590,189594,189594,75000,114594,3,90,0
6437354,1099,4,6244017,6244017,6437354,193337,193337,78743,114594,3,150,0
6445180,1072,4,6243657,6243703,6445180,201477,201523,86609,114914,7,70,0
6446295,1048,4,6243329,6243370,6446295,202925,202966,50475,152491,6,60,0
6530579,1124,2,6511338,6511338,6530579,19241,19241,19241,0,0,0,0
6549998,1117,4,6244249,6244249,6549998,305749,305749,149856,155893,6,300,0
6633917,1040,1,6032665,6032665,6633917,601252,601252,413041,188211,3,30,0
6647149,701,1,3027720,3027720,6647149,3619429,3619429,821383,2798046,27,1080,0
6685721,1126,4,6665528,6665528,6685721,20193,20193,20193,0,0,0,0
6694174,621,1,3027267,3027267,6694174,3666907,3666907,671478,2995429,24,240,0
6712138,676,1,3027644,3027644,6712138,3684494,3684494,669987,3014507,22,220,0
6742679,1113,4,6244190,6244190,6742679,498489,498489,260357,238132,7,280,0
6755317,1129,4,6691730,6691730,6755317,63587,63587,63587,0,0,0,0
6882730,1070,4,6243632,6243703,6882730,639027,639098,262209,376889,9,270,0
6967504,1059,4,6243502,6243565,6967504,723939,724002,317122,406880,12,240,0
6992327,965,4,4869535,4869540,6992327,2122787,2122792,262675,1860117,3,150,0
7039270,165,2,961191,961191,7039270,6078079,6078079,529821,5548258,11,110,0
7115769,836,1,3028121,3028121,7115769,4087648,4087648,733634,3354014,22,1320,0
7124282,1119,4,6244298,6244298,7124282,879984,879984,251113,628871,8,400,0
7233630,1135,2,7184875,7184875,7233630,48755,48755,48755,0,0,0,0
7235695,726,1,3027868,3027868,7235695,4207827,4207827,852768,3355059,28,560,0
7255599,790,1,3028025,3028025,7255599,4227574,4227574,1008086,3219488,29,580,0
7264202,1136,2,7184879,7184879,7264202,79323,79323,79323,0,0,0,0
7281169,988,4,5212918,5213711,7281169,2067458,2068251,164651,1903600,1,60,0
7288725,540,4,2394763,2394767,7288725,4893958,4893962,256417,4637545,8,160,0
7310234,323,1,1838303,1838303,7310234,5471931,5471931,551267,4920664,5,300,0
7338916,1134,2,7184871,7184871,7338916,154045,154045,154045,0,0,0,0
7341080,665,1,3027622,3027622,7341080,4313458,4313458,581854,3731604,20,400,0
7352542,1152,8,7351008,7351019,7352542,1523,1534,1119,415,1,40,0
7353086,1156,8,7351029,7351034,7353086,2052,2057,1009,1048,1,60,0
7353440,1147,8,7350898,7350914,7353440,2526,2542,1410,1132,3,120,0
7354288,1158,8,7351039,7351039,7354288,3249,3249,1995,1254,2,20,0
7354390,1155,8,7351023,7351029,7354390,3361,3367,1571,1796,3,120,0
7354704,1153,8,7351013,7351019,7354704,3685,3691,1891,1800,4,240,0
7357110,1164,8,7351071,7351071,7357110,6039,6039,4291,1748,3,150,0
7357441,1143,8,7350869,7350869,7357441,6572,6572,4583,1989,3,120,0
7359679,1145,8,7350880,7350898,7359679,8781,8799,4828,3971,3,90,0
7359817,1159,8,7351045,7351045,7359817,8772,8772,5112,3660,3,60,0
7360304,1168,8,7351091,7351091,7360304,9213,9213,7425,1788,4,200,0
7361092,1149,8,7350914,7350920,7361092,10172,10178,6235,3943,3,150,0
7363024,1163,8,7351065,7351065,7363024,11959,11959,8683,3276,5,100,0
7380524,1161,8,7351055,7351055,7380524,29469,29469,25637,3832,4,120,0
7384753,1166,8,7351081,7351081,7384753,33672,33672,29851,3821,4,240,0
7388250,1150,8,7350920,7351003,7388250,37247,37330,28832,8498,5,150,0
7388488,1148,8,7350909,7350914,7388488,37574,37579,33631,3948,3,90,0
7391973,1167,8,7351086,7351086,7391973,40887,40887,37338,3549,4,40,0
7396779,1146,8,7350891,7350909,7396779,45870,45888,41928,3960,4,80,0
7397181,1176,1,7363821,7363821,7397181,33360,33360,33360,0,0,0,0
7420588,318,1,1838250,1838250,7420588,5582338,5582338,623150,4959188,5,300,0
7555135,1169,8,7351095,7351095,7555135,204040,204040,185505,18535,5,100,0
7600707,1180,1,7363956,7363956,7600707,236751,236751,236751,0,0,0,0
7701621,205,2,961332,961332,7701621,6740289,6740289,613342,6126947,12,120,0
7756165,332,1,1838397,1838397,7756165,5917768,5917768,960583,4957185,9,270,0
7762120,700,1,3027720,3027720,7762120,4734400,4734400,1029324,3705076,29,1160,0
7778295,722,1,3027860,3027860,7778295,4750435,4750435,1043335,3707100,29,1160,0
7841256,3,1,6,6,7841256,7841250,7841250,1104675,6736575,10,200,0
7850242,23,1,44500,44500,7850242,7805742,7805742,1058998,6746744,10,400,0
8014052,643,1,3027432,3027432,8014052,4986620,4986620,1210358,3776262,24,1440,0
8053834,1050,4,6243360,6243404,8053834,1810430,1810474,301954,1508520,9,180,0
8078021,144,2,961118,961118,8078021,7116903,7116903,552591,6564312,11,330,0
8122082,994,2,5560640,5560640,8122082,2561442,2561442,580610,1980832,3,60,0
8135718,913,4,4387854,4387864,8135718,3747854,3747864,118596,3629268,1,40,0
8144918,828,1,3028104,3028104,8144918,5116814,5116814,442860,4673954,21,420,0
8149348,1076,4,6243723,6243723,8149348,1905625,1905625,118450,1787175,10,300,0
8161453,898,4,3916185,3916193,8161453,4245260,4245268,282256,3963012,4,80,0
8176887,1178,1,7363838,7363838,8176887,813049,813049,813049,0,0,0,0
8191340,235,2,1743079,1743079,8191340,6448261,6448261,278922,6169339,10,200,0
8213407,1173,1,7363786,7363786,8213407,849621,849621,849621,0,0,0,0
8264211,815,1,3028075,3028075,8264211,5236136,5236136,560867,4675269,20,200,0
8281608,1082,4,6243789,6243789,8281608,2037819,2037819,250716,1787103,8,80,0
8398349,517,4,2230398,2230398,8398349,6167951,6167951,390892,5777059,14,420,0
8411330,1131,4,6691799,6692522,8411330,1718808,1719531,287963,1431568,1,50,0
8493822,1175,1,7363816,7363816,8493822,1130006,1130006,1130006,0,0,0,0
8501547,814,1,3028074,3028074,8501547,5473473,5473473,798203,4675270,19,760,0
8503851,821,1,3028086,3028086,8503851,5475765,5475765,800507,4675258,21,630,0
8511574,807,1,3028060,3028060,8511574,5483514,5483514,808229,4675285,20,1200,0
8512432,35,1,225016,225016,8512432,8287416,8287416,1129705,7157711,12,360,0
8514860,1096,4,6243986,6243986,8514860,2270874,2270874,283841,1987033,10,200,0
8524513,820,1,3028085,3028085,8524513,5496428,5496428,821169,4675259,21,1260,0
8533420,897,4,3916170,3916188,8533420,4617232,4617250,300821,4316429,5,100,0
8616951,17,1,44477,44477,8616951,8572474,8572474,1225706,7346768,7,350,0
8628409,740,1,3027896,3027896,8628409,5600513,5600513,1150794,4449719,34,340,0
8637443,829,1,3028108,3028108,8637443,5609335,5609335,935385,4673950,22,660,0
8679610,12,1,25,25,8679610,8679585,8679585,1197774,7481811,8,240,0
8728203,1036,1,6032634,6032634,8728203,2695569,2695569,1192692,1502877,9,540,0
8780655,1125,2,6511344,6511344,8780655,2269311,2269311,632324,1636987,4,40,0
8864666,130,2,961069,961069,8864666,7903597,7903597,670823,7232774,18,900,0
8875087,411,4,1911136,1925802,8875087,6949285,6963951,302770,6661181,11,440,0
8913905,823,1,3028090,3028090,8913905,5885815,5885815,1210561,4675254,20,400,0
8927972,855,4,3721507,3721537,8927972,5206435,5206465,310537,4895928,9,360,0
8935597,709,1,3027735,3027735,8935597,5907862,5907862,1227487,4680375,28,1120,0
8940386,371,1,1838825,1838825,8940386,7101561,7101561,1220270,5881291,11,440,0
8959590,339,1,1838483,1838483,8959590,7121107,7121107,1239110,5881997,57,1140,0
9068661,1101,4,6244037,6244037,9068661,2824624,2824624,412590,2412034,8,400,0
9088243,975,4,4869981,4869985,9088243,4218258,4218262,326250,3892012,2,40,0
9115789,317,1,1838242,1838242,9115789,7277547,7277547,1257037,6020510,14,140,0
9129180,780,1,3027999,3027999,9129180,6101181,6101181,1246827,4854354,33,1650,0
9226467,999,4,5564813,5564815,9226467,3661652,3661654,405948,3255706,5,100,0
9226602,729,1,3027873,3027873,9226602,6198729,6198729,1246710,4952019,32,640,0
9272071,647,1,3027523,3027523,9272071,6244548,6244548,1295049,4949499,22,880,0
9273900,1121,4,6244328,6244328,9273900,3029572,3029572,313480,2716092,9,180,0
9376864,1010,4,5640886,5640945,9376864,3735919,3735978,416516,3319462,3,180,0
9436910,169,2,961204,961204,9436910,8475706,8475706,696533,7779173,14,700,0
9523697,408,2,1900934,1909136,9523697,7614561,7622763,727404,6895359,6,300,0
9534425,541,4,2394767,2394771,9534425,7139654,7139658,418320,6721338,7,350,0
9535260,938,4,4496489,4496493,9535260,5038767,5038771,322364,4716407,6,360,0
9570050,961,4,4760908,4761705,9570050,4808345,4809142,358454,4450688,3,30,0
9604534,719,1,3027854,3027854,9604534,6576680,6576680,1337368,5239312,37,1850,0
9614542,118,2,961026,961026,9614542,8653516,8653516,674670,7978846,17,850,0
9652191,1110,4,6244139,6244139,9652191,3408052,3408052,368818,3039234,10,400,0
9656819,734,1,3027883,3027883,9656819,6628936,6628936,1342363,5286573,39,1170,0
9788774,651,1,3027565,3027565,9788774,6761209,6761209,1472801,5288408,27,1620,0
9817119,652,1,3027573,3027573,9817119,6789546,6789546,1373932,5415614,26,520,0
9863474,833,1,3028116,3028116,9863474,6835358,6835358,1397982,5437376,30,600,0
9934664,438,4,2058942,2058968,9934664,7875696,7875722,411912,7463810,9,540,0
9986855,515,4,2230391,2230391,9986855,7756464,7756464,463112,7293352,12,720,0
10064674,576,8,2788525,2788528,10064674,7276146,7276149,249899,7026250,6,120,0
10095713,226,2,1743040,1743040,10095713,8352673,8352673,728941,7623732,28,840,0
10099837,788,1,3028019,3028019,10099837,7071818,7071818,301247,6770571,9,540,0
10101615,804,1,3028055,3028055,10101615,7073560,7073560,1404159,5669401,35,2100,0
10132879,578,8,2831097,2831097,10132879,7301782,7301782,74319,7227463,1,30,0
10153952,733,1,3027881,3027881,10153952,7126071,7126071,1440263,5685808,47,2820,0
10202261,854,4,3721503,3721533,10202261,6480728,6480758,404457,6076301,11,330,0
10247093,1170,8,7351101,7351101,10247093,2895992,2895992,188532,2707460,6,240,0
10271626,322,1,1838284,1838284,10271626,8433342,8433342,1457937,6975405,9,180,0
10285252,389,1,1839011,1839011,10285252,8446241,8446241,487231,7959010,2,120,0
10288540,1093,4,6243936,6243936,10288540,4044604,4044604,361364,3683240,8,160,0
10297617,800,1,3028045,3028045,10297617,7269572,7269572,499102,6770470,21,840,0
10327643,737,1,3027891,3027891,10327643,7299752,7299752,1486599,5813153,37,1850,0
10331778,280,2,1829720,1829720,10331778,8502058,8502058,730120,7771938,23,460,0
10334263,295,1,1838005,1838005,10334263,8496258,8496258,536435,7959823,3,60,0
10413313,786,1,3028015,3028015,10413313,7385298,7385298,1539075,5846223,29,1160,0
10420610,297,1,1838022,1838022,10420610,8582588,8582588,622765,7959823,3,180,0
10457468,351,1,1838611,1838611,10457468,8618857,8618857,659034,7959823,3,150,0
10471923,346,1,1838560,1838560,10471923,8633363,8633363,673540,7959823,3,150,0
10518459,721,1,3027858,3027858,10518459,7490601,7490601,1519323,5971278,38,760,0
10582540,298,1,1838038,1838038,10582540,8744502,8744502,784679,7959823,3,30,0
10606328,349,1,1838594,1838594,10606328,8767734,8767734,807911,7959823,3,60,0
10608912,360,1,1838697,1838697,10608912,8770215,8770215,810392,7959823,3,180,0
10626579,801,1,3028049,3028049,10626579,7598530,7598530,828064,6770466,22,440,0
10639753,940,4,4496497,4496501,10639753,6143252,6143256,383946,5759310,8,400,0
10641482,523,4,2230424,2230424,10641482,8411058,8411058,375096,8035962,15,450,0
10645717,1089,4,6243883,6243883,10645717,4401834,4401834,376808,4025026,13,650,0
10707787,396,1,1893136,1893136,10707787,8814651,8814651,1570685,7243966,22,1320,0
10708644,378,1,1838892,1838892,10708644,8869752,8869752,910742,7959010,2,100,0
10870205,279,2,1829716,1829716,10870205,9040489,9040489,981202,8059287,28,280,0
10875048,601,1,3027118,3027118,10875048,7847930,7847930,1521787,6326143,36,720,0
10916759,386,1,1838980,1838980,10916759,9077779,9077779,1118769,7959010,2,120,0
10941169,237,2,1743086,1743086,10941169,9198083,9198083,793899,8404184,19,190,0
10978422,112,2,961004,961011,10978422,10017411,10017418,801886,9215532,35,2100,0
10982360,273,2,1829683,1829683,10982360,9152677,9152677,770751,8381926,27,1620,0
11050949,193,2,961287,961287,11050949,10089662,10089662,838071,9251591,15,900,0
11138346,376,1,1838875,1838875,11138346,9299471,9299471,1340461,7959010,2,80,0
11187704,798,1,3028041,3028041,11187704,8159663,8159663,1586681,6572982,38,760,0
11200930,1172,1,7363782,7363782,11200930,3837148,3837148,1544704,2292444,10,300,0
11202153,1141,4,7350124,7350124,11202153,3852029,3852029,384946,3467083,3,120,0
11216671,227,2,1743044,1743044,11216671,9473627,9473627,790443,8683184,21,1260,0
11303473,377,1,1838883,1838883,11303473,9464590,9464590,1505580,7959010,2,40,0
11319035,698,1,3027716,3027716,11319035,8291319,8291319,1662951,6628368,42,1680,0
11332019,615,1,3027207,3027207,11332019,8304812,8304812,1533768,6771044,20,1200,0
11365371,614,1,3027195,3027195,11365371,8338176,8338176,1567120,6771056,21,840,0
11673580,987,4,5212903,5212903,11673580,6460677,6460677,703834,5756843,7,280,0
11698188,1151,8,7351003,7351008,11698188,4347180,4347185,224067,4123118,5,200,0
11731229,128,2,961062,961062,11731229,10770167,10770167,835654,9934513,20,200,0
11884626,941,4,4496501,4496505,11884626,7388121,7388125,555009,6833116,8,400,0
11987006,634,1,3027351,3027351,11987006,8959655,8959655,1719918,7239737,37,1110,0
11990615,539,4,2394759,2394763,11990615,9595852,9595856,412289,9183567,11,440,0
12111576,699,1,3027717,3027717,12111576,9083859,9083859,1744544,7339315,41,820,0
12164097,1086,4,6243849,6243849,12164097,5920248,5920248,459065,5461183,12,240,0
12175830,558,8,2762366,2762772,12175830,9413058,9413464,218763,9194701,6,60,0
12209451,489,4,2230273,2230277,12209451,9979174,9979178,451773,9527405,17,170,0
12215963,154,2,961153,961153,12215963,11254810,11254810,846364,10408446,12,600,0
12259137,507,4,2230353,2230353,12259137,10028784,10028784,463854,9564930,15,750,0
12321339,225,2,1743036,1743036,12321339,10578303,10578303,906959,9671344,24,1200,0
12334615,1160,8,7351050,7351050,12334615,4983565,4983565,225640,4757925,5,100,0
12411638,653,1,3027576,3027576,12411638,9384062,9384062,1795342,7588720,34,2040,0
12445330,882,4,3873093,3873894,12445330,8571436,8572237,465475,8106762,9,90,0
12458745,920,4,4442557,4442561,12458745,8016184,8016188,446808,7569380,4,200,0
12464153,433,4,2058897,2058951,12464153,10405202,10405256,445265,9959991,9,450,0
12467044,730,1,3027876,3027876,12467044,9439168,9439168,1764117,7675051,41,820,0
12483998,629,1,3027317,3027317,12483998,9456681,9456681,1782664,7674017,30,900,0
12643154,738,1,3027892,3027892,12643154,9615262,9615262,1936442,7678820,46,2300,0
12644685,417,4,2058800,2058830,12644685,10585855,10585885,447670,10138215,19,1140,0
12689878,592,1,3027046,3027046,12689878,9662832,9662832,1830686,7832146,21,840,0
12715214,989,4,5212922,5214982,12715214,7500232,7502292,472404,7029888,8,240,0
12819236,1157,8,7351034,7351039,12819236,5468197,5468202,328278,5139924,6,60,0
12879240,198,2,961305,961305,12879240,11917935,11917935,965540,10952395,23,1150,0
12887565,268,2,1829649,1829649,12887565,11057916,11057916,928709,10129207,29,580,0
12890778,258,2,1743190,1743190,12890778,11147588,11147588,919463,10228125,20,1200,0
12928612,19,1,44488,44488,12928612,12884124,12884124,1871555,11012569,28,1680,0
13034832,1080,4,6243767,6243767,13034832,6791065,6791065,565285,6225780,14,560,0
13050711,564,8,2764726,2764771,13050711,10285940,10285985,247967,10038018,9,540,0
13121657,1100,4,6244027,6244027,13121657,6877630,6877630,536546,6341084,15,750,0
13214564,475,4,2230222,2230234,13214564,10984330,10984342,561237,10423105,9,270,0
13365114,851,4,3721493,3721522,13365114,9643592,9643621,617123,9026498,8,400,0
13572936,531,4,2394727,2394731,13572936,11178205,11178209,684768,10493441,11,550,0
13599992,850,4,3721489,3721518,13599992,9878474,9878503,505281,9373222,10,300,0
13645521,210,2,961349,961349,13645521,12684172,12684172,1012564,11671608,19,950,0
13668121,607,1,3027153,3027153,13668121,10640968,10640968,1986952,8654016,44,2640,0
13700840,344,1,1838543,1838543,13700840,11862297,11862297,2000840,9861457,5,300,0
13704344,379,1,1838910,1838910,13704344,11865434,11865434,2004790,9860644,4,120,0
13741734,359,1,1838688,1838688,13741734,11903046,11903046,2041589,9861457,5,200,0
13786481,1138,2,7184887,7184896,13786481,6601585,6601594,1048737,5552857,13,130,0
13853490,542,4,2394771,2394774,13853490,11458716,11458719,573985,10884734,16,640,0
13926279,630,1,3027324,3027324,13926279,10898955,10898955,2098094,8800861,34,1700,0
14023728,294,1,1837996,1837996,14023728,12185732,12185732,2139730,10046002,6,360,0
14023981,633,1,3027348,3027348,14023981,10996633,10996633,2060478,8936155,53,1590,0
14169565,1017,4,5641071,5641880,14169565,8527685,8528494,657842,7870652,4,240,0
14181304,752,1,3027926,3027926,14181304,11153378,11153378,2072895,9080483,49,1960,0
14264497,208,2,961343,961343,14264497,13303154,13303154,1138352,12164802,20,1200,0
14352072,680,1,3027652,3027652,14352072,11324420,11324420,2185644,9138776,43,2150,0
14423946,29,1,224997,224997,14423946,14198949,14198949,2187333,12011616,90,4500,0
14457015,534,4,2394738,2394741,14457015,12062274,12062277,563703,11498574,12,600,0
14467155,763,1,3027961,3027961,14467155,11439194,11439194,2167755,9271439,50,2000,0
14522039,811,1,3028068,3028068,14522039,11493971,11493971,2210896,9283075,39,390,0
14542641,598,1,3027094,3027094,14542641,11515547,11515547,2202509,9313038,48,480,0
14567347,674,1,3027641,3027641,14567347,11539706,11539706,2207872,9331834,39,2340,0
14604403,818,1,3028081,3028081,14604403,11576322,11576322,2247952,9328370,38,380,0
14628632,200,2,961312,961312,14628632,13667320,13667320,1134145,12533175,29,290,0
14651118,425,4,2058862,2058897,14651118,12592221,12592256,578329,12013927,18,720,0
14656105,925,4,4443293,4443293,14656105,10212812,10212812,559298,9653514,5,150,0
14664762,739,1,3027896,3027896,14664762,11636866,11636866,2243204,9393662,56,2800,0
14712856,1041,1,6032670,6032670,14712856,8680186,8680186,2284164,6396022,27,1620,0
14718445,466,4,2230191,2230201,14718445,12488244,12488254,569259,11918995,20,1200,0
14785827,1029,4,5654178,5654987,14785827,9130840,9131649,631168,8500481,4,80,0
14883326,125,2,961051,961051,14883326,13922275,13922275,1229192,12693083,22,660,0
14910538,60,2,719728,719728,14910538,14190810,14190810,1163489,13027321,19,760,0
14910970,463,4,2230181,2230184,14910970,12680786,12680789,570569,12110220,19,570,0
15042463,397,2,1900657,1900657,15042463,13141806,13141806,1267837,11873969,27,1620,0
15199188,54,4,510211,510211,15199188,14688977,14688977,731668,13957309,8,400,0
15206383,735,1,3027885,3027885,15206383,12178498,12178498,2298019,9880479,56,2800,0
15240187,1179,1,7363938,7363938,15240187,7876249,7876249,2328157,5548092,22,1320,0
15244331,474,4,2230219,2230229,15244331,13014102,13014112,584875,12429237,19,1140,0
15296078,14,1,29,29,15296078,15296049,15296049,2403295,12892754,28,1400,0
15297275,567,8,2764786,2766734,15297275,12530541,12532489,295127,12237362,5,50,0
15322276,693,1,3027701,3027701,15322276,12294575,12294575,2356754,9937821,54,540,0
15438578,675,1,3027641,3027641,15438578,12410937,12410937,2466052,9944885,47,1410,0
15460950,5,1,11,11,15460950,15460939,15460939,2388099,13072840,32,960,0
15494866,162,2,961181,961181,15494866,14533685,14533685,1244502,13289183,27,1350,0
15777574,896,4,3916165,3916185,15777574,11861389,11861409,881058,10980351,16,640,0
15811397,1063,4,6243545,6243598,15811397,9567799,9567852,625195,8942657,12,600,0
15851699,215,4,1730160,1730160,15851699,14121539,14121539,649033,13472506,18,720,0
15874440,260,2,1743198,1743198,15874440,14131242,14131242,1239296,12891946,20,600,0
15904775,284,1,1837896,1837896,15904775,14066879,14066879,2509266,11557613,37,370,0
15909144,160,2,961174,961174,15909144,14947970,14947970,1248878,13699092,28,1400,0
15991929,253,2,1743159,1743159,15991929,14248770,14248770,1318556,12930214,26,1300,0
16131730,681,1,3027658,3027658,16131730,13104072,13104072,2604964,10499108,53,2120,0
16142054,908,4,4343676,4343676,16142054,11798378,11798378,632080,11166298,12,600,0
16176055,100,2,960960,960971,16176055,15215084,15215095,1293269,13921826,28,1400,0
16197075,439,4,2058946,2058983,16197075,14138092,14138129,651892,13486237,16,640,0
16270197,953,4,4524620,4524620,16270197,11745577,11745577,703883,11041694,11,660,0
16292305,1046,4,6243298,6243350,16292305,10048955,10049007,650535,9398472,13,130,0
16322664,92,4,810997,812305,16322664,15510359,15511667,668015,14843652,14,280,0
16388660,1111,4,6244148,6244148,16388660,10144512,10144512,709094,9435418,13,130,0
16429000,137,2,961092,961092,16429000,15467908,15467908,1331392,14136516,24,1200,0
16469286,56,4,632320,632320,16469286,15836966,15836966,689277,15147689,8,400,0
16492198,776,1,3027988,3027988,16492198,13464210,13464210,2626315,10837895,42,1260,0
16759709,327,1,1838348,1838348,16759709,14921361,14921361,2892194,12029167,30,1200,0
16771598,679,1,3027651,3027651,16771598,13743947,13743947,2637872,11106075,47,1410,0
16784328,718,1,3027852,3027852,16784328,13756476,13756476,2638381,11118095,58,1740,0
16784501,47,4,343925,343925,16784501,16440576,16440576,669539,15771037,5,200,0
16828922,26,1,44508,44508,16828922,16784414,16784414,2690105,14094309,31,620,0
16894402,146,2,961125,961125,16894402,15933277,15933277,1396021,14537256,27,540,0
16956728,365,1,1838741,1838741,16956728,15117987,15117987,2714813,12403174,41,2050,0
17115844,765,1,3027965,3027965,17115844,14087879,14087879,2841341,11246538,56,1120,0
17131012,1083,4,6243812,6243812,17131012,10887200,10887200,677948,10209252,15,750,0
17162800,555,8,2762344,2762344,17162800,14400456,14400456,374522,14025934,8,160,0
17173883,381,1,1838934,1838934,17173883,15334949,15334949,2756659,12578290,15,900,0
17187204,1056,4,6243436,6243525,17187204,10943679,10943768,699077,10244691,19,1140,0
17214522,10,1,21,21,17214522,17214501,17214501,2788612,14425889,35,1400,0
17227654,6,1,12,12,17227654,17227642,17227642,2799809,14427833,39,1950,0
17238480,1028,4,5654174,5654987,17238480,11583493,11584306,703083,10881223,9,540,0
17301660,1142,8,7350492,7350492,17301660,9951168,9951168,412240,9538928,9,450,0
17451187,186,2,961263,961263,17451187,16489924,16489924,1552369,14937555,28,280,0
17541962,479,4,2230238,2230248,17541962,15311714,15311724,792011,14519713,21,840,0
17553471,877,4,3873005,3873005,17553471,13680466,13680466,712066,12968400,12,720,0
17580661,524,4,2230431,2230431,17580661,15350230,15350230,730674,14619556,21,210,0
17587460,979,4,4869996,4870691,17587460,12716769,12717464,710406,12007058,8,240,0
17949419,49,4,343982,343982,17949419,17605437,17605437,1075842,16529595,6,180,0
18093835,691,1,3027692,3027692,18093835,15066143,15066143,2988333,12077810,55,2750,0
18117435,921,4,4442561,4442565,18117435,13674870,13674874,736535,12938339,10,200,0
18169575,1114,4,6244210,6244210,18169575,11925365,11925365,763035,11162330,18,540,0
18290255,422,4,2058837,2058882,18290255,16231373,16231418,838076,15393342,23,1150,0
18437490,658,1,3027598,3027598,18437490,15409892,15409892,3043807,12366085,56,560,0
18473136,97,2,960948,960948,18473136,17512188,17512188,1499754,16012434,35,350,0
18524594,919,4,4442549,4442557,18524594,14082037,14082045,788084,13293961,11,220,0
18528385,559,8,2762367,2763128,18528385,15765257,15766018,374522,15391496,15,150,0
18539811,388,1,1839003,1839003,18539811,16700808,16700808,2975253,13725555,16,320,0
18639707,792,1,3028029,3028029,18639707,15611678,15611678,3085903,12525775,67,670,0
18837977,986,4,5212828,5212828,18837977,13625149,13625149,947795,12677354,11,440,0
18902996,1094,4,6243946,6243946,18902996,12659050,12659050,822295,11836755,19,190,0
18927129,720,1,3027856,3027856,18927129,15899273,15899273,3074442,12824831,57,2850,0
18979820,1128,4,6691705,6691705,18979820,12288115,12288115,815021,11473094,9,180,0
19005363,153,2,961150,961150,19005363,18044213,18044213,1581579,16462634,22,1320,0
19020398,20,1,44497,44497,19020398,18975901,18975901,3165582,15810319,43,860,0
19054380,228,2,1743049,1743049,19054380,17311331,17311331,1612723,15698608,28,1400,0
19066170,255,2,1743167,1743167,19066170,17323003,17323003,1591897,15731106,32,960,0
19196123,361,1,1838705,1838705,19196123,17357418,17357418,3283074,14074344,43,1290,0
19406836,723,1,3027862,3027862,19406836,16378974,16378974,3352895,13026079,63,3150,0
19946980,292,1,1837978,1837978,19946980,18109002,18109002,3719303,14389699,26,1560,0
20043378,1031,1,6032585,6032585,20043378,14010793,14010793,3280732,10730061,40,2400,0
20082677,194,2,961290,961290,20082677,19121387,19121387,1659740,17461647,28,280,0
20097036,342,1,1838525,1838525,20097036,18258511,18258511,3293571,14964940,46,1380,0
20141176,604,1,3027141,3027141,20141176,17114035,17114035,3323749,13790286,58,1160,0
20188061,1116,4,6244240,6244240,20188061,13943821,13943821,875769,13068052,23,1150,0
20393686,306,1,1838115,1838115,20393686,18555571,18555571,3543691,15011880,22,1320,0
20579448,512,4,2230378,2230378,20579448,18349070,18349070,1022053,17327017,17,850,0
20600146,119,2,961030,961030,20600146,19639116,19639116,1726919,17912197,32,960,0
20672654,866,4,3721552,3721586,20672654,16951068,16951102,928651,16022451,11,110,0
20816546,1032,1,6032613,6032613,20816546,14783933,14783933,3591741,11192192,42,2100,0
20843115,31,1,225000,225000,20843115,20618115,20618115,3533495,17084620,67,2010,0
20928247,899,4,3916188,3920126,20928247,17008121,17012059,966661,16045398,12,360,0
21010947,1162,8,7351060,7351060,21010947,13659887,13659887,516743,13143144,10,200,0
21037939,852,4,3721496,3721525,21037939,17316414,17316443,915148,16401295,16,640,0
21049341,648,1,3027529,3027529,21049341,18021812,18021812,3576923,14444889,53,1590,0
21207613,587,8,3011382,3011382,21207613,18196231,18196231,608466,17587765,8,160,0
21276493,712,1,3027753,3027753,21276493,18248740,18248740,3680618,14568122,62,1240,0
21285341,308,1,1838132,1838132,21285341,19447209,19447209,3715504,15731705,25,250,0
21351494,563,8,2764723,2764735,21351494,18586759,18586771,520970,18065801,9,90,0
21443247,803,1,3028053,3028053,21443247,18415194,18415194,3763461,14651733,62,2480,0
21462669,1154,8,7351019,7351023,21462669,14111646,14111650,473663,13637987,12,720,0
21524284,1174,1,7363790,7363790,21524284,14160494,14160494,3742083,10418411,28,1120,0
21650763,661,1,3027603,3027603,21650763,18623160,18623160,3874871,14748289,54,1620,0
21683208,1165,8,7351076,7351076,21683208,14332132,14332132,503875,13828257,13,520,0
21703341,623,1,3027274,3027274,21703341,18676067,18676067,3794107,14881960,63,2520,0
21877497,196,2,961298,961298,21877497,20916199,20916199,2092351,18823848,35,700,0
21965370,947,4,4496532,4496532,21965370,17468838,17468838,1035686,16433152,12,720,0
22041416,59,2,719719,719719,22041416,21321697,21321697,2016359,19305338,25,1500,0
22175209,293,1,1837987,1837987,22175209,20337222,20337222,3988184,16349038,27,1350,0
22186391,895,4,3916158,3916158,22186391,18270233,18270233,977400,17292833,18,360,0
22278229,553,4,2394811,2395600,22278229,19882629,19883418,1072856,18810562,12,120,0
22413874,817,1,3028079,3028079,22413874,19385795,19385795,4105939,15279856,60,1200,0
22593027,1140,2,7184900,7186500,22593027,15406527,15408127,2155307,13252820,28,1400,0
22595716,605,1,3027145,3027145,22595716,19568571,19568571,4008265,15560306,62,3100,0
22670494,599,1,3027101,3027101,22670494,19643393,19643393,4072966,15570427,58,2900,0
22784497,802,1,3028049,3028049,22784497,19756448,19756448,4219731,15536717,46,1380,0
22820720,1071,4,6243644,6243703,22820720,16577017,16577076,1058706,15518370,26,1560,0
22901618,132,2,961075,961075,22901618,21940543,21940543,2163411,19777132,37,370,0
22905676,368,1,1838789,1838789,22905676,21066887,21066887,4195463,16871424,52,1560,0
22959991,562,8,2764717,2764726,22959991,20195265,20195274,579352,19615922,10,200,0
23198790,889,4,3890317,3890323,23198790,19308467,19308473,1289325,18019148,16,480,0
23219723,335,1,1838434,1838434,23219723,21381289,21381289,4256293,17124996,42,420,0
23362074,600,1,3027113,3027113,23362074,20334961,20334961,4349487,15985474,60,3000,0
23364096,76,4,810492,810492,23364096,22553604,22553604,1085508,21468096,20,1000,0
23442893,1109,4,6244129,6244129,23442893,17198764,17198764,1138521,16060243,22,880,0
23478124,131,2,961072,961072,23478124,22517052,22517052,2202747,20314305,41,410,0
23675731,248,2,1743133,1743133,23675731,21932598,21932598,2366357,19566241,31,1550,0
23720801,535,4,2394741,2394749,23720801,21326052,21326060,1128932,20197128,16,160,0
23728235,1020,4,5641096,5649801,23728235,18078434,18087139,1084851,17002288,14,700,0
23838484,1075,4,6243713,6243713,23838484,17594771,17594771,1183904,16410867,25,250,0
23900629,96,2,960944,960948,23900629,22939681,22939685,2251842,20687843,41,2050,0
23901937,446,4,2059007,2059007,23901937,21842930,21842930,1090335,20752595,24,240,0
24470086,362,1,1838714,1838714,24470086,22631372,22631372,5022090,17609282,52,2600,0
24483153,602,1,3027122,3027122,24483153,21456031,21456031,4431274,17024757,66,3300,0
24521509,659,1,3027599,3027599,24521509,21493910,21493910,4398980,17094930,71,2130,0
24641477,1057,4,6243446,6243535,24641477,18397942,18398031,1204963,17193068,29,1450,0
24684145,121,2,961036,961036,24684145,23723109,23723109,2298583,21424526,46,2300,0
25184120,434,4,2058920,2058955,25184120,23125165,23125200,1626711,21498489,20,1000,0
25247485,311,1,1838162,1838162,25247485,23409323,23409323,4593214,18816109,42,1260,0
25282110,983,4,4925447,4925477,25282110,20356633,20356663,1166412,19190251,12,240,0
25365516,1013,4,5640921,5641074,25365516,19724442,19724595,1224148,18500447,15,600,0
25439880,104,2,960974,960981,25439880,24478899,24478906,2401851,22077055,40,1200,0
25471433,148,2,961132,961132,25471433,24510301,24510301,2354580,22155721,34,680,0
25531803,89,4,810916,810916,25531803,24720887,24720887,1231559,23489328,18,720,0
25697359,573,8,2778479,2778479,25697359,22918880,22918880,750205,22168675,8,320,0
25708661,1107,4,6244107,6244107,25708661,19464554,19464554,1186769,18277785,23,920,0
25729515,984,4,4925477,4925477,25729515,20804038,20804038,1198568,19605470,13,260,0
25773624,773,1,3027984,3027984,25773624,22745640,22745640,4743023,18002617,57,570,0
25777151,1087,4,6243861,6243861,25777151,19533290,19533290,1192870,18340420,25,250,0
25828914,1074,4,6243703,6243713,25828914,19585201,19585211,1240636,18344575,23,690,0
25911251,824,1,3028094,3028094,25911251,22883157,22883157,4880655,18002502,73,730,0
25998292,1118,4,6244268,6244268,25998292,19754024,19754024,1277651,18476373,30,1800,0
26017022,102,2,960968,960974,26017022,25056048,25056054,2462520,22593534,42,840,0
26397775,686,1,3027677,3027677,26397775,23370098,23370098,5222121,18147977,72,4320,0
26436908,1016,4,5641064,5641116,26436908,20795792,20795844,1250428,19545416,18,900,0
26542974,83,4,810564,810573,26542974,25732401,25732410,1344014,24388396,20,200,0
26635412,813,1,3028071,3028071,26635412,23607341,23607341,5079055,18528286,69,1380,0
27104757,985,4,5020124,5020124,27104757,22084633,22084633,1692516,20392117,23,920,0
27107611,770,1,3027973,3027973,27107611,24079638,24079638,5011128,19068510,72,3600,0
27124254,319,1,1838258,1838258,27124254,25285996,25285996,5041181,20244815,40,1200,0
27154939,270,2,1829663,1829663,27154939,25325276,25325276,2576939,22748337,46,460,0
27182610,387,1,1838994,1838994,27182610,25343616,25343616,5097508,20246108,25,1000,0
27186375,1137,2,7184883,7184883,27186375,20001492,20001492,2548996,17452496,34,680,0
27226070,350,1,1838603,1838603,27226070,25387467,25387467,5140600,20246867,26,1560,0
27254407,1035,1,6032629,6032629,27254407,21221778,21221778,5119172,16102606,54,1620,0
27289082,789,1,3028019,3028019,27289082,24261063,24261063,5164858,19096205,45,450,0
27300310,791,1,3028025,3028025,27300310,24272285,24272285,5173315,19098970,79,3160,0
27370815,1088,4,6243872,6243872,27370815,21126943,21126943,1360908,19766035,31,1240,0
27448802,105,2,960978,960989,27448802,26487813,26487824,2686488,23801336,45,900,0
27466553,764,1,3027961,3027961,27466553,24438592,24438592,5206422,19232170,79,790,0
27552265,316,1,1838230,1838230,27552265,25714035,25714035,5317669,20396366,67,1340,0
27620512,469,4,2230201,2230212,27620512,25390300,25390311,1377293,24013018,25,1000,0
27717656,892,4,3890331,3890336,27717656,23827320,23827325,1419005,22408320,26,260,0
27735834,74,2,769106,769106,27735834,26966728,26966728,2688813,24277915,37,1480,0
27822218,624,1,3027278,3027278,27822218,24794940,24794940,5404692,19390248,74,740,0
27847505,859,4,3721522,3721559,27847505,24125946,24125983,1348823,22777160,16,480,0
27878237,72,2,769093,769093,27878237,27109144,27109144,2748946,24360198,39,1560,0
27929366,261,2,1743209,1743209,27929366,26186157,26186157,2734474,23451683,36,1800,0
28490968,182,2,961249,961249,28490968,27529719,27529719,3303871,24225848,43,1720,0
28682721,657,1,3027595,3027595,28682721,25655126,25655126,5577055,20078071,69,1380,0
29146894,1144,8,7350875,7350891,29146894,21796003,21796019,1146597,20649422,13,130,0
29173077,91,4,810994,810997,29173077,28362080,28362083,1409109,26952974,21,840,0
29400848,71,2,769074,769074,29400848,28631774,28631774,3049319,25582455,41,410,0
29401432,467,4,2230194,2230205,29401432,27171227,27171238,1378838,25792400,34,340,0
29409762,240,2,1743103,1743103,29409762,27666659,27666659,2801203,24865456,35,700,0
29523781,423,4,2058848,2058890,29523781,27464891,27464933,1507312,25957621,27,1350,0
29541545,705,1,3027728,3027728,29541545,26513817,26513817,5635050,20878767,82,3280,0
29763052,976,4,4869985,4869989,29763052,24893063,24893067,1627256,23265811,15,300,0
29893498,138,2,961095,961095,29893498,28932403,28932403,2974364,25958039,41,410,0
29894884,857,4,3721514,3721545,29894884,26173339,26173370,1416759,24756611,24,480,0
29895250,937,4,4496485,4496489,29895250,25398761,25398765,1430072,23968693,20,600,0
30044319,922,4,4442565,4442568,30044319,25601751,25601754,1564262,24037492,21,1260,0
30076325,593,1,3027057,3027057,30076325,27049268,27049268,5878479,21170789,74,2220,0
30083008,70,2,769060,769060,30083008,29313948,29313948,3049368,26264580,41,1640,0
30229284,1171,1,7363777,7363777,30229284,22865507,22865507,6029552,16835955,52,520,0
30276739,478,4,2230234,2230245,30276739,28046494,28046505,1550063,26496442,26,1300,0
30499375,673,1,3027637,3027637,30499375,27471738,27471738,6225310,21246428,69,2070,0
30534697,120,2,961033,961033,30534697,29573664,29573664,3089300,26484364,55,2200,0
30653136,145,2,961121,961121,30653136,29692015,29692015,3209002,26483013,44,440,0
30750098,806,1,3028059,3028059,30750098,27722039,27722039,6308479,21413560,75,3000,0
30782592,329,1,1838366,1838366,30782592,28944226,28944226,6344586,22599640,48,1920,0
30783470,429,4,2058878,2058934,30783470,28724536,28724592,1591159,27133433,30,1200,0
30848934,655,1,3027588,3027588,30848934,27821346,27821346,6350947,21470399,65,1300,0
31050738,945,4,4496519,4496524,31050738,26554214,26554219,1774267,24779952,19,950,0
31117591,391,1,1839029,1839029,31117591,29278562,29278562,6459656,22818906,39,390,0
31286195,572,8,2778466,2778479,31286195,28507716,28507729,967142,27540587,11,110,0
31329971,243,2,1743115,1743115,31329971,29586856,29586856,3279022,26307834,33,1650,0
31360943,278,2,1829707,1829707,31360943,29531236,29531236,3291629,26239607,47,1880,0
31400279,143,2,961114,961114,31400279,30439165,30439165,3374608,27064557,52,3120,0
31611446,456,2,2059091,2059091,31611446,29552355,29552355,3501891,26050464,33,990,0
31920245,500,4,2230319,2230319,31920245,29689926,29689926,1959922,27730004,35,2100,0
32022945,849,4,3721485,3721511,32022945,28301434,28301460,1765633,26535827,23,1380,0
32117211,926,4,4443298,4443298,32117211,27673913,27673913,1742891,25931022,21,1050,0
32215462,152,2,961147,961147,32215462,31254315,31254315,3475787,27778528,37,1480,0
32273864,330,1,1838379,1838379,32273864,30435485,30435485,6944839,23490646,59,2360,0
32411047,369,1,1838798,1838798,32411047,30572249,30572249,7016221,23556028,58,580,0
32427371,707,1,3027731,3027731,32427371,29399640,29399640,6847163,22552477,93,5580,0
32672221,1062,4,6243535,6243588,32672221,26428633,26428686,1960459,24468227,30,300,0
32750817,1112,4,6244159,6244159,32750817,26506658,26506658,1798089,24708569,30,1200,0
32972050,192,2,961283,961283,32972050,32010767,32010767,3669869,28340898,47,1880,0
33018878,799,1,3028044,3028044,33018878,29990834,29990834,7074462,22916372,80,4800,0
33106654,45,4,343918,343918,33106654,32762736,32762736,1934260,30828476,18,180,0
33206887,79,4,810521,810528,33206887,32396359,32396366,1912884,30483482,29,1740,0
33265903,106,2,960981,960989,33265903,32304914,32304922,3747881,28557041,58,1160,0
33362326,264,2,1829625,1829625,33362326,31532701,31532701,3635849,27896852,40,400,0
33366806,267,2,1829645,1829645,33366806,31537161,31537161,3662891,27874270,51,2040,0
33393995,352,1,1838619,1838619,33393995,31555376,31555376,7268451,24286925,36,1440,0
33565291,358,1,1838680,1838680,33565291,31726611,31726611,7439686,24286925,36,720,0
33651626,863,4,3721537,3721582,33651626,29930044,29930089,1873418,28056671,17,510,0
33721793,890,4,3890323,3890327,33721793,29831466,29831470,1841466,27990004,29,580,0
33980906,639,1,3027388,3027388,33980906,30953518,30953518,7537896,23415622,85,4250,0
34042550,1019,4,5641080,5643151,34042550,28399399,28401470,1884055,26517415,26,1560,0
34076828,1095,4,6243966,6243966,34076828,27832862,27832862,1884852,25948010,29,870,0
34245132,1177,1,7363825,7363825,34245132,26881307,26881307,7580427,19300880,60,2400,0
34252814,644,1,3027492,3027492,34252814,31225322,31225322,7461438,23763884,71,3550,0
34289939,418,4,2058806,2058848,34289939,32231091,32231133,1922419,30308714,36,2160,0
34299211,373,1,1838843,1838843,34299211,32460368,32460368,7493211,24967157,60,3600,0
34486839,640,1,3027400,3027400,34486839,31459439,31459439,7694481,23764958,85,850,0
34519938,972,4,4869970,4869970,34519938,29649968,29649968,1920384,27729584,20,1000,0
34588812,147,2,961129,961129,34588812,33627683,33627683,3986008,29641675,51,510,0
34803330,180,2,961242,961242,34803330,33842088,33842088,4116677,29725411,56,3360,0
34841691,224,4,1730223,1731017,34841691,33110674,33111468,1997433,31114035,28,1400,0
34847687,435,4,2058929,2058955,34847687,32788732,32788758,1950472,30838286,23,1380,0
34924805,326,1,1838339,1838339,34924805,33086466,33086466,7818773,25267693,45,1800,0
35201513,485,4,2230258,2230262,35201513,32971251,32971255,2233469,30737786,28,280,0
35279565,595,1,3027069,3027069,35279565,32252496,32252496,7702689,24549807,78,2340,0
35322909,772,1,3027981,3027981,35322909,32294928,32294928,7770336,24524592,84,1680,0
35331199,727,1,3027870,3027870,35331199,32303329,32303329,7718225,24585104,98,980,0
35375923,795,1,3028033,3028033,35375923,32347890,32347890,7821038,24526852,99,1980,0
35415601,689,1,3027688,3027688,35415601,32387913,32387913,7905942,24481971,86,3440,0
35454913,1051,4,6243370,6243415,35454913,29211498,29211543,1981814,27229729,30,600,0
35465934,1092,4,6243924,6243924,35465934,29222010,29222010,1918061,27303949,29,1450,0
35667992,1090,4,6243906,6243906,35667992,29424086,29424086,2131038,27293048,31,1240,0
35895775,85,4,810588,810604,35895775,35085171,35085187,2210569,32874618,29,1740,0
35952746,495,4,2230301,2230301,35952746,33722445,33722445,2035714,31686731,28,840,0
36036998,769,1,3027972,3027972,36036998,33009026,33009026,8049318,24959708,81,1620,0
36160411,453,4,2059068,2059068,36160411,34101343,34101343,2127895,31973448,29,1160,0
36522141,952,4,4524606,4524606,36522141,31997535,31997535,2406736,29590799,24,960,0
36633362,1007,4,5564838,5582698,36633362,31050664,31068524,2121725,28946799,23,1150,0
36841282,858,4,3721518,3721556,36841282,33119726,33119764,2276249,30843515,29,1450,0
36946092,948,4,4497410,4497410,36946092,32448682,32448682,2173092,30275590,25,1500,0
36992814,281,2,1829724,1829724,36992814,35163090,35163090,4243351,30919739,58,1160,0
37146170,355,1,1838653,1838653,37146170,35307517,35307517,8695266,26612251,41,1640,0
37154797,666,1,3027624,3027624,37154797,34127173,34127173,8426857,25700316,63,3150,0
37169218,964,4,4869530,4869535,37169218,32299683,32299688,2137873,30161815,24,240,0
37306443,872,4,3721578,3724464,37306443,33581979,33584865,2260706,31324159,34,1020,0
37308839,1024,4,5654154,5654167,37308839,31654672,31654685,2111162,29543523,17,510,0
37457607,714,1,3027797,3027797,37457607,34429810,34429810,8704507,25725303,91,2730,0
37466168,61,2,719742,719742,37466168,36746426,36746426,4338676,32407750,50,500,0
37486617,108,2,960989,960997,37486617,36525620,36525628,4362170,32163458,62,2480,0
37492320,101,2,960964,960974,37492320,36531346,36531356,4365113,32166243,64,640,0
37613247,163,2,961185,961185,37613247,36652062,36652062,4438687,32213375,48,2400,0
37849040,324,1,1838312,1838312,37849040,36010728,36010728,9031425,26979303,61,2440,0
38149206,544,4,2394778,2394782,38149206,35754424,35754428,2456017,33298411,26,1560,0
38169175,1049,4,6243350,6243393,38169175,31925782,31925825,2169933,29755892,31,930,0
38171933,42,4,291315,291315,38171933,37880618,37880618,2239303,35641315,19,1140,0
38344396,37,4,291287,291287,38344396,38053109,38053109,2411821,35641288,19,1140,0
38400412,172,2,961215,961215,38400412,37439197,37439197,4511552,32927645,57,570,0
38712915,93,2,960932,960932,38712915,37751983,37751983,4856485,32895498,55,3300,0
38816886,219,4,1730194,1730199,38816886,37086687,37086692,2335308,34751384,32,320,0
38990067,442,4,2058959,2058992,38990067,36931075,36931108,2396202,34534906,29,1160,0
39060064,345,1,1838551,1838551,39060064,37221513,37221513,9236024,27985489,49,2940,0
39227611,357,1,1838671,1838671,39227611,37388940,37388940,9445737,27943203,43,860,0
39471249,888,4,3890313,3890317,39471249,35580932,35580936,2504794,33076142,25,750,0
39538713,1023,4,5654150,5654150,39538713,33884563,33884563,2332009,31552554,22,440,0
39635436,1132,4,6691803,6692522,39635436,32942914,32943633,2389116,30554517,23,1380,0
39801512,282,2,1829727,1829727,39801512,37971785,37971785,4886562,33085223,54,1620,0
39802266,416,4,2058789,2058826,39802266,37743440,37743477,2390672,35352805,37,1480,0
39924274,502,4,2230333,2230333,39924274,37693941,37693941,2517777,35176164,22,1100,0
39942913,930,4,4491994,4491994,39942913,35450919,35450919,2406234,33044685,22,880,0
39949437,939,4,4496493,4496497,39949437,35452940,35452944,2433177,33019767,30,300,0
39966939,955,4,4738023,4738023,39966939,35228916,35228916,2405733,32823183,25,1250,0
40101646,683,1,3027666,3027666,40101646,37073980,37073980,9685005,27388975,93,4650,0
40116350,1052,4,6243393,6243426,40116350,33872924,33872957,2371301,31501656,19,190,0
40415016,678,1,3027647,3027647,40415016,37387369,37387369,9990354,27397015,91,1820,0
40447954,1108,4,6244118,6244118,40447954,34203836,34203836,2452794,31751042,29,1740,0
40584979,1106,4,6244096,6244096,40584979,34340883,34340883,2512024,31828859,32,1280,0
40687349,249,2,1743137,1743137,40687349,38944212,38944212,5023619,33920593,44,2640,0
40758066,754,1,3027930,3027930,40758066,37730136,37730136,9900317,27829819,101,5050,0
41143933,1105,4,6244087,6244087,41143933,34899846,34899846,2838100,32061746,32,320,0
41149981,234,2,1743075,1743075,41149981,39406906,39406906,5009646,34397260,57,2850,0
41440675,178,2,961236,961236,41440675,40479439,40479439,5286579,35192860,63,3780,0
41518901,441,4,2058955,2058983,41518901,39459918,39459946,2576355,36883591,33,1980,0
41770044,257,2,1743187,1743187,41770044,40026857,40026857,5352141,34674716,41,2050,0
41835499,499,4,2230315,2230315,41835499,39605184,39605184,2643956,36961228,32,1600,0
41890489,509,4,2230364,2230364,41890489,39660125,39660125,2668349,36991776,35,700,0
42124236,694,1,3027709,3027709,42124236,39096527,39096527,10226242,28870285,102,4080,0
42268934,924,4,4442572,4443293,42268934,37825641,37826362,2660596,35165766,24,960,0
42281643,1085,4,6243835,6243835,42281643,36037808,36037808,2531966,33505842,30,300,0
42489635,107,2,960985,960997,42489635,41528638,41528650,5607708,35920942,63,1260,0
42520247,184,2,961256,961256,42520247,41558991,41558991,5442415,36116576,65,1300,0
42523787,241,2,1743106,1743106,42523787,40780681,40780681,5379913,35400768,42,1680,0
42589258,590,1,3027031,3027031,42589258,39562227,39562227,10562162,29000065,71,710,0
42840922,188,2,961270,961270,42840922,41879652,41879652,5717927,36161725,54,2160,0
42966558,580,8,2831121,2831155,42966558,40135403,40135437,1487822,38647615,18,900,0
42990086,942,4,4496505,4496505,42990086,38493581,38493581,2705007,35788574,28,560,0
43146348,1000,4,5564814,5564816,43146348,37581532,37581534,2813917,34767617,27,1080,0
43257752,1060,4,6243513,6243576,43257752,37014176,37014239,2778417,34235822,40,800,0
43301723,68,2,769058,769058,43301723,42532665,42532665,5543106,36989559,57,1140,0
43602213,784,1,3028008,3028008,43602213,40574205,40574205,11137876,29436329,88,5280,0
43696882,325,1,1838320,1838320,43696882,41858562,41858562,11357669,30500893,72,1440,0
43709928,506,4,2230350,2230350,43709928,41479578,41479578,2767009,38712569,30,1200,0
43716803,516,4,2230395,2230395,43716803,41486408,41486408,2763646,38722762,26,780,0
43840438,370,1,1838817,1838817,43840438,42001621,42001621,11255223,30746398,66,1980,0
43916635,545,4,2394782,2394785,43916635,41521850,41521853,2873860,38647993,31,1860,0
44069599,742,1,3027900,3027900,44069599,41041699,41041699,11375593,29666106,104,1040,0
44106961,744,1,3027906,3027906,44106961,41079055,41079055,11406248,29672807,70,2800,0
44314943,870,4,3721566,3723651,44314943,40591292,40593377,3009125,37584252,22,440,0
44432146,1001,4,5564815,5564836,44432146,38867310,38867331,2931454,35935877,31,1550,0
44689722,1122,4,6244347,6244347,44689722,38445375,38445375,3034805,35410570,36,360,0
44883150,39,4,291300,291300,44883150,44591850,44591850,3349075,41242775,23,690,0
45155855,161,2,961178,961178,45155855,44194677,44194677,6321555,37873122,55,3300,0
45283807,214,4,1730146,1730146,45283807,43553661,43553661,3033972,40519689,31,1240,0
45953128,213,2,961366,961366,45953128,44991762,44991762,6576909,38414853,56,2240,0
46329171,189,2,961273,961273,46329171,45367898,45367898,7191707,38176191,56,3360,0
46499916,452,4,2059065,2059065,46499916,44440851,44440851,3156304,41284547,34,1360,0
46560628,473,4,2230215,2230226,46560628,44330402,44330413,3014085,41316328,44,880,0
46731792,503,4,2230336,2230336,46731792,44501456,44501456,3100586,41400870,30,900,0
47004971,448,4,2059015,2059015,47004971,44945956,44945956,3659726,41286230,27,810,0
47296634,245,2,1743121,1743121,47296634,45553513,45553513,7141668,38411845,46,1840,0
47364209,331,1,1838389,1838389,47364209,45525820,45525820,13502189,32023631,84,3360,0
47428621,548,4,2394792,2394796,47428621,45033825,45033829,3459851,41573978,32,960,0
47627559,586,8,2944809,2944809,47627559,44682750,44682750,1785152,42897598,17,170,0
47646955,340,1,1838492,1838492,47646955,45808463,45808463,13410412,32398051,79,4740,0
47669610,743,1,3027903,3027903,47669610,44641707,44641707,11661639,32980068,107,1070,0
47738100,929,4,4491989,4491989,47738100,43246111,43246111,3193847,40052264,30,1800,0
47806572,767,1,3027969,3027969,47806572,44778603,44778603,11835233,32943370,95,2850,0
47845749,778,1,3027993,3027993,47845749,44817756,44817756,11870304,32947452,96,1920,0
48054510,717,1,3027850,3027850,48054510,45026660,45026660,12036657,32990003,101,2020,0
48417044,662,1,3027607,3027607,48417044,45389437,45389437,12616278,32773159,89,4450,0
48631903,1018,4,5641074,5641880,48631903,42990023,42990829,3108069,39882760,25,1500,0
48736344,1025,4,5654159,5654174,48736344,43082170,43082185,3447081,39635104,22,1320,0
48852517,1103,4,6244067,6244067,48852517,42608450,42608450,3157323,39451127,33,1320,0
49372982,751,1,3027923,3027923,49372982,46345059,46345059,13302256,33042803,104,5200,0
49593325,710,1,3027739,3027739,49593325,46565586,46565586,13584084,32981502,100,2000,0
49864159,183,2,961253,961253,49864159,48902906,48902906,7405397,41497509,63,3780,0
50294415,201,2,961315,961315,50294415,49333100,49333100,7655866,41677234,60,2400,0
50432853,584,8,2867843,2867843,50432853,47565010,47565010,1923475,45641535,24,1200,0
50868098,546,4,2394785,2394789,50868098,48473309,48473313,4024117,44449196,33,990,0
51033745,645,1,3027511,3027511,51033745,48006234,48006234,14400888,33605346,85,2550,0
51329647,663,1,3027610,3027610,51329647,48302037,48302037,14689346,33612691,100,2000,0
51333331,206,2,961336,961336,51333331,50371995,50371995,7664165,42707830,59,1180,0
51378766,274,2,1829691,1829691,51378766,49549075,49549075,7629659,41919416,69,2760,0
51940483,271,2,1829671,1829671,51940483,50110812,50110812,8020533,42090279,55,1650,0
52066490,518,4,2230401,2230401,52066490,49836089,49836089,3803504,46032585,36,2160,0
52323537,374,1,1838858,1838858,52323537,50484679,50484679,15170441,35314238,86,860,0
52770384,690,1,3027690,3027690,52770384,49742694,49742694,15205752,34536942,104,4160,0
52838014,1027,4,5654167,5654182,52838014,47183832,47183847,3697559,43486288,24,960,0
52840962,687,1,3027680,3027680,52840962,49813282,49813282,15203688,34609594,101,3030,0
52884562,750,1,3027923,3027923,52884562,49856639,49856639,15251975,34604664,106,4240,0
52889910,618,1,3027241,3027241,52889910,49862669,49862669,15037118,34825551,96,960,0
52904085,971,4,4869966,4869970,52904085,48034115,48034119,3766224,44267895,29,1160,0
53206297,963,4,4869525,4869530,53206297,48336767,48336772,4206838,44129934,31,620,0
53490790,82,4,810548,810564,53490790,52680226,52680242,4235980,48444262,30,1800,0
53517986,390,1,1839020,1839020,53517986,51678966,51678966,15817742,35861224,58,2320,0
53802149,591,1,3027043,3027043,53802149,50775106,50775106,16006929,34768177,81,1620,0
54006603,150,2,961140,961140,54006603,53045463,53045463,8589837,44455626,59,2950,0
54862954,430,4,2058882,2058938,54862954,52804016,52804072,5029553,47774519,35,1750,0
55353274,493,4,2230287,2230287,55353274,53122987,53122987,4486083,48636904,30,1200,0
55370585,731,1,3027877,3027877,55370585,52342708,52342708,16422529,35920179,101,3030,0
55460924,1003,4,5564821,5565641,55460924,49895283,49896103,4053883,45842220,38,1520,0
55578623,997,4,5564794,5564794,55578623,50013829,50013829,4138874,45874955,31,1240,0
55673731,631,1,3027329,3027329,55673731,52646402,52646402,16472151,36174251,84,3360,0
55720214,747,1,3027915,3027915,55720214,52692299,52692299,16766349,35925950,101,4040,0
55753267,626,1,3027290,3027290,55753267,52725977,52725977,16551178,36174799,90,2700,0
55921787,87,4,810619,810624,55921787,55111163,55111168,4486215,50624953,38,1900,0
55947890,1139,2,7184896,7184896,55947890,48762994,48762994,8390770,40372224,55,1650,0
56691716,612,1,3027177,3027177,56691716,53664539,53664539,17559148,36105391,95,2850,0
56880548,934,4,4492019,4492019,56880548,52388529,52388529,4422244,47966285,28,560,0
57474445,1042,4,6077631,6077631,57474445,51396814,51396814,4891184,46505630,38,1900,0
57514029,187,2,961267,961267,57514029,56552762,56552762,9280612,47272150,68,2040,0
57578481,216,4,1730161,1730161,57578481,55848320,55848320,4492756,51355564,35,1050,0
57721797,123,2,961045,961045,57721797,56760752,56760752,8988097,47772655,79,3950,0
58157267,175,2,961225,961225,58157267,57196042,57196042,9941411,47254631,66,1320,0
58158499,73,2,769100,769100,58158499,57389399,57389399,9494037,47895362,63,2520,0
58262777,400,2,1900669,1900719,58262777,56362058,56362108,9412937,46949171,54,540,0
58411708,526,4,2230439,2230439,58411708,56181269,56181269,4619370,51561899,40,800,0
58597637,536,4,2394749,2394752,58597637,56202885,56202888,4680080,51522808,31,1860,0
59354980,528,4,2394716,2394716,59354980,56960264,56960264,5586750,51373514,32,960,0
59474391,864,4,3721545,3721582,59474391,55752809,55752846,4555438,51197408,28,280,0
59534033,900,4,3916193,3920126,59534033,55613907,55617840,4691472,50926368,34,680,0
59865265,862,4,3721533,3721571,59865265,56143694,56143732,4966663,51177069,39,1950,0
60115104,1045,4,6243288,6243329,60115104,53871775,53871816,5071808,48800008,36,360,0
60905754,94,2,960936,960939,60905754,59944815,59944818,10943195,49001623,67,2010,0
60990876,412,4,1911159,1926615,60990876,59064261,59079717,5082434,53997283,37,1480,0
61124588,176,2,961229,961229,61124588,60163359,60163359,10180764,49982595,72,3600,0
61137754,696,1,3027713,3027713,61137754,58110041,58110041,19551090,38558951,108,2160,0
61264179,209,2,961346,961346,61264179,60302833,60302833,10389843,49912990,60,1200,0
61497875,203,2,961325,961325,61497875,60536550,60536550,10622015,49914535,64,2560,0
61499542,250,2,1743140,1743140,61499542,59756402,59756402,10444677,49311725,54,1080,0
61635327,458,4,2059105,2059105,61635327,59576222,59576222,5377425,54198797,39,1560,0
61788623,465,4,2230187,2230194,61788623,59558429,59558436,5269355,54289081,41,1640,0
62193075,682,1,3027662,3027662,62193075,59165413,59165413,20402440,38762973,102,1020,0
62502238,958,4,4760861,4760861,62502238,57741377,57741377,5238208,52503169,36,1080,0
62643512,706,1,3027731,3027731,62643512,59615781,59615781,20671255,38944526,107,5350,0
63139204,668,1,3027628,3027628,63139204,60111576,60111576,21506578,38604998,80,1600,0
63699540,173,2,961218,961218,63699540,62738322,62738322,11238569,51499753,64,3840,0
63742318,103,2,960971,960981,63742318,62781337,62781347,11306132,51475215,76,3800,0
63748381,236,2,1743083,1743083,63748381,62005298,62005298,10646591,51358707,61,3660,0
64042031,211,2,961356,961356,64042031,63080675,63080675,10974742,52105933,56,2240,0
64401591,99,2,960956,960968,64401591,63440623,63440635,12001051,51439584,77,770,0
64657989,230,2,1743056,1743056,64657989,62914933,62914933,11594602,51320331,66,3300,0
64916401,239,2,1743099,1743099,64916401,63173302,63173302,11815905,51357397,67,2010,0
64975760,427,4,2058870,2058920,64975760,62916840,62916890,6236741,56680149,40,1200,0
64995939,136,2,961089,961089,64995939,64034850,64034850,12480310,51554540,69,1380,0
65119278,231,2,1743063,1743063,65119278,63376215,63376215,12029384,51346831,64,3840,0
65357170,432,4,2058893,2058946,65357170,63298224,63298277,5766132,57532145,36,1440,0
66138097,164,2,961188,961188,66138097,65176909,65176909,13697518,51479391,62,3100,0
66246536,436,4,2058934,2058959,66246536,64187577,64187602,6245570,57942032,31,310,0
66293253,449,4,2059019,2059019,66293253,64234234,64234234,5532127,58702107,39,780,0
66299435,158,2,961168,961168,66299435,65338267,65338267,13809315,51528952,70,4200,0
66406856,403,2,1900746,1900788,66406856,64506068,64506110,12958633,51547477,49,1960,0
66513043,185,2,961259,961259,66513043,65551784,65551784,14027203,51524581,66,3960,0
66675815,190,2,961277,961277,66675815,65714538,65714538,14137107,51577431,64,2560,0
66723027,443,4,2058968,2058992,66723027,64664035,64664059,5983690,58680369,40,1200,0
66787966,244,2,1743118,1743118,66787966,65044848,65044848,13763490,51281358,56,3360,0
67456920,277,2,1829702,1829702,67456920,65627218,65627218,14004745,51622473,67,670,0
67704967,204,2,961329,961329,67704967,66743638,66743638,14632416,52111222,62,3720,0
67948716,462,4,2230177,2230177,67948716,65718539,65718539,7178929,58539610,42,840,0
68662715,471,4,2230208,2230219,68662715,66432496,66432507,7623810,58808697,36,1440,0
69089850,619,1,3027259,3027259,69089850,66062591,66062591,21731511,44331080,101,2020,0
69179024,654,1,3027580,3027580,69179024,66151444,66151444,21606481,44544963,90,4500,0
69250351,543,4,2394774,2394778,69250351,66855573,66855577,6729009,60126568,41,410,0
69442809,383,1,1838952,1838952,69442809,67603857,67603857,27171404,40432453,57,2280,0
69635769,869,4,3721563,3722380,69635769,65913389,65914206,5877882,60036324,37,740,0
69785142,550,4,2394800,2394804,69785142,67390338,67390342,7263645,60126697,32,1600,0
70576724,867,4,3721556,3722380,70576724,66854344,66855168,6907628,59947540,36,1440,0
70792731,688,1,3027681,3027681,70792731,67765050,67765050,22880474,44884576,98,980,0
70944267,596,1,3027073,3027073,70944267,67917194,67917194,23610870,44306324,93,3720,0
71095656,1009,4,5640885,5640943,71095656,65454713,65454771,6693205,58761566,37,740,0
71154437,785,1,3028012,3028012,71154437,68126425,68126425,23760525,44365900,108,5400,0
71273664,610,1,3027164,3027164,71273664,68246500,68246500,23943297,44303203,97,1940,0
71612074,670,1,3027631,3027631,71612074,68584443,68584443,23870780,44713663,93,4650,0
71882943,728,1,3027872,3027872,71882943,68855071,68855071,23968300,44886771,108,5400,0
72070829,611,1,3027172,3027172,72070829,69043657,69043657,24781456,44262201,91,3640,0
72741084,1066,4,6243588,6243644,72741084,66497440,66497496,7348318,59149178,45,1800,0
73153836,762,1,3027957,3027957,73153836,70125879,70125879,25757153,44368726,105,2100,0
73257183,588,1,3027017,3027017,73257183,70230166,70230166,29315109,40915057,91,910,0
73351203,40,4,291309,291309,73351203,73059894,73059894,9294745,63765149,29,580,0
73421080,52,4,510176,510176,73421080,72910904,72910904,9046555,63864349,35,1750,0
73833268,758,1,3027939,3027939,73833268,70805329,70805329,25911695,44893634,79,3160,0
74032525,77,4,810498,810513,74032525,73222012,73222027,8687549,64534478,40,800,0
74098437,78,4,810513,810521,74098437,73287916,73287924,8717369,64570555,43,430,0
74429714,632,1,3027344,3027344,74429714,71402370,71402370,27069565,44332805,98,5880,0
74430128,127,2,961058,961058,74430128,73469070,73469070,16265970,57203100,68,680,0
74450027,635,1,3027354,3027354,74450027,71422673,71422673,27096646,44326027,101,2020,0
74655319,207,2,961339,961339,74655319,73693980,73693980,15448626,58245354,63,1890,0
74875040,760,1,3027949,3027949,74875040,71847091,71847091,26946758,44900333,102,3060,0
74983222,114,2,961011,961019,74983222,74022203,74022211,16801492,57220719,73,1460,0
74995206,115,2,961015,961023,74995206,74034183,74034191,16813469,57220722,85,5100,0
75025133,109,2,960993,961004,75025133,74064129,74064140,17273063,56791077,76,1520,0
75596014,1033,1,6032619,6032619,75596014,69563395,69563395,27871187,41692208,88,5280,0
75773661,95,2,960939,960939,75773661,74812722,74812722,18214782,56597940,78,1560,0
75931113,677,1,3027645,3027645,75931113,72903468,72903468,28519602,44383866,100,1000,0
75978061,459,4,2059109,2059109,75978061,73918952,73918952,8284086,65634866,41,1640,0
76361900,437,4,2058938,2058959,76361900,74302941,74302962,9354512,64948450,32,640,0
76498614,468,4,2230198,2230208,76498614,74268406,74268416,7366107,66902309,46,920,0
77280108,487,4,2230265,2230273,77280108,75049835,75049843,8189519,66860324,50,2000,0
77333753,514,4,2230385,2230385,77333753,75103368,75103368,7311334,67792034,35,700,0
77503423,481,4,2230245,2230255,77503423,75273168,75273178,8737874,66535304,42,1260,0
77693330,549,4,2394796,2394800,77693330,75298530,75298534,7687561,67610973,40,800,0
78082955,537,4,2394752,2394756,78082955,75688199,75688203,8096588,67591615,33,1980,0
79287109,748,1,3027919,3027919,79287109,76259190,76259190,30570195,45688995,110,4400,0
79720412,1133,2,7184850,7184850,79720412,72535562,72535562,15003698,57531864,61,3050,0
80338187,1047,4,6243319,6243360,80338187,74094827,74094868,8147740,65947128,41,1230,0
81321251,865,4,3721548,3721582,81321251,77599669,77599703,9253575,68346128,40,1600,0
81682095,1030,4,5654182,5655598,81682095,76026497,76027913,9259228,66768685,25,1000,0
81832887,36,4,291278,291278,81832887,81541609,81541609,10288513,71253096,30,300,0
82049570,166,2,961194,961194,82049570,81088376,81088376,19098834,61989542,65,2600,0
82051026,1130,4,6691785,6691799,82051026,75359227,75359241,8325806,67033435,38,2280,0
82436052,90,4,810916,810994,82436052,81625058,81625136,10509017,71116119,40,800,0
82819261,222,4,1730215,1730223,82819261,81089038,81089046,9883630,71205416,45,1350,0
82890435,129,2,961065,961065,82890435,81929370,81929370,20250389,61678981,75,2250,0
83762744,179,2,961239,961239,83762744,82801505,82801505,20851722,61949783,75,3000,0
84541120,48,4,343968,343968,84541120,84197152,84197152,12331341,71865811,30,600,0
85008200,1038,1,6032653,6032653,85008200,78975547,78975547,35925899,43049648,86,1720,0
85215231,88,4,810624,810916,85215231,84404315,84404607,12980336,71424271,40,2400,0
85669656,221,4,1730202,1730216,85669656,83939440,83939454,13116159,70823295,39,1560,0
85812089,745,1,3027908,3027908,85812089,82784181,82784181,37088907,45695274,78,780,0
85897435,98,2,960951,960964,85897435,84936471,84936484,23781664,61154820,77,770,0
85933060,191,2,961280,961280,85933060,84971780,84971780,23107041,61864739,71,4260,0
87012776,431,4,2058890,2058942,87012776,84953834,84953886,11426516,73527370,42,840,0
87416233,428,4,2058874,2058929,87416233,85357304,85357359,12514537,72842822,43,1290,0
87582591,51,4,343999,343999,87582591,87238592,87238592,15386853,71851739,27,540,0
88014296,594,1,3027065,3027065,88014296,84987231,84987231,39459291,45527940,110,5500,0
88094549,486,4,2230262,2230269,88094549,85864280,85864287,10969072,74895215,51,1020,0
88146847,67,2,769021,769021,88146847,87377826,87377826,27316089,60061737,66,1320,0
90284556,84,4,810573,810588,90284556,89473968,89473983,18091594,71382389,40,1600,0
90566193,197,2,961301,961301,90566193,89604892,89604892,27890298,61714594,70,3500,0
90922809,110,2,960997,961004,90922809,89961805,89961812,28346190,61615622,79,1580,0
91551675,488,4,2230269,2230277,91551675,89321398,89321406,13617910,75703496,44,2640,0
91634001,405,2,1900788,1900833,91634001,89733168,89733213,28883676,60849537,57,2280,0
91831434,155,2,961157,961157,91831434,90870277,90870277,29222951,61647326,59,3540,0
91995643,217,4,1730177,1730177,91995643,90265466,90265466,19662589,70602877,39,1950,0
92827157,50,4,343996,343996,92827157,92483161,92483161,20595407,71887754,29,1740,0
93264339,254,2,1743163,1743163,93264339,91521176,91521176,30768893,60752283,58,2900,0
93632966,440,4,2058951,2058983,93632966,91573983,91574015,17676091,73897924,40,800,0
93653561,80,4,810528,810542,93653561,92843019,92843033,21473827,71369206,42,1680,0
93711151,454,4,2059076,2059076,93711151,91652075,91652075,16282715,75369360,38,760,0
95461805,519,4,2230405,2230405,95461805,93231400,93231400,13270001,79961399,40,2000,0
96246747,492,4,2230283,2230287,96246747,94016460,94016464,18309038,75707426,44,1760,0
97916809,81,4,810542,810548,97916809,97106261,97106267,25724720,71381547,36,1080,0
98325733,149,2,961136,961136,98325733,97364597,97364597,35714321,61650276,60,600,0
98873466,220,4,1730199,1730202,98873466,97143264,97143267,26324334,70818933,40,1600,0
99617197,75,2,769128,769128,99617197,98848069,98848069,37166405,61681664,61,1220,0
100193291,460,4,2059129,2059129,100193291,98134162,98134162,22651979,75482183,38,2280,0
100325762,134,2,961082,961082,100325762,99364680,99364680,37728469,61636211,73,730,0
100565284,570,8,2778450,2778466,100565284,97786818,97786834,6049087,91737747,22,220,0
100607800,637,1,3027365,3027365,100607800,97580435,97580435,38364030,59216405,100,6000,0
100786153,494,4,2230294,2230294,100786153,98555859,98555859,20589229,77966630,43,430,0
101342169,43,4,291317,291317,101342169,101050852,101050852,29809229,71241623,29,1160,0
101377910,538,4,2394756,2394759,101377910,98983151,98983154,15623173,83359981,38,1520,0
101746407,853,4,3721500,3721529,101746407,98024878,98024907,9851877,88173030,42,1260,0
102042560,533,4,2394735,2394738,102042560,99647822,99647825,18052989,81594836,35,1400,0
102531459,69,2,769060,769060,102531459,101762399,101762399,40079335,61683064,66,1980,0
103411340,625,1,3027282,3027282,103411340,100384058,100384058,42974594,57409464,99,1980,0
103611479,566,8,2764771,2764860,103611479,100846619,100846708,10470550,90376158,29,290,0
104563518,521,4,2230417,2230417,104563518,102333101,102333101,21557398,80775703,40,2400,0
105183732,642,1,3027407,3027407,105183732,102156325,102156325,42960521,59195804,100,3000,0
105217176,554,4,2676502,2697547,105217176,102519629,102540674,17229353,85311321,33,330,0
105327308,167,2,961197,961197,105327308,104366111,104366111,42372279,61993832,69,2070,0
105740761,915,4,4390097,4390097,105740761,101350664,101350664,10841532,90509132,44,880,0
106585870,616,1,3027214,3027214,106585870,103558656,103558656,46392752,57165904,80,2400,0
106629619,262,2,1743212,1743212,106629619,104886407,104886407,43942805,60943602,59,2360,0
107017867,606,1,3027148,3027148,107017867,103990719,103990719,52165593,51825126,106,5300,0
107397736,44,4,343915,343915,107397736,107053821,107053821,35167161,71886660,34,1700,0
107414998,967,4,4869543,4869549,107414998,102545449,102545455,9518159,93027296,38,1900,0
107666547,946,4,4496524,4496532,107666547,103170015,103170023,11537681,91632342,33,330,0
108475975,873,4,3721582,3725277,108475975,104750698,104754393,16461752,88292641,35,700,0
108957392,609,1,3027159,3027159,108957392,105930233,105930233,49401316,56528917,105,4200,0
109852112,667,1,3027625,3027625,109852112,106824487,106824487,47282064,59542423,80,4800,0
109852568,497,4,2230308,2230308,109852568,107622260,107622260,29312116,78310144,50,2000,0
110149142,218,4,1730179,1730194,110149142,108418948,108418963,37592280,70826683,48,480,0
110485532,998,4,5564802,5564814,110485532,104920718,104920730,12381189,92539541,44,1760,0
110495802,904,8,4216605,4216605,110495802,106279197,106279197,12146773,94132424,25,1500,0
110733073,968,4,4869549,4869959,110733073,105863114,105863524,12958005,92905519,37,1480,0
111193562,508,4,2230360,2230360,111193562,108963202,108963202,29237139,79726063,38,1520,0
113512913,444,4,2058983,2058992,113512913,111453921,111453930,37293799,74160131,42,2520,0
113630136,608,1,3027156,3027156,113630136,110602980,110602980,53987418,56615562,105,6300,0
114017195,420,4,2058826,2058862,114017195,111958333,111958369,41056182,70902187,44,440,0
114165998,704,1,3027727,3027727,114165998,111138271,111138271,51127227,60011044,105,2100,0
114473887,923,4,4442568,4442572,114473887,110031315,110031319,18908534,91122785,36,720,0
115043135,1073,4,6243683,6243713,115043135,108799422,108799452,10123043,98676409,39,2340,0
117049306,1004,4,5564821,5565641,117049306,111483665,111484485,16834616,94649869,46,1840,0
117584537,46,4,343923,343923,117584537,117240614,117240614,45344643,71895971,30,900,0
117750033,527,4,2230442,2230442,117750033,115519591,115519591,33832112,81687479,36,1440,0
118835837,1055,4,6243426,6243469,118835837,112592368,112592411,14822207,97770204,44,2200,0
118946761,1021,4,5641113,5649801,118946761,113296960,113305648,18006426,95299222,39,1170,0
118975404,450,4,2059028,2059028,118975404,116916376,116916376,41548600,75367776,37,740,0
119857867,641,1,3027403,3027403,119857867,116830464,116830464,57609135,59221329,103,3090,0
120512292,419,4,2058810,2058855,120512292,118453437,118453482,47962007,70491475,39,2340,0
120910376,1064,4,6243565,6243609,120910376,114666767,114666811,16341248,98325563,47,1880,0
121190145,1058,4,6243469,6243545,121190145,114946600,114946676,17059150,97887526,37,1480,0
122106138,276,2,1829698,1829698,122106138,120276440,120276440,59501252,60775188,52,1040,0
122468767,628,1,3027310,3027310,122468767,119441457,119441457,60223891,59217566,99,2970,0
122592579,498,4,2230311,2230311,122592579,120362268,120362268,41346462,79015806,49,1470,0
123058001,547,4,2394789,2394792,123058001,120663209,120663212,36511330,84151882,37,1110,0
123119650,684,1,3027667,3027667,123119650,120091983,120091983,60238097,59853886,108,2160,0
123911493,1012,4,5640904,5641064,123911493,118270429,118270589,22890874,95379715,37,370,0
124410134,1127,4,6691429,6691429,124410134,117718705,117718705,16357315,101361390,39,2340,0
124484437,1008,4,5564840,5640921,124484437,118843516,118919597,23755884,95163713,38,760,0
125053929,1123,4,6244357,6244357,125053929,118809572,118809572,17162677,101646895,46,460,0
125190183,139,2,961099,961099,125190183,124229084,124229084,62574808,61654276,71,1420,0
125984461,1043,4,6077643,6078453,125984461,119906008,119906818,24854177,95052641,28,560,0
126207029,646,1,3027514,3027514,126207029,123179515,123179515,63982818,59196697,93,1860,0
127329452,1054,4,6243415,6243446,127329452,121086006,121086037,25634139,95451898,44,1320,0
128547253,907,4,4343650,4343650,128547253,124203603,124203603,35062335,89141268,46,2760,0
132335774,1115,4,6244220,6244220,132335774,126091554,126091554,24982527,101109027,43,2150,0
134025690,1005,4,5564833,5566253,134025690,128459437,128460857,33638540,94822317,43,430,0
134658850,1002,4,5564816,5565641,134658850,129093209,129094034,35814896,93279138,42,2520,0
136680199,1104,4,6244077,6244077,136680199,130436122,130436122,31155250,99280872,45,2700,0
137951967,589,1,3027020,3027020,137951967,134924947,134924947,85970862,48954085,100,6000,0
148851201,664,1,3027613,3027613,148851201,145823588,145823588,86303413,59520175,108,6480,0
151890373,229,2,1743052,1743052,151890373,150147321,150147321,88559572,61587749,65,1950,0
153592653,501,4,2230326,2230326,153592653,151362327,151362327,71717097,79645230,41,1640,0
154880827,461,4,2059136,2059136,154880827,152821691,152821691,78103530,74718161,39,1950,0
154945472,522,4,2230420,2230420,154945472,152715052,152715052,71125881,81589171,43,1720,0
165602665,447,4,2059011,2059011,165602665,163543654,163543654,88158845,75384809,42,840,0
175187077,585,8,2877694,2888270,175187077,172298807,172309383,80053854,92255529,24,240,0
179646271,242,2,1743111,1743111,179646271,177903160,177903160,116131334,61771826,54,540,0
194025308,113,2,961008,961015,194025308,193064293,193064300,131445971,61618329,83,4980,0
