time,job_id,num_gpu,submit_time,start_time,end_time,executed_time,JCT,duration,pending_time,preempt,promote
932456,21,4,912416,912416,932456,20040,20040,18842,1198,2,0
985990,41,1,982125,982125,985990,3865,3865,3865,0,0,0
1002141,47,1,993353,993353,1002141,8788,8788,8788,0,0,0
1002245,39,4,963028,963028,1002245,39217,39217,37076,2141,3,0
1005484,53,1,1003841,1003841,1005484,1643,1643,1643,0,0,0
1009393,58,1,1007947,1007947,1009393,1446,1446,1446,0,0,0
1012535,57,1,1006297,1006297,1012535,6238,6238,6238,0,0,0
1014237,42,4,989813,989813,1014237,24424,24424,17966,6458,3,0
1025289,64,4,1023510,1023510,1025289,1779,1779,1779,0,0,0
1040389,18,1,906242,906242,1040389,134147,134147,133333,814,1,0
1045986,63,1,1022908,1022908,1045986,23078,23078,21721,1357,1,0
1050491,49,4,999486,999486,1050491,51005,51005,23072,27933,4,0
1059552,22,4,912464,912464,1059552,147088,147088,145076,2012,3,0
1087127,86,1,1078349,1078349,1087127,8778,8778,8628,150,1,0
1116292,1,8,336541,336541,1116292,779751,779751,779751,0,0,0
1128313,91,1,1083560,1083560,1128313,44753,44753,31071,13682,4,0
1129450,17,1,906050,906050,1129450,223400,223400,223400,0,0,0
1151949,54,1,1004148,1004148,1151949,147801,147801,146329,1472,3,0
1182724,130,1,1158164,1158164,1182724,24560,24560,15852,8708,2,0
1185003,131,1,1158343,1158343,1185003,26660,26660,16350,10310,2,0
1191029,95,1,1093901,1093901,1191029,97128,97128,90084,7044,4,0
1204837,76,1,1058834,1058834,1204837,146003,146003,145090,913,3,0
1237035,177,1,1234963,1234963,1237035,2072,2072,2072,0,0,0
1252815,20,4,912363,912363,1252815,340452,340452,339638,814,1,0
1254192,111,1,1099017,1099017,1254192,155175,155175,86974,68201,3,0
1279033,72,1,1030698,1030698,1279033,248335,248335,244449,3886,3,0
1286538,89,1,1078558,1078558,1286538,207980,207980,188501,19479,9,0
1303089,140,1,1161628,1161628,1303089,141461,141461,89054,52407,17,0
1327421,228,8,1326576,1326576,1327421,845,845,845,0,0,0
1333347,133,1,1161506,1161506,1333347,171841,171841,149480,22361,16,0
1334618,142,1,1165251,1165251,1334618,169367,169367,108996,60371,16,0
1416312,151,1,1165398,1165398,1416312,250914,250914,60816,190098,10,0
1446946,88,2,1078520,1078520,1446946,368426,368426,219464,148962,30,0
1453768,92,1,1087027,1087027,1453768,366741,366741,354382,12359,10,0
1466925,259,4,1466312,1466312,1466925,613,613,613,0,0,0
1535086,15,4,884079,884079,1535086,651007,651007,651007,0,0,0
1548892,87,1,1078499,1078499,1548892,470393,470393,458795,11598,11,0
1556847,48,1,996568,996568,1556847,560279,560279,559872,407,1,0
1568337,51,1,999843,999843,1568337,568494,568494,565576,2918,4,0
1585854,280,8,1584868,1584868,1585854,986,986,986,0,0,0
1594531,283,1,1590920,1590920,1594531,3611,3611,3611,0,0,0
1594878,291,1,1593034,1593034,1594878,1844,1844,1844,0,0,0
1596522,286,1,1592992,1592992,1596522,3530,3530,3530,0,0,0
1597537,82,1,1064215,1064215,1597537,533322,533322,526972,6350,7,0
1610039,341,1,1609030,1609030,1610039,1009,1009,1009,0,0,0
1610482,347,1,1609092,1609092,1610482,1390,1390,1390,0,0,0
1610589,315,1,1608786,1608786,1610589,1803,1803,1803,0,0,0
1610733,343,1,1609064,1609064,1610733,1669,1669,1669,0,0,0
1610819,328,1,1608902,1608902,1610819,1917,1917,1917,0,0,0
1610975,314,1,1608778,1608778,1610975,2197,2197,2197,0,0,0
1611187,313,1,1608770,1608770,1611187,2417,2417,2417,0,0,0
1612162,310,1,1608397,1608397,1612162,3765,3765,3765,0,0,0
1612396,321,1,1608835,1608835,1612396,3561,3561,3561,0,0,0
1614091,348,1,1609100,1609100,1614091,4991,4991,4991,0,0,0
1614470,338,1,1609005,1609005,1614470,5465,5465,5465,0,0,0
1616634,354,1,1612763,1612763,1616634,3871,3871,3871,0,0,0
1645619,104,1,1095751,1095751,1645619,549868,549868,508779,41089,9,0
1664870,363,1,1664264,1664264,1664870,606,606,606,0,0,0
1686293,156,1,1165490,1165490,1686293,520803,520803,116812,403991,12,0
1699291,312,1,1608762,1608762,1699291,90529,90529,7370,83159,1,0
1700941,289,1,1593019,1593019,1700941,107922,107922,9269,98653,1,0
1701314,290,1,1593027,1593027,1701314,108287,108287,9593,98694,1,0
1702890,235,1,1365390,1365390,1702890,337500,337500,11332,326168,1,0
1703781,159,1,1165542,1165542,1703781,538239,538239,105178,433061,12,0
1708761,112,1,1099054,1099054,1708761,609707,609707,521221,88486,10,0
1710171,320,1,1608828,1608828,1710171,101343,101343,18137,83206,1,0
1726285,288,1,1593012,1593012,1726285,133273,133273,34633,98640,1,0
1728715,309,1,1608348,1608348,1728715,120367,120367,36150,84217,2,0
1732278,137,1,1161592,1161592,1732278,570686,570686,513449,57237,31,0
1733410,196,1,1252909,1252909,1733410,480501,480501,41978,438523,1,0
1737266,337,1,1608998,1608998,1737266,128268,128268,14494,113774,2,0
1741791,334,1,1608974,1608974,1741791,132817,132817,26337,106480,5,0
1744150,318,1,1608814,1608814,1744150,135336,135336,51061,84275,2,0
1744486,332,1,1608935,1608935,1744486,135551,135551,39584,95967,6,0
1744858,135,1,1161554,1161554,1744858,583304,583304,532683,50621,28,0
1745295,323,1,1608850,1608850,1745295,136445,136445,50559,85886,3,0
1746631,295,1,1593071,1593071,1746631,153560,153560,54831,98729,1,0
1750647,336,1,1608991,1608991,1750647,141656,141656,29048,112608,3,0
1754238,333,1,1608942,1608942,1754238,145296,145296,40348,104948,5,0
1757257,339,1,1609014,1609014,1757257,148243,148243,30922,117321,2,0
1761796,287,1,1593003,1593003,1761796,168793,168793,70162,98631,1,0
1762421,40,1,981636,981636,1762421,780785,780785,779201,1584,6,0
1767650,317,1,1608801,1608801,1767650,158849,158849,74605,84244,2,0
1767752,351,1,1609140,1609140,1767752,158612,158612,25843,132769,2,0
1771647,346,1,1609085,1609085,1771647,162562,162562,34361,128201,1,0
1775453,349,1,1609126,1609126,1775453,166327,166327,37675,128652,2,0
1776208,484,4,1775797,1775797,1776208,411,411,411,0,0,0
1784752,285,1,1592985,1592985,1784752,191767,191767,93141,98626,1,0
1798454,182,1,1244100,1244100,1798454,554354,554354,107201,447153,1,0
1798789,322,1,1608843,1608843,1798789,189946,189946,105653,84293,2,0
1802403,366,1,1678208,1678208,1802403,124195,124195,24851,99344,1,0
1814467,215,1,1280138,1280138,1814467,534329,534329,122955,411374,1,0
1828787,191,1,1251322,1251322,1828787,577465,577465,137374,440091,1,0
1832264,327,1,1608894,1608894,1832264,223370,223370,133730,89640,5,0
1837636,344,1,1609071,1609071,1837636,228565,228565,101992,126573,3,0
1843057,129,1,1157802,1157802,1843057,685255,685255,653007,32248,14,0
1844154,319,1,1608822,1608822,1844154,235332,235332,151052,84280,2,0
1844326,490,4,1842655,1842655,1844326,1671,1671,1671,0,0,0
1845922,127,1,1152816,1152816,1845922,693106,693106,656734,36372,12,0
1846427,186,1,1245315,1245315,1846427,601112,601112,155118,445994,1,0
1883777,138,1,1161607,1161607,1883777,722170,722170,657531,64639,30,0
1902014,330,1,1608921,1608921,1902014,293093,293093,198995,94098,6,0
1912589,335,1,1608983,1608983,1912589,303606,303606,194981,108625,6,0
1915964,77,1,1061017,1061017,1915964,854947,854947,845500,9447,7,0
1927842,520,4,1925297,1925297,1927842,2545,2545,2545,0,0,0
1932418,294,1,1593064,1593064,1932418,339354,339354,240635,98719,1,0
1936265,357,1,1634921,1634921,1936265,301344,301344,182067,119277,7,0
1947475,372,1,1690262,1690262,1947475,257213,257213,102221,154992,13,0
1947903,284,1,1592975,1592975,1947903,354928,354928,256309,98619,1,0
1948035,532,1,1944973,1944973,1948035,3062,3062,3062,0,0,0
1948370,329,1,1608914,1608914,1948370,339456,339456,247724,91732,6,0
1951433,367,1,1685457,1685457,1951433,265976,265976,147735,118241,11,0
1962953,292,1,1593050,1593050,1962953,369903,369903,271209,98694,1,0
1964075,160,1,1167323,1167323,1964075,796752,796752,360147,436605,12,0
1966465,311,1,1608755,1608755,1966465,357710,357710,273838,83872,2,0
1967158,552,1,1966322,1966322,1967158,836,836,836,0,0,0
1967849,551,1,1966298,1966298,1967849,1551,1551,1551,0,0,0
1970156,345,1,1609078,1609078,1970156,361078,361078,230792,130286,4,0
1971415,352,1,1609148,1609148,1971415,362267,362267,221668,140599,6,0
1971635,316,1,1608793,1608793,1971635,362842,362842,278817,84025,2,0
1975260,556,1,1974128,1974128,1975260,1132,1132,1132,0,0,0
2001566,168,1,1178118,1178118,2001566,823448,823448,310647,512801,1,0
2004873,165,1,1167735,1167735,2004873,837138,837138,313967,523171,1,0
2010095,603,1,2008146,2008146,2010095,1949,1949,1949,0,0,0
2011072,613,1,2008386,2008386,2011072,2686,2686,2686,0,0,0
2011731,597,1,2007995,2007995,2011731,3736,3736,3736,0,0,0
2025232,342,1,1609055,1609055,2025232,416177,416177,288709,127468,7,0
2038254,326,1,1608886,1608886,2038254,429368,429368,339505,89863,7,0
2071166,382,1,1690688,1690688,2071166,380478,380478,102298,278180,12,0
2077275,385,1,1690711,1690711,2077275,386564,386564,99401,287163,7,0
2077851,384,1,1690704,1690704,2077851,387147,387147,102197,284950,9,0
2092179,394,1,1690772,1690772,2092179,401407,401407,85730,315677,2,0
2108453,157,1,1165508,1165508,2108453,942945,942945,523606,419339,13,0
2109685,293,1,1593057,1593057,2109685,516628,516628,416508,100120,2,0
2131149,255,1,1450085,1450085,2131149,681064,681064,438178,242886,2,0
2170514,324,1,1608857,1608857,2170514,561657,561657,472086,89571,7,0
2172189,143,1,1165268,1165268,2172189,1006921,1006921,904899,102022,30,0
2176341,101,1,1095578,1095578,2176341,1080763,1080763,1046718,34045,9,0
2188604,649,4,2186327,2186327,2188604,2277,2277,2277,0,0,0
2197640,656,4,2197006,2197006,2197640,634,634,634,0,0,0
2212434,350,1,1609133,1609133,2212434,603301,603301,466146,137155,8,0
2231775,401,1,1690821,1690821,2231775,540954,540954,112753,428201,18,0
2235080,331,1,1608929,1608929,2235080,626151,626151,528275,97876,8,0
2240975,404,1,1690844,1690844,2240975,550131,550131,59287,490844,19,0
2241810,402,1,1690828,1690828,2241810,550982,550982,101870,449112,21,0
2310973,703,1,2308721,2308721,2310973,2252,2252,2252,0,0,0
2313674,406,1,1690857,1690857,2313674,622817,622817,101722,521095,21,0
2321141,234,1,1359082,1359082,2321141,962059,962059,628310,333749,2,0
2323899,713,1,2318623,2318623,2323899,5276,5276,5276,0,0,0
2355462,340,1,1609023,1609023,2355462,746439,746439,623848,122591,5,0
2395107,227,2,1322871,1322871,2395107,1072236,1072236,609923,462313,16,0
2408245,755,1,2406881,2406881,2408245,1364,1364,1364,0,0,0
2413366,761,1,2410799,2410799,2413366,2567,2567,2567,0,0,0
2476731,187,1,1245511,1245511,2476731,1231220,1231220,783417,447803,3,0
2503358,189,1,1245524,1245524,2503358,1257834,1257834,810009,447825,3,0
2504060,162,1,1167697,1167697,2504060,1336363,1336363,888019,448344,14,0
2504847,407,1,1690862,1690862,2504847,813985,813985,246718,567267,51,0
2524942,389,1,1690738,1690738,2524942,834204,834204,520370,313834,24,0
2532311,816,4,2530447,2530447,2532311,1864,1864,1864,0,0,0
2542963,154,1,1165455,1165455,2542963,1377508,1377508,1048928,328580,19,0
2557947,395,1,1690780,1690780,2557947,867167,867167,520384,346783,27,0
2569241,409,1,1690866,1690866,2569241,878375,878375,268409,609966,48,0
2586169,4,8,543390,543390,2586169,2042779,2042779,2042779,0,0,0
2594336,176,1,1233879,1233879,2594336,1360457,1360457,901824,458633,3,0
2613038,275,2,1560182,1560182,2613038,1052856,1052856,62075,990781,11,0
2682247,2,1,475911,475911,2682247,2206336,2206336,2206336,0,0,0
2689741,325,1,1608864,1608864,2689741,1080877,1080877,990370,90507,8,0
2707656,100,1,1095546,1095546,2707656,1612110,1612110,1589150,22960,11,0
2751756,375,1,1690292,1690292,2751756,1061464,1061464,868900,192564,21,0
2773883,912,4,2771579,2771579,2773883,2304,2304,2304,0,0,0
2777319,190,1,1245696,1245696,2777319,1531623,1531623,1083946,447677,3,0
2796619,429,1,1691284,1691284,2796619,1105335,1105335,108993,996342,14,0
2798791,928,1,2798007,2798007,2798791,784,784,784,0,0,0
2802191,931,1,2801211,2801211,2802191,980,980,980,0,0,0
2802284,927,1,2797842,2797842,2802284,4442,4442,4442,0,0,0
2812025,943,1,2809529,2809529,2812025,2496,2496,2496,0,0,0
2828504,380,1,1690344,1690344,2828504,1138160,1138160,875460,262700,28,0
2831820,204,1,1261278,1261278,2831820,1570542,1570542,1138341,432201,3,0
2832713,962,1,2826624,2826624,2832713,6089,6089,6089,0,0,0
2896538,1015,1,2893482,2893482,2896538,3056,3056,3056,0,0,0
2896584,1014,1,2893452,2893452,2896584,3132,3132,3132,0,0,0
2898663,1022,1,2896131,2896131,2898663,2532,2532,2532,0,0,0
2907505,1026,1,2904303,2904303,2907505,3202,3202,3202,0,0,0
2980310,107,1,1095914,1095914,2980310,1884396,1884396,1803571,80825,10,0
2981728,1048,1,2978540,2978540,2981728,3188,3188,3188,0,0,0
2986093,1053,1,2982970,2982970,2986093,3123,3123,3123,0,0,0
3004118,1069,8,3003144,3003144,3004118,974,974,974,0,0,0
3029136,426,1,1690924,1690924,3029136,1338212,1338212,395020,943192,32,0
3066086,144,1,1165288,1165288,3066086,1900798,1900798,1770151,130647,28,0
3293499,445,1,1691652,1691652,3293499,1601847,1601847,115563,1486284,21,0
3319784,433,1,1691387,1691387,3319784,1628397,1628397,531393,1097004,64,0
3336821,153,1,1165433,1165433,3336821,2171388,2171388,1848303,323085,19,0
3358239,1276,8,3357468,3357468,3358239,771,771,771,0,0,0
3359545,1282,1,3359134,3359134,3359545,411,411,411,0,0,0
3363478,1301,1,3362009,3362009,3363478,1469,1469,1469,0,0,0
3365193,1311,1,3363038,3363038,3365193,2155,2155,2155,0,0,0
3366159,1304,1,3362093,3362093,3366159,4066,4066,4066,0,0,0
3368343,1327,1,3366667,3366667,3368343,1676,1676,1676,0,0,0
3370175,1331,1,3369000,3369000,3370175,1175,1175,1175,0,0,0
3371320,198,1,1254374,1254374,3371320,2116946,2116946,1675834,441112,6,0
3401115,1344,8,3400170,3400170,3401115,945,945,945,0,0,0
3406801,102,1,1095698,1095698,3406801,2311103,2311103,2273631,37472,9,0
3423461,377,1,1690306,1690306,3423461,1733155,1733155,1506156,226999,28,0
3429793,1373,1,3428247,3428247,3429793,1546,1546,1546,0,0,0
3446427,1389,1,3444884,3444884,3446427,1543,1543,1543,0,0,0
3446985,1392,1,3444948,3444948,3446985,2037,2037,2037,0,0,0
3450180,1387,1,3444524,3444524,3450180,5656,5656,5656,0,0,0
3485207,161,1,1167678,1167678,3485207,2317529,2317529,1879245,438284,15,0
3498533,378,1,1690321,1690321,3498533,1808212,1808212,1573224,234988,31,0
3501899,1417,4,3500240,3500240,3501899,1659,1659,1659,0,0,0
3506813,105,1,1095787,1095787,3506813,2411026,2411026,2358114,52912,11,0
3518517,1438,1,3517032,3517032,3518517,1485,1485,1485,0,0,0
3534963,1455,1,3530069,3530069,3534963,4894,4894,4894,0,0,0
3543797,1462,1,3541523,3541523,3543797,2274,2274,2274,0,0,0
3544464,1464,1,3541938,3541938,3544464,2526,2526,2526,0,0,0
3604692,146,1,1165316,1165316,3604692,2439376,2439376,2283312,156064,35,0
3610708,184,1,1245289,1245289,3610708,2365419,2365419,1917802,447617,4,0
3611362,1488,1,3604657,3604657,3611362,6705,6705,6705,0,0,0
3620556,371,1,1690255,1690255,3620556,1930301,1930301,1758303,171998,25,0
3623967,1508,1,3617797,3617797,3623967,6170,6170,6170,0,0,0
3625012,1523,1,3623039,3623039,3625012,1973,1973,1973,0,0,0
3625045,1522,1,3622956,3622956,3625045,2089,2089,2089,0,0,0
3627072,1512,1,3621074,3621074,3627072,5998,5998,5998,0,0,0
3649244,451,1,1691800,1691800,3649244,1957444,1957444,112719,1844725,28,0
3667532,97,1,1095394,1095394,3667532,2572138,2572138,2558233,13905,9,0
3708994,1571,1,3706239,3706239,3708994,2755,2755,2755,0,0,0
3709678,1575,1,3707765,3707765,3709678,1913,1913,1913,0,0,0
3710058,1577,1,3708089,3708089,3710058,1969,1969,1969,0,0,0
3710484,1578,1,3708232,3708232,3710484,2252,2252,2252,0,0,0
3711127,1583,1,3708635,3708635,3711127,2492,2492,2492,0,0,0
3711349,1581,1,3708485,3708485,3711349,2864,2864,2864,0,0,0
3747340,152,1,1165414,1165414,3747340,2581926,2581926,2286369,295557,21,0
3758039,410,1,1690870,1690870,3758039,2067169,2067169,1421401,645768,80,0
3787070,408,1,1690865,1690865,3787070,2096205,2096205,1476907,619298,80,0
3850972,1659,8,3849649,3849649,3850972,1323,1323,1323,0,0,0
3909377,393,1,1690765,1690765,3909377,2218612,2218612,1861647,356965,43,0
3915975,81,1,1064146,1064146,3915975,2851829,2851829,2840252,11577,9,0
3932832,175,1,1233608,1233608,3932832,2699224,2699224,2240304,458920,4,0
3952064,1686,1,3949869,3949869,3952064,2195,2195,2195,0,0,0
3952093,1687,1,3949952,3949952,3952093,2141,2141,2141,0,0,0
3962841,1708,1,3961673,3961673,3962841,1168,1168,1168,0,0,0
3962993,1706,1,3961531,3961531,3962993,1462,1462,1462,0,0,0
3963023,1710,1,3961834,3961834,3963023,1189,1189,1189,0,0,0
3963489,1700,1,3960993,3960993,3963489,2496,2496,2496,0,0,0
3964516,1711,1,3961903,3961903,3964516,2613,2613,2613,0,0,0
3964752,1695,1,3960326,3960326,3964752,4426,4426,4426,0,0,0
3966751,1696,1,3960736,3960736,3966751,6015,6015,6015,0,0,0
3976979,1721,8,3975795,3975795,3976979,1184,1184,1184,0,0,0
4015133,1727,1,4012586,4012586,4015133,2547,2547,2547,0,0,0
4025873,164,1,1167724,1167724,4025873,2858149,2858149,2363803,494346,7,0
4036959,457,1,1691957,1691957,4036959,2345002,2345002,304226,2040776,43,0
4049596,360,1,1639334,1639334,4049596,2410262,2410262,2276674,133588,17,0
4076623,411,1,1690872,1690872,4076623,2385751,2385751,1727631,658120,80,0
4087843,1767,4,4085795,4085795,4087843,2048,2048,2048,0,0,0
4116060,439,1,1691534,1691534,4116060,2424526,2424526,1073647,1350879,114,0
4126893,1793,1,4124502,4124502,4126893,2391,2391,2391,0,0,0
4127347,1802,1,4126148,4126148,4127347,1199,1199,1199,0,0,0
4127746,1803,1,4126346,4126346,4127746,1400,1400,1400,0,0,0
4188328,1820,4,4187223,4187223,4188328,1105,1105,1105,0,0,0
4205943,1831,1,4204965,4204965,4205943,978,978,978,0,0,0
4248093,1854,1,4241485,4241485,4248093,6608,6608,6608,0,0,0
4263109,1865,1,4260901,4260901,4263109,2208,2208,2208,0,0,0
4269547,106,1,1095885,1095885,4269547,3173662,3173662,3118042,55620,12,0
4284256,132,1,1161486,1161486,4284256,3122770,3122770,3087265,35505,19,0
4296647,1880,1,4292276,4292276,4296647,4371,4371,4371,0,0,0
4320345,1917,1,4313213,4313213,4320345,7132,7132,7132,0,0,0
4332373,397,1,1690793,1690793,4332373,2641580,2641580,2234085,407495,56,0
4354758,1937,4,4353866,4353866,4354758,892,892,892,0,0,0
4364554,108,1,1098912,1098912,4364554,3265642,3265642,3182484,83158,12,0
4443530,376,1,1690299,1690299,4443530,2753231,2753231,2540557,212674,27,0
4479397,1981,1,4477866,4477866,4479397,1531,1531,1531,0,0,0
4583212,482,1,1773103,1773103,4583212,2810109,2810109,218757,2591352,29,0
4719202,454,1,1691903,1691903,4719202,3027299,3027299,1033473,1993826,71,0
4738091,438,1,1691512,1691512,4738091,3046579,3046579,1711968,1334611,114,0
4745494,507,1,1873295,1873295,4745494,2872199,2872199,14603,2857596,1,0
4779523,398,1,1690800,1690800,4779523,3088723,3088723,2649615,439108,57,0
4802808,163,1,1167711,1167711,4802808,3635097,3635097,3166082,469015,11,0
4824239,509,1,1874029,1874029,4824239,2950210,2950210,51916,2898294,1,0
4851263,501,1,1862795,1862795,4851263,2988468,2988468,275251,2713217,1,0
4891756,491,1,1842658,1842658,4891756,3049098,3049098,484804,2564294,24,0
4913252,511,1,1876368,1876368,4913252,3036884,3036884,117644,2919240,1,0
4942819,464,1,1692174,1692174,4942819,3250645,3250645,867381,2383264,71,0
4943755,428,1,1691253,1691253,4943755,3252502,3252502,2223942,1028560,79,0
4962355,386,1,1690717,1690717,4962355,3271638,3271638,2956127,315511,34,0
5002607,421,1,1690902,1690902,5002607,3311705,3311705,2414985,896720,58,0
5022437,504,1,1864812,1864812,5022437,3157625,3157625,310435,2847190,1,0
5096498,489,1,1842565,1842565,5096498,3253933,3253933,714510,2539423,29,0
5137977,446,1,1691672,1691672,5137977,3446305,3446305,1685290,1761015,86,0
5243512,508,1,1874026,1874026,5243512,3369486,3369486,505218,2864268,1,0
5256573,96,1,1095354,1095354,5256573,4161219,4161219,4146987,14232,10,0
5295239,437,1,1691493,1691493,5295239,3603746,3603746,2303199,1300547,106,0
5335549,544,1,1965715,1965715,5335549,3369834,3369834,86176,3283658,1,0
5441457,525,1,1934900,1934900,5441457,3506557,3506557,505838,3000719,1,0
5452166,545,1,1965766,1965766,5452166,3486400,3486400,164127,3322273,1,0
5480589,442,1,1691594,1691594,5480589,3788995,3788995,2328942,1460053,120,0
5529376,548,1,1966198,1966198,5529376,3563178,3563178,84410,3478768,1,0
5542687,413,1,1690879,1690879,5542687,3851808,3851808,3129753,722055,64,0
5550680,550,1,1966274,1966274,5550680,3584406,3584406,28504,3555902,1,0
5551423,546,1,1966138,1966138,5551423,3585285,3585285,223074,3362211,1,0
5753468,524,1,1934815,1934815,5753468,3818653,3818653,847416,2971237,1,0
5769838,555,1,1972359,1972359,5769838,3797479,3797479,225615,3571864,1,0
5816808,448,1,1691744,1691744,5816808,4125064,4125064,2301054,1824010,81,0
5828059,549,1,1966249,1966249,5828059,3861810,3861810,354670,3507140,1,0
5843535,543,1,1964282,1964282,5843535,3879253,3879253,607223,3272030,1,0
5856983,568,1,1981979,1981979,5856983,3875004,3875004,94345,3780659,1,0
5887188,569,1,1982000,1982000,5887188,3905188,3905188,77580,3827608,1,0
5952774,554,1,1969507,1969507,5952774,3983267,3983267,409294,3573973,1,0
5953121,424,1,1690915,1690915,5953121,4262206,4262206,3326943,935263,60,0
5966176,453,1,1691844,1691844,5966176,4274332,4274332,2301568,1972764,70,0
5968260,435,1,1691432,1691432,5968260,4276828,4276828,3062415,1214413,103,0
5972999,434,1,1691413,1691413,5972999,4281586,4281586,3110172,1171414,105,0
5974169,455,1,1691921,1691921,5974169,4282248,4282248,2240023,2042225,77,0
5986705,11,1,880119,880119,5986705,5106586,5106586,5106406,180,4,0
6055279,456,1,1691940,1691940,6055279,4363339,4363339,2308684,2054655,79,0
6094057,415,1,1690884,1690884,6094057,4403173,4403173,3614751,788422,66,0
6106358,553,1,1968041,1968041,6106358,4138317,4138317,570871,3567446,1,0
6115940,583,1,2006324,2006324,6115940,4109616,4109616,156964,3952652,1,0
6132383,592,1,2007925,2007925,6132383,4124458,4124458,33225,4091233,1,0
6188108,441,1,1691572,1691572,6188108,4496536,4496536,3079487,1417049,114,0
6192258,515,1,1889386,1889386,6192258,4302872,4302872,1375219,2927653,1,0
6214367,593,1,2007937,2007937,6214367,4206430,4206430,105627,4100803,1,0
6254227,598,1,2008086,2008086,6254227,4246141,4246141,47060,4199081,1,0
6258996,595,1,2007965,2007965,6258996,4251031,4251031,78088,4172943,1,0
6268975,588,1,2007737,2007737,6268975,4261238,4261238,302006,3959232,1,0
6279063,547,1,1966174,1966174,6279063,4312889,4312889,844806,3468083,1,0
6290297,601,1,2008130,2008130,6290297,4282167,4282167,28522,4253645,1,0
6302639,463,1,1692088,1692088,6302639,4610551,4610551,2250864,2359687,75,0
6321192,599,1,2008098,2008098,6321192,4313094,4313094,74165,4238929,1,0
6324612,604,1,2008157,2008157,6324612,4316455,4316455,52749,4263706,1,0
6328254,607,1,2008290,2008290,6328254,4319964,4319964,32815,4287149,1,0
6339041,605,1,2008170,2008170,6339041,4330871,4330871,55944,4274927,1,0
6359482,600,1,2008116,2008116,6359482,4351366,4351366,107686,4243680,1,0
6396489,591,1,2007912,2007912,6396489,4388577,4388577,309632,4078945,1,0
6418096,614,1,2008408,2008408,6418096,4409688,4409688,28807,4380881,1,0
6437383,590,1,2007847,2007847,6437383,4429536,4429536,389304,4040232,1,0
6469024,620,1,2058069,2058069,6469024,4410955,4410955,38841,4372114,1,0
6516001,594,1,2007948,2007948,6516001,4508053,4508053,390818,4117235,1,0
6576452,13,1,880165,880165,6576452,5696287,5696287,5695853,434,5,0
6635419,612,1,2008376,2008376,6635419,4627043,4627043,283137,4343906,1,0
6651470,449,1,1691765,1691765,6651470,4959705,4959705,3109980,1849725,80,0
6669683,596,1,2007980,2007980,6669683,4661703,4661703,484625,4177078,1,0
6707923,610,1,2008353,2008353,6707923,4699570,4699570,386869,4312701,1,0
6741505,638,1,2153529,2153529,6741505,4587976,4587976,79022,4508954,1,0
6768490,611,1,2008366,2008366,6768490,4760124,4760124,436649,4323475,1,0
6783808,648,1,2183536,2183536,6783808,4600272,4600272,22518,4577754,1,0
6810907,647,1,2182300,2182300,6810907,4628607,4628607,76602,4552005,1,0
6838274,671,1,2223276,2223276,6838274,4614998,4614998,34567,4580431,1,0
6845689,589,1,2007756,2007756,6845689,4837933,4837933,866184,3971749,1,0
6907787,625,1,2149233,2149233,6907787,4758554,4758554,398986,4359568,1,0
6954019,676,1,2225454,2225454,6954019,4728565,4728565,122945,4605620,1,0
6956506,521,1,1925580,1925580,6956506,5030926,5030926,2071950,2958976,1,0
6971827,681,1,2237299,2237299,6971827,4734528,4734528,71240,4663288,1,0
6974660,685,1,2249168,2249168,6974660,4725492,4725492,10033,4715459,1,0
7004467,585,1,2006559,2006559,7004467,4997908,4997908,1038668,3959240,1,0
7118653,609,1,2008335,2008335,7118653,5110318,5110318,801241,4309077,1,0
7133814,530,1,1944018,1944018,7133814,5189796,5189796,2138407,3051389,1,0
7146555,158,1,1165528,1165528,7146555,5981027,5981027,5554576,426451,16,0
7148350,608,1,2008311,2008311,7148350,5140039,5140039,834358,4305681,1,0
7153037,148,1,1165345,1165345,7153037,5987692,5987692,5811505,176187,35,0
7165950,695,1,2295536,2295536,7165950,4870414,4870414,39336,4831078,1,0
7177924,167,1,1167770,1167770,7177924,6010154,6010154,5485400,524754,4,0
7193393,630,1,2152257,2152257,7193393,5041136,5041136,565174,4475962,1,0
7197325,724,1,2330881,2330881,7197325,4866444,4866444,38575,4827869,1,0
7225117,729,1,2356683,2356683,7225117,4868434,4868434,38924,4829510,1,0
7291501,571,1,1982224,1982224,7291501,5309277,5309277,1455166,3854111,1,0
7310208,629,1,2152220,2152220,7310208,5157988,5157988,740956,4417032,1,0
7319597,584,1,2006497,2006497,7319597,5313100,5313100,1358537,3954563,1,0
7326448,50,1,999520,999520,7326448,6326928,6326928,6318472,8456,7,0
7327614,694,1,2288358,2288358,7327614,5039256,5039256,216161,4823095,1,0
7333258,388,1,1690731,1690731,7333258,5642527,5642527,5317013,325514,36,0
7344036,759,1,2409923,2409923,7344036,4934113,4934113,31639,4902474,1,0
7350923,782,1,2464078,2464078,7350923,4886845,4886845,14087,4872758,1,0
7355088,775,1,2450238,2450238,7355088,4904850,4904850,29030,4875820,1,0
7365451,712,1,2317985,2317985,7365451,5047466,5047466,219614,4827852,1,0
7368264,633,1,2152871,2152871,7368264,5215393,5215393,723994,4491399,1,0
7382232,381,1,1690680,1690680,7382232,5691552,5691552,5409543,282009,38,0
7403166,791,1,2482274,2482274,7403166,4920892,4920892,59443,4861449,1,0
7444090,769,1,2420202,2420202,7444090,5023888,5023888,123676,4900212,1,0
7770862,739,1,2377051,2377051,7770862,5393811,5393811,552945,4840866,1,0
7791413,796,1,2484191,2484191,7791413,5307222,5307222,416381,4890841,1,0
7799927,794,1,2483310,2483310,7799927,5316617,5316617,438863,4877754,1,0
7813697,731,1,2365059,2365059,7813697,5448638,5448638,623572,4825066,1,0
7815275,797,1,2484263,2484263,7815275,5331012,5331012,419309,4911703,1,0
7851285,570,1,1982201,1982201,7851285,5869084,5869084,2030426,3838658,1,0
7863293,368,1,1685688,1685688,7863293,6177605,6177605,6043073,134532,27,0
7916643,704,1,2308795,2308795,7916643,5607848,5607848,777288,4830560,1,0
7957978,575,1,1988402,1988402,7957978,5969576,5969576,2012057,3957519,1,0
7977950,822,1,2540419,2540419,7977950,5437531,5437531,121857,5315674,1,0
8016538,645,1,2162064,2162064,8016538,5854474,5854474,1315815,4538659,1,0
8043307,727,1,2342253,2342253,8043307,5701054,5701054,872583,4828471,1,0
8064540,831,1,2605962,2605962,8064540,5458578,5458578,155097,5303481,1,0
8091812,805,1,2497520,2497520,8091812,5594292,5594292,299085,5295207,1,0
8229125,465,1,1692806,1692806,8229125,6536319,6536319,4110922,2425397,69,0
8250598,98,1,1095479,1095479,8250598,7155119,7155119,7138947,16172,12,0
8410822,847,1,2662359,2662359,8410822,5748463,5748463,188897,5559566,1,0
8464116,798,1,2485732,2485732,8464116,5978384,5978384,1027226,4951158,1,0
8465679,856,1,2705681,2705681,8465679,5759998,5759998,8763,5751235,1,0
8560428,803,1,2495753,2495753,8560428,6064675,6064675,776215,5288460,1,0
8580746,839,1,2662181,2662181,8580746,5918565,5918565,571408,5347157,1,0
8594818,624,1,2137254,2137254,8594818,6457564,6457564,2132994,4324570,1,0
8639303,868,1,2736548,2736548,8639303,5902755,5902755,86075,5816680,1,0
8662961,853,1,2671801,2671801,8662961,5991160,5991160,259339,5731821,1,0
8664149,443,1,1691611,1691611,8664149,6972538,6972538,5436122,1536416,112,0
8666393,792,1,2482324,2482324,8666393,6184069,6184069,1318505,4865564,1,0
8710908,688,1,2255571,2255571,8710908,6455337,6455337,1743448,4711889,1,0
8728324,832,1,2632713,2632713,8728324,6095611,6095611,777546,5318065,1,0
8731148,890,1,2750632,2750632,8731148,5980516,5980516,10024,5970492,1,0
8735092,876,1,2738244,2738244,8735092,5996848,5996848,79331,5917517,1,0
8744528,898,1,2755645,2755645,8744528,5988883,5988883,20580,5968303,1,0
8797509,848,1,2662435,2662435,8797509,6135074,6135074,554111,5580963,1,0
8797724,760,1,2410770,2410770,8797724,6386954,6386954,1478476,4908478,1,0
8818876,308,1,1606851,1606851,8818876,7212025,7212025,7122185,89840,7,0
8820359,909,1,2769560,2769560,8820359,6050799,6050799,29835,6020964,1,0
8833418,414,1,1690880,1690880,8833418,7142538,7142538,6398280,744258,69,0
8903948,537,1,1952436,1952436,8903948,6951512,6951512,3814650,3136862,1,0
8990819,877,1,2738257,2738257,8990819,6252562,6252562,333870,5918692,1,0
9030082,842,1,2662251,2662251,9030082,6367831,6367831,993975,5373856,1,0
9041761,904,1,2762982,2762982,9041761,6278779,6278779,313869,5964910,1,0
9049882,913,1,2777405,2777405,9049882,6272477,6272477,238206,6034271,1,0
9067158,820,1,2536859,2536859,9067158,6530299,6530299,1223073,5307226,1,0
9068732,933,1,2801505,2801505,9068732,6267227,6267227,26050,6241177,1,0
9083588,935,1,2804436,2804436,9083588,6279152,6279152,22056,6257096,1,0
9101634,929,1,2799257,2799257,9101634,6302377,6302377,78752,6223625,1,0
9128214,936,1,2804850,2804850,9128214,6323364,6323364,51826,6271538,1,0
9137593,923,1,2790636,2790636,9137593,6346957,6346957,240845,6106112,1,0
9201095,458,1,1692001,1692001,9201095,7509094,7509094,5404381,2104713,80,0
9207520,459,1,1692014,1692014,9207520,7515506,7515506,5378061,2137445,87,0
9240961,938,1,2806604,2806604,9240961,6434357,6434357,119947,6314410,1,0
9242963,110,1,1098983,1098983,9242963,8143980,8143980,8055785,88195,10,0
9285878,948,1,2811215,2811215,9285878,6474663,6474663,52117,6422546,1,0
9301663,920,1,2787947,2787947,9301663,6513716,6513716,488504,6025212,1,0
9301782,950,1,2811290,2811290,9301782,6490492,6490492,23104,6467388,1,0
9318064,956,1,2816767,2816767,9318064,6501297,6501297,23482,6477815,1,0
9392454,926,1,2796380,2796380,9392454,6596074,6596074,408835,6187239,1,0
9399400,147,1,1165329,1165329,9399400,8234071,8234071,8064522,169549,35,0
9412960,425,1,1690919,1690919,9412960,7722041,7722041,6770257,951784,62,0
9427547,957,1,2821978,2821978,9427547,6605569,6605569,116683,6488886,1,0
9439112,932,1,2801445,2801445,9439112,6637667,6637667,404551,6233116,1,0
9471202,710,1,2313989,2313989,9471202,7157213,7157213,2330052,4827161,1,0
9498574,993,1,2877529,2877529,9498574,6621045,6621045,66662,6554383,1,0
9503435,995,1,2877619,2877619,9503435,6625816,6625816,12061,6613755,1,0
9559983,752,1,2406374,2406374,9559983,7153609,7153609,2275682,4877927,1,0
9580835,906,1,2768096,2768096,9580835,6812739,6812739,843507,5969232,1,0
9586504,999,1,2882057,2882057,9586504,6704447,6704447,12869,6691578,1,0
9613925,992,1,2877471,2877471,9613925,6736454,6736454,193578,6542876,1,0
9628680,359,1,1639287,1639287,9628680,7989393,7989393,7857669,131724,15,0
9637168,866,1,2736499,2736499,9637168,6900669,6900669,1178689,5721980,1,0
9641780,997,1,2880886,2880886,9641780,6760894,6760894,145545,6615349,1,0
9652776,689,1,2261952,2261952,9652776,7390824,7390824,2655509,4735315,1,0
9703064,677,1,2227724,2227724,9703064,7475340,7475340,2864575,4610765,1,0
9725187,1003,1,2882730,2882730,9725187,6842457,6842457,103707,6738750,1,0
9734379,994,1,2877562,2877562,9734379,6856817,6856817,270377,6586440,1,0
9740606,1000,1,2882080,2882080,9740606,6858526,6858526,161302,6697224,1,0
9740737,361,1,1639369,1639369,9740737,8101368,8101368,7955952,145416,20,0
9770457,1017,1,2893731,2893731,9770457,6876726,6876726,43278,6833448,1,0
9793053,942,1,2808913,2808913,9793053,6984140,6984140,662660,6321480,1,0
9886712,1013,1,2891773,2891773,9886712,6994939,6994939,190848,6804091,1,0
9922755,684,1,2243824,2243824,9922755,7678931,7678931,2973449,4705482,1,0
9937840,922,1,2788786,2788786,9937840,7149054,7149054,1111622,6037432,1,0
9984953,1005,1,2886973,2886973,9984953,7097980,7097980,350373,6747607,1,0
10008014,1034,1,2924989,2924989,10008014,7083025,7083025,30261,7052764,1,0
10011218,1007,1,2889623,2889623,10011218,7121595,7121595,365642,6755953,1,0
10012980,1037,1,2961144,2961144,10012980,7051836,7051836,8962,7042874,1,0
10014306,1039,1,2968473,2968473,10014306,7045833,7045833,8526,7037307,1,0
10046252,1041,1,2971369,2971369,10046252,7074883,7074883,39146,7035737,1,0
10061858,1016,1,2893671,2893671,10061858,7168187,7168187,343871,6824316,1,0
10076044,403,1,1690836,1690836,10076044,8385208,8385208,7873629,511579,77,0
10096360,1044,1,2972870,2972870,10096360,7123490,7123490,27516,7095974,1,0
10141815,949,1,2811277,2811277,10141815,7330538,7330538,906052,6424486,1,0
10156559,889,1,2745477,2745477,10156559,7411082,7411082,1452851,5958231,1,0
10168185,998,1,2882011,2882011,10168185,7286174,7286174,615402,6670772,1,0
10179025,1020,1,2894811,2894811,10179025,7284214,7284214,415768,6868446,1,0
10232617,1050,1,2980938,2980938,10232617,7251679,7251679,60792,7190887,1,0
10268462,1046,1,2977576,2977576,10268462,7290886,7290886,133847,7157039,1,0
10286838,806,1,2497555,2497555,10286838,7789283,7789283,2480341,5308942,1,0
10297051,670,1,2223204,2223204,10297051,8073847,8073847,3520443,4553404,1,0
10300217,1051,1,2982335,2982335,10300217,7317882,7317882,74800,7243082,1,0
10307479,793,1,2483261,2483261,10307479,7824218,7824218,2949228,4874990,1,0
10320021,1031,1,2910102,2910102,10320021,7409919,7409919,389381,7020538,1,0
10354064,1052,1,2982676,2982676,10354064,7371388,7371388,92802,7278586,1,0
10427947,844,1,2662314,2662314,10427947,7765633,7765633,2343335,5422298,1,0
10442733,1004,1,2883291,2883291,10442733,7559442,7559442,812765,6746677,1,0
10464974,423,1,1690911,1690911,10464974,8774063,8774063,7845577,928486,57,0
10512772,985,1,2844243,2844243,10512772,7668529,7668529,1120572,6547957,1,0
10527907,1027,1,2905196,2905196,10527907,7622711,7622711,612352,7010359,1,0
10649590,1049,1,2980720,2980720,10649590,7668870,7668870,488605,7180265,1,0
10662091,1019,1,2893851,2893851,10662091,7768240,7768240,928554,6839686,1,0
10671283,430,1,1691309,1691309,10671283,8979974,8979974,7895669,1084305,84,0
10684757,1080,1,3015678,3015678,10684757,7669079,7669079,29866,7639213,1,0
10691457,1023,1,2898363,2898363,10691457,7793094,7793094,811945,6981149,1,0
10710428,947,1,2810948,2810948,10710428,7899480,7899480,1510108,6389372,1,0
10714427,1084,1,3018622,3018622,10714427,7695805,7695805,30170,7665635,1,0
10722990,1098,1,3051645,3051645,10722990,7671345,7671345,15763,7655582,1,0
10729973,1070,1,3004977,3004977,10729973,7724996,7724996,272199,7452797,1,0
10739179,1102,1,3055049,3055049,10739179,7684130,7684130,23389,7660741,1,0
10745480,1042,1,2972754,2972754,10745480,7772726,7772726,706428,7066298,1,0
10745580,1081,1,3018107,3018107,10745580,7727473,7727473,81497,7645976,1,0
10757337,986,1,2845707,2845707,10757337,7911630,7911630,1351577,6560053,1,0
10811448,1089,1,3043312,3043312,10811448,7768136,7768136,108220,7659916,1,0
10854584,1072,1,3005325,3005325,10854584,7849259,7849259,349012,7500247,1,0
10884233,1106,1,3056064,3056064,10884233,7828169,7828169,145853,7682316,1,0
10914243,1105,1,3055728,3055728,10914243,7858515,7858515,175963,7682552,1,0
10934188,1061,1,2991731,2991731,10934188,7942457,7942457,498655,7443802,1,0
10935655,1118,1,3064913,3064913,10935655,7870742,7870742,88271,7782471,1,0
10971789,1108,1,3056816,3056816,10971789,7914973,7914973,167541,7747432,1,0
11009986,872,1,2736623,2736623,11009986,8273363,8273363,2422368,5850995,1,0
11031990,1107,1,3056638,3056638,11031990,7975352,7975352,281853,7693499,1,0
11109004,1059,1,2991710,2991710,11109004,8117294,8117294,762140,7355154,1,0
11207585,1074,1,3005404,3005404,11207585,8202181,8202181,565195,7636986,1,0
11218314,1129,1,3073639,3073639,11218314,8144675,8144675,17929,8126746,1,0
11241909,1035,1,2925137,2925137,11241909,8316772,8316772,1241095,7075677,1,0
11257740,937,1,2805539,2805539,11257740,8452201,8452201,2163306,6288895,1,0
11369131,379,1,1690337,1690337,11369131,9678794,9678794,9427046,251748,31,0
11382179,1127,1,3072346,3072346,11382179,8309833,8309833,357389,7952444,1,0
11383901,1125,1,3070169,3070169,11383901,8313732,8313732,419312,7894420,1,0
11386094,1134,1,3081111,3081111,11386094,8304983,8304983,24163,8280820,1,0
11386463,1135,1,3081141,3081141,11386463,8305322,8305322,11484,8293838,1,0
11386947,1147,1,3097131,3097131,11386947,8289816,8289816,10246,8279570,1,0
11412580,1159,1,3122038,3122038,11412580,8290542,8290542,33317,8257225,1,0
11425789,1149,1,3102509,3102509,11425789,8323280,8323280,46895,8276385,1,0
11468733,526,1,1935047,1935047,11468733,9533686,9533686,6532178,3001508,1,0
11492796,1126,1,3070500,3070500,11492796,8422296,8422296,490010,7932286,1,0
11495034,1128,1,3072686,3072686,11495034,8422348,8422348,393230,8029118,1,0
11504107,1103,1,3055589,3055589,11504107,8448518,8448518,781334,7667184,1,0
11555798,1057,1,2991688,2991688,11555798,8564110,8564110,1255519,7308591,1,0
11577054,1168,1,3165566,3165566,11577054,8411488,8411488,115521,8295967,1,0
11595969,843,1,2662291,2662291,11595969,8933678,8933678,3538629,5395049,1,0
11635666,1132,1,3079575,3079575,11635666,8556091,8556091,400957,8155134,1,0
11666399,369,1,1685757,1685757,11666399,9980642,9980642,9839834,140808,26,0
11688938,1122,1,3068173,3068173,11688938,8620765,8620765,761950,7858815,1,0
11736995,362,1,1639430,1639430,11736995,10097565,10097565,9943597,153968,23,0
11770116,1047,1,2978463,2978463,11770116,8791653,8791653,1620757,7170896,1,0
11777115,93,1,1088222,1088222,11777115,10688893,10688893,10669718,19175,13,0
11810973,427,1,1691226,1691226,11810973,10119747,10119747,9103554,1016193,73,0
11825897,387,1,1690724,1690724,11825897,10135173,10135173,9815726,319447,32,0
11858575,1161,1,3137006,3137006,11858575,8721569,8721569,453195,8268374,1,0
11872635,1182,1,3193448,3193448,11872635,8679187,8679187,190897,8488290,1,0
12221377,417,1,1690887,1690887,12221377,10530490,10530490,9687869,842621,59,0
12257178,1083,1,3018485,3018485,12257178,9238693,9238693,1579621,7659072,1,0
12338339,1181,1,3193441,3193441,12338339,9144898,9144898,679140,8465758,1,0
12371253,1021,1,2894838,2894838,12371253,9476415,9476415,2585400,6891015,1,0
12480958,452,1,1691827,1691827,12480958,10789131,10789131,8840166,1948965,72,0
12711886,1056,1,2991676,2991676,12711886,9720210,9720210,2418869,7301341,1,0
12753271,1170,1,3166276,3166276,12753271,9586995,9586995,1265437,8321558,1,0
12810208,1073,1,3005327,3005327,12810208,9804881,9804881,2289501,7515380,1,0
12825983,1018,1,2893819,2893819,12825983,9932164,9932164,3092577,6839587,1,0
13013569,1120,1,3065304,3065304,13013569,9948265,9948265,2136536,7811729,1,0
13064099,109,1,1098951,1098951,13064099,11965148,11965148,11877744,87404,11,0
13095306,934,1,2803110,2803110,13095306,10292196,10292196,4035348,6256848,1,0
13119944,1055,1,2991565,2991565,13119944,10128379,10128379,2830093,7298286,1,0
13140080,799,1,2485905,2485905,13140080,10654175,10654175,5376418,5277757,1,0
13169680,1171,1,3166329,3166329,13169680,10003351,10003351,1672773,8330578,1,0
13247359,422,1,1690906,1690906,13247359,11556453,11556453,10637207,919246,53,0
13326317,468,1,1703761,1703761,13326317,11622556,11622556,9123571,2498985,70,0
13378405,817,1,2532070,2532070,13378405,10846335,10846335,5570330,5276005,1,0
13410082,1160,1,3136944,3136944,13410082,10273138,10273138,2030335,8242803,1,0
13462127,1169,1,3165603,3165603,13462127,10296524,10296524,1976531,8319993,1,0
13537954,1123,1,3068989,3068989,13537954,10468965,10468965,2609499,7859466,1,0
13584920,1180,1,3193437,3193437,13584920,10391483,10391483,1956454,8435029,1,0
13663871,358,1,1639246,1639246,13663871,12024625,12024625,11901346,123279,14,0
13723435,166,1,1167748,1167748,13723435,12555687,12555687,12030939,524748,4,0
13752408,1178,1,3188566,3188566,13752408,10563842,10563842,2182554,8381288,1,0
13773266,392,1,1690759,1690759,13773266,12082507,12082507,11730208,352299,41,0
13796291,1177,1,3188296,3188296,13796291,10607995,10607995,2247693,8360302,1,0
13811955,400,1,1690813,1690813,13811955,12121142,12121142,11657756,463386,68,0
13817289,391,1,1690752,1690752,13817289,12126537,12126537,11790947,335590,38,0
13914278,1002,1,2882601,2882601,13914278,11031677,11031677,4307553,6724124,1,0
13930982,1214,1,3193586,3193586,13930982,10737396,10737396,185774,10551622,1,0
13948274,1187,1,3193467,3193467,13948274,10754807,10754807,2129577,8625230,1,0
13952567,44,1,990526,990526,13952567,12962041,12962041,12953525,8516,9,0
14013642,1215,1,3193590,3193590,14013642,10820052,10820052,247576,10572476,1,0
14033098,1216,1,3193593,3193593,14033098,10839505,10839505,244007,10595498,1,0
14061368,1185,1,3193459,3193459,14061368,10867909,10867909,2291453,8576456,1,0
14155339,1058,1,2991699,2991699,14155339,11163640,11163640,3842518,7321122,1,0
14188823,1201,1,3193537,3193537,14188823,10995286,10995286,1100717,9894569,1,0
14250304,1224,1,3193628,3193628,14250304,11056676,11056676,224406,10832270,1,0
14366403,907,1,2768658,2768658,14366403,11597745,11597745,5576094,6021651,1,0
14414514,136,1,1161574,1161574,14414514,13252940,13252940,13201485,51455,30,0
14475275,1131,1,3078680,3078680,14475275,11396595,11396595,3264161,8132434,1,0
14530362,431,1,1691328,1691328,14530362,12839034,12839034,11742316,1096718,90,0
14551739,869,1,2736572,2736572,14551739,11815167,11815167,5978193,5836974,1,0
14556969,466,1,1692810,1692810,14556969,12864159,12864159,10377210,2486949,72,0
14565279,432,1,1691363,1691363,14565279,12873916,12873916,11750805,1123111,96,0
14602953,952,1,2811581,2811581,14602953,11791372,11791372,5308490,6482882,1,0
14662896,1195,1,3193505,3193505,14662896,11469391,11469391,1958210,9511181,1,0
14710236,971,1,2836246,2836246,14710236,11873990,11873990,5324982,6549008,1,0
14735778,557,1,1974659,1974659,14735778,12761119,12761119,8989510,3771609,1,0
14761324,99,1,1095513,1095513,14761324,13665811,13665811,13646164,19647,13,0
14785609,1233,1,3193663,3193663,14785609,11591946,11591946,241070,11350876,1,0
14791757,150,1,1165380,1165380,14791757,13626377,13626377,13405896,220481,35,0
14829527,1244,1,3251739,3251739,14829527,11577788,11577788,100949,11476839,1,0
14839533,1255,1,3279710,3279710,14839533,11559823,11559823,61124,11498699,1,0
14845457,1213,1,3193582,3193582,14845457,11651875,11651875,1129222,10522653,1,0
14859287,1262,1,3335050,3335050,14859287,11524237,11524237,21030,11503207,1,0
14874144,536,1,1952420,1952420,14874144,12921724,12921724,9858907,3062817,1,0
14881487,1259,1,3329599,3329599,14881487,11551888,11551888,59160,11492728,1,0
14899431,1208,1,3193562,3193562,14899431,11705869,11705869,1496549,10209320,1,0
14910640,1263,1,3338630,3338630,14910640,11572010,11572010,58553,11513457,1,0
14935961,1266,1,3342588,3342588,14935961,11593373,11593373,61674,11531699,1,0
14973985,1261,1,3333053,3333053,14973985,11640932,11640932,141652,11499280,1,0
14977216,1280,1,3359133,3359133,14977216,11618083,11618083,10431,11607652,1,0
15049071,1221,1,3193612,3193612,15049071,11855459,11855459,1107997,10747462,1,0
15061876,1279,1,3359133,3359133,15061876,11702743,11702743,133115,11569628,1,0
15064642,1210,1,3193572,3193572,15064642,11871070,11871070,1533888,10337182,1,0
15095864,1241,1,3237897,3237897,15095864,11857967,11857967,440168,11417799,1,0
15099772,1281,1,3359133,3359133,15099772,11740639,11740639,129756,11610883,1,0
15112726,1188,1,3193471,3193471,15112726,11919255,11919255,3261351,8657904,1,0
15113718,447,1,1691721,1691721,15113718,13421997,13421997,11619852,1802145,85,0
15144416,1290,1,3360234,3360234,15144416,11784182,11784182,37898,11746284,1,0
15153786,1283,1,3359380,3359380,15153786,11794406,11794406,111915,11682491,1,0
15203423,499,1,1860327,1860327,15203423,13343096,13343096,10725246,2617850,9,0
15288554,1294,1,3360356,3360356,15288554,11928198,11928198,92331,11835867,1,0
15421110,1285,1,3359789,3359789,15421110,12061321,12061321,366434,11694887,1,0
15432699,1289,1,3360183,3360183,15432699,12072516,12072516,327173,11745343,1,0
15438528,416,1,1690886,1690886,15438528,13747642,13747642,12923845,823797,60,0
15452875,1220,1,3193608,3193608,15452875,12259267,12259267,1529093,10730174,1,0
15486378,1225,1,3193632,3193632,15486378,12292746,12292746,1432210,10860536,1,0
15486530,0,1,0,0,15486530,15486530,15486530,15486530,0,0,0
15501997,1258,1,3316252,3316252,15501997,12185745,12185745,717440,11468305,1,0
15585822,1295,1,3360396,3360396,15585822,12225426,12225426,304468,11920958,1,0
15600077,420,1,1690898,1690898,15600077,13909179,13909179,13021635,887544,51,0
15620738,1243,1,3251588,3251588,15620738,12369150,12369150,917702,11451448,1,0
15694895,1310,1,3362983,3362983,15694895,12331912,12331912,116273,12215639,1,0
15730504,516,1,1889570,1889570,15730504,13840934,13840934,10886441,2954493,1,0
15736843,1189,1,3193474,3193474,15736843,12543369,12543369,3871408,8671961,1,0
15767082,1302,1,3362054,3362054,15767082,12405028,12405028,287904,12117124,1,0
15798668,436,1,1691458,1691458,15798668,14107210,14107210,12835769,1271441,99,0
15799653,1319,1,3364413,3364413,15799653,12435240,12435240,8185,12427055,1,0
15802894,1303,1,3362076,3362076,15802894,12440818,12440818,323564,12117254,1,0
15830563,1315,1,3363614,3363614,15830563,12466949,12466949,107259,12359690,1,0
15856194,1316,1,3363638,3363638,15856194,12492556,12492556,126551,12366005,1,0
15857360,1322,1,3365657,3365657,15857360,12491703,12491703,33997,12457706,1,0
15868741,155,1,1165474,1165474,15868741,14703267,14703267,14366573,336694,20,0
16027497,1267,1,3342636,3342636,16027497,12684861,12684861,1135266,11549595,1,0
16044616,1323,1,3365692,3365692,16044616,12678924,12678924,195622,12483302,1,0
16071446,1296,1,3360548,3360548,16071446,12710898,12710898,657536,12053362,1,0
16094110,1204,1,3193548,3193548,16094110,12900562,12900562,2931630,9968932,1,0
16181026,1199,1,3193525,3193525,16181026,12987501,12987501,3174657,9812844,1,0
16199679,1350,1,3404105,3404105,16199679,12795574,12795574,25853,12769721,1,0
16220893,1234,1,3193667,3193667,16220893,13027226,13027226,1671124,11356102,1,0
16278848,1297,1,3360708,3360708,16278848,12918140,12918140,853349,12064791,1,0
16285699,1352,1,3404165,3404165,16285699,12881534,12881534,72006,12809528,1,0
16289349,1104,1,3055694,3055694,16289349,13233655,13233655,5557370,7676285,1,0
16290059,1347,1,3402672,3402672,16290059,12887387,12887387,225813,12661574,1,0
16299619,1292,1,3360328,3360328,16299619,12939291,12939291,1153033,11786258,1,0
16330463,1354,1,3409100,3409100,16330463,12921363,12921363,58815,12862548,1,0
16352951,1357,1,3411603,3411603,16352951,12941348,12941348,70092,12871256,1,0
16379313,1349,1,3402969,3402969,16379313,12976344,12976344,292403,12683941,1,0
16383089,1364,1,3419511,3419511,16383089,12963578,12963578,10976,12952602,1,0
16387019,1351,1,3404131,3404131,16387019,12982888,12982888,194540,12788348,1,0
16463758,145,1,1165303,1165303,16463758,15298455,15298455,15161868,136587,31,0
16487668,1321,1,3365150,3365150,16487668,13122518,13122518,691974,12430544,1,0
16499476,1236,1,3193678,3193678,16499476,13305798,13305798,1903723,11402075,1,0
16520161,1332,1,3369102,3369102,16520161,13151059,13151059,499864,12651195,1,0
16525788,540,1,1957901,1957901,16525788,14567887,14567887,11395011,3172876,1,0
16555695,1368,1,3427475,3427475,16555695,13128220,13128220,99137,13029083,1,0
16582905,1363,1,3419422,3419422,16582905,13163483,13163483,237154,12926329,1,0
16728833,1355,1,3409908,3409908,16728833,13318925,13318925,450334,12868591,1,0
16732231,1376,1,3437032,3437032,16732231,13295199,13295199,183736,13111463,1,0
16841258,1356,1,3411546,3411546,16841258,13429712,13429712,559109,12870603,1,0
16885454,1379,1,3437574,3437574,16885454,13447880,13447880,160423,13287457,1,0
16915228,1298,1,3361170,3361170,16915228,13554058,13554058,1483900,12070158,1,0
16931287,1377,1,3437326,3437326,16931287,13493961,13493961,355582,13138379,1,0
16933031,373,1,1690269,1690269,16933031,15242762,15242762,15060824,181938,26,0
16942170,1391,1,3444925,3444925,16942170,13497245,13497245,16339,13480906,1,0
17016651,1206,1,3193555,3193555,17016651,13823096,13823096,3697534,10125562,1,0
17022791,1045,1,2972871,2972871,17022791,14049920,14049920,6933631,7116289,1,0
17101279,1205,1,3193551,3193551,17101279,13907728,13907728,3861120,10046608,1,0
17107814,1317,1,3363638,3363638,17107814,13744176,13744176,1347932,12396244,1,0
17124680,1287,1,3359893,3359893,17124680,13764787,13764787,2036016,11728771,1,0
17153056,1396,1,3445081,3445081,17153056,13707975,13707975,58977,13648998,1,0
17161996,1291,1,3360284,3360284,17161996,13801712,13801712,2024780,11776932,1,0
17162549,1403,1,3455383,3455383,17162549,13707166,13707166,45069,13662097,1,0
17175183,1190,1,3193479,3193479,17175183,13981704,13981704,4961006,9020698,1,0
17205199,1388,1,3444873,3444873,17205199,13760326,13760326,297171,13463155,1,0
17254480,1366,1,3426265,3426265,17254480,13828215,13828215,878591,12949624,1,0
17257593,1386,1,3444367,3444367,17257593,13813226,13813226,379339,13433887,1,0
17277011,1378,1,3437452,3437452,17277011,13839559,13839559,555378,13284181,1,0
17283005,1382,1,3442593,3442593,17283005,13840412,13840412,448947,13391465,1,0
17323393,1432,1,3511645,3511645,17323393,13811748,13811748,47588,13764160,1,0
17360930,1405,1,3478648,3478648,17360930,13882282,13882282,206134,13676148,1,0
17366148,1320,1,3365017,3365017,17366148,14001131,14001131,1573695,12427436,1,0
17388315,1314,1,3363614,3363614,17388315,14024701,14024701,1700620,12324081,1,0
17449782,1394,1,3445013,3445013,17449782,14004769,14004769,440331,13564438,1,0
17452276,1406,1,3482800,3482800,17452276,13969476,13969476,296927,13672549,1,0
17455596,1288,1,3359921,3359921,17455596,14095675,14095675,2363024,11732651,1,0
17462915,1446,1,3518233,3518233,17462915,13944682,13944682,17839,13926843,1,0
17491798,1369,1,3427983,3427983,17491798,14063815,14063815,1011330,13052485,1,0
17506733,1450,1,3529058,3529058,17506733,13977675,13977675,22135,13955540,1,0
17525060,1390,1,3444910,3444910,17525060,14080150,14080150,600973,13479177,1,0
17529755,1451,1,3529148,3529148,17529755,14000607,14000607,30222,13970385,1,0
17547076,1442,1,3517854,3517854,17547076,14029222,14029222,165961,13863261,1,0
17553170,1436,1,3516025,3516025,17553170,14037145,14037145,236977,13800168,1,0
17554201,1453,1,3529655,3529655,17554201,14024546,14024546,31646,13992900,1,0
17572017,1454,1,3529934,3529934,17572017,14042083,14042083,32141,14009942,1,0
17590812,1457,1,3537065,3537065,17590812,14053747,14053747,43811,14009936,1,0
17600533,1456,1,3530171,3530171,17600533,14070362,14070362,54563,14015799,1,0
17603763,1212,1,3193578,3193578,17603763,14410185,14410185,3947092,10463093,1,0
17608029,1458,1,3537196,3537196,17608029,14070833,14070833,43212,14027621,1,0
17609510,1443,1,3517999,3517999,17609510,14091511,14091511,166928,13924583,1,0
17611098,1473,1,3581313,3581313,17611098,14029785,14029785,10269,14019516,1,0
17614273,1196,1,3193509,3193509,17614273,14420764,14420764,4868202,9552562,1,0
17622018,1439,1,3517155,3517155,17622018,14104863,14104863,268288,13836575,1,0
17638306,1459,1,3537306,3537306,17638306,14101000,14101000,54694,14046306,1,0
17641987,1475,1,3586937,3586937,17641987,14055050,14055050,38089,14016961,1,0
17647370,1474,1,3585504,3585504,17647370,14061866,14061866,45060,14016806,1,0
17650145,1472,1,3580224,3580224,17650145,14069921,14069921,53582,14016339,1,0
17675468,1404,1,3458247,3458247,17675468,14217221,14217221,529612,13687609,1,0
17696750,1494,1,3615514,3615514,17696750,14081236,14081236,53805,14027431,1,0
17711238,1497,1,3616104,3616104,17711238,14095134,14095134,21688,14073446,1,0
17716961,1231,1,3193655,3193655,17716961,14523306,14523306,3248886,11274420,1,0
17729862,1499,1,3616896,3616896,17729862,14112966,14112966,20101,14092865,1,0
17771753,1367,1,3426742,3426742,17771753,14345011,14345011,1391934,12953077,1,0
17776208,1501,1,3617060,3617060,17776208,14159148,14159148,11655,14147493,1,0
17778807,1223,1,3193624,3193624,17778807,14585183,14585183,3772365,10812818,1,0
17797279,1503,1,3617456,3617456,17797279,14179823,14179823,25672,14154151,1,0
17799079,1502,1,3617144,3617144,17799079,14181935,14181935,30071,14151864,1,0
17808496,1452,1,3529517,3529517,17808496,14278979,14278979,290636,13988343,1,0
17846528,1506,1,3617583,3617583,17846528,14228945,14228945,45232,14183713,1,0
17863666,1197,1,3193513,3193513,17863666,14670153,14670153,5060658,9609495,1,0
17864824,1409,1,3485998,3485998,17864824,14378826,14378826,696841,13681985,1,0
17922743,1200,1,3193529,3193529,17922743,14729214,14729214,4865844,9863370,1,0
17925604,1493,1,3615392,3615392,17925604,14310212,14310212,285434,14024778,1,0
17932623,1449,1,3525329,3525329,17932623,14407294,14407294,476908,13930386,1,0
17935751,1514,1,3622084,3622084,17935751,14313667,14313667,10328,14303339,1,0
17944716,1513,1,3621920,3621920,17944716,14322796,14322796,26312,14296484,1,0
17953420,574,1,1988375,1988375,17953420,15965045,15965045,12007846,3957199,1,0
17961187,833,1,2632777,2632777,17961187,15328410,15328410,9990437,5337973,1,0
17993391,1515,1,3622334,3622334,17993391,14371057,14371057,64840,14306217,1,0
18030362,1500,1,3616971,3616971,18030362,14413391,14413391,307700,14105691,1,0
18035500,1519,1,3622703,3622703,18035500,14412797,14412797,49309,14363488,1,0
18046526,1324,1,3365714,3365714,18046526,14680812,14680812,2196366,12484446,1,0
18049602,1521,1,3622884,3622884,18049602,14426718,14426718,21302,14405416,1,0
18058847,1498,1,3616820,3616820,18058847,14442027,14442027,354809,14087218,1,0
18066190,1487,1,3604303,3604303,18066190,14461887,14461887,435084,14026803,1,0
18096741,1520,1,3622812,3622812,18096741,14473929,14473929,73579,14400350,1,0
18106202,1532,1,3625250,3625250,18106202,14480952,14480952,47212,14433740,1,0
18138759,1534,1,3625896,3625896,18138759,14512863,14512863,39757,14473106,1,0
18143513,1524,1,3623111,3623111,18143513,14520402,14520402,104187,14416215,1,0
18163875,1338,1,3371378,3371378,18163875,14792497,14792497,2126459,12666038,1,0
18169081,1538,1,3634332,3634332,18169081,14534749,14534749,32768,14501981,1,0
18177382,1533,1,3625753,3625753,18177382,14551629,14551629,87841,14463788,1,0
18183302,1539,1,3635605,3635605,18183302,14547697,14547697,26627,14521070,1,0
18212800,1411,1,3487778,3487778,18212800,14725022,14725022,1014801,13710221,1,0
18228513,1535,1,3626244,3626244,18228513,14602269,14602269,96954,14505315,1,0
18305973,1548,1,3668548,3668548,18305973,14637425,14637425,135791,14501634,1,0
18408382,1372,1,3428118,3428118,18408382,14980264,14980264,1889794,13090470,1,0
18434860,1359,1,3412047,3412047,18434860,15022813,15022813,2111597,12911216,1,0
18447357,1566,1,3705591,3705591,18447357,14741766,14741766,46175,14695591,1,0
18515401,1565,1,3703723,3703723,18515401,14811678,14811678,216628,14595050,1,0
18527993,1395,1,3445055,3445055,18527993,15082938,15082938,1512402,13570536,1,0
18533446,1570,1,3706039,3706039,18533446,14827407,14827407,12653,14814754,1,0
18537647,1573,1,3706329,3706329,18537647,14831318,14831318,11401,14819917,1,0
18611871,1509,1,3618303,3618303,18611871,14993568,14993568,755405,14238163,1,0
18625744,1557,1,3694117,3694117,18625744,14931627,14931627,420144,14511483,1,0
18634344,1580,1,3708405,3708405,18634344,14925939,14925939,15800,14910139,1,0
18653805,1579,1,3708324,3708324,18653805,14945481,14945481,49134,14896347,1,0
18666865,1054,1,2989800,2989800,18666865,15677065,15677065,8387227,7289838,1,0
18670100,1582,1,3708556,3708556,18670100,14961544,14961544,42956,14918588,1,0
18699155,1516,1,3622423,3622423,18699155,15076732,15076732,761639,14315093,1,0
18701274,1517,1,3622500,3622500,18701274,15078774,15078774,755054,14323720,1,0
18708609,1596,1,3761771,3761771,18708609,14946838,14946838,14535,14932303,1,0
18711628,1586,1,3708871,3708871,18711628,15002757,15002757,48728,14954029,1,0
18722655,1612,1,3782099,3782099,18722655,14940556,14940556,18227,14922329,1,0
18739342,1613,1,3783673,3783673,18739342,14955669,14955669,23887,14931782,1,0
18749871,419,1,1690894,1690894,18749871,17058977,17058977,16175850,883127,52,0
18765038,1568,1,3705784,3705784,18765038,15059254,15059254,324881,14734373,1,0
18786464,1609,1,3772020,3772020,18786464,15014444,15014444,85055,14929389,1,0
18787703,1569,1,3705944,3705944,18787703,15081759,15081759,279502,14802257,1,0
18817154,1614,1,3784102,3784102,18817154,15033052,15033052,85012,14948040,1,0
18826663,1218,1,3193600,3193600,18826663,15633063,15633063,5016574,10616489,1,0
18879802,1217,1,3193597,3193597,18879802,15686205,15686205,5075047,10611158,1,0
18923577,1505,1,3617543,3617543,18923577,15306034,15306034,1131698,14174336,1,0
19080257,1633,1,3797268,3797268,19080257,15282989,15282989,163880,15119109,1,0
19097743,1556,1,3692921,3692921,19097743,15404822,15404822,921641,14483181,1,0
19114531,1518,1,3622628,3622628,19114531,15491903,15491903,1160544,14331359,1,0
19116874,1567,1,3705704,3705704,19116874,15411170,15411170,689214,14721956,1,0
19170797,1227,1,3193640,3193640,19170797,15977157,15977157,4989174,10987983,1,0
19237498,572,1,1982246,1982246,19237498,17255252,17255252,13387715,3867537,1,0
19245005,1585,1,3708773,3708773,19245005,15536232,15536232,585340,14950892,1,0
19269497,1661,1,3849992,3849992,19269497,15419505,15419505,31692,15387813,1,0
19298516,1542,1,3654916,3654916,19298516,15643600,15643600,1136635,14506965,1,0
19439852,1191,1,3193483,3193483,19439852,16246369,16246369,7189874,9056495,1,0
19613832,1531,1,3625213,3625213,19613832,15988619,15988619,1562185,14426434,1,0
19639264,1425,1,3502396,3502396,19639264,16136868,16136868,2391984,13744884,1,0
19880334,1479,1,3595701,3595701,19880334,16284633,16284633,2273261,14011372,1,0
19937217,1647,1,3827424,3827424,19937217,16109793,16109793,846674,15263119,1,0
19938753,1623,1,3794720,3794720,19938753,16144033,16144033,1180915,14963118,1,0
19940302,1684,1,3949690,3949690,19940302,15990612,15990612,67168,15923444,1,0
19950626,1688,1,3950047,3950047,19950626,16000579,16000579,19073,15981506,1,0
19953040,1685,1,3949787,3949787,19953040,16003253,16003253,23023,15980230,1,0
19954334,1690,1,3950183,3950183,19954334,16004151,16004151,21232,15982919,1,0
20117618,1447,1,3520575,3520575,20117618,16597043,16597043,2669222,13927821,1,0
20142570,1683,1,3949616,3949616,20142570,16192954,16192954,510506,15682448,1,0
20149875,1691,1,3953261,3953261,20149875,16196614,16196614,206449,15990165,1,0
20156298,1699,1,3960924,3960924,20156298,16195374,16195374,20928,16174446,1,0
20198102,1060,1,2991721,2991721,20198102,17206381,17206381,9777355,7429026,1,0
20216241,1663,1,3864395,3864395,20216241,16351846,16351846,924925,15426921,1,0
20242074,1701,1,3961080,3961080,20242074,16280994,16280994,99399,16181595,1,0
20253028,1707,1,3961599,3961599,20253028,16291429,16291429,18154,16273275,1,0
20257035,1286,1,3359853,3359853,20257035,16897182,16897182,5199593,11697589,1,0
20265092,1692,1,3959146,3959146,20265092,16305946,16305946,319252,15986694,1,0
20277660,1709,1,3961747,3961747,20277660,16315913,16315913,31832,16284081,1,0
20294124,1718,1,3970334,3970334,20294124,16323790,16323790,23664,16300126,1,0
20304735,1697,1,3960814,3960814,20304735,16343921,16343921,194317,16149604,1,0
20311413,1726,1,4010915,4010915,20311413,16300498,16300498,13878,16286620,1,0
20317031,1729,1,4014555,4014555,20317031,16302476,16302476,12818,16289658,1,0
20357267,888,1,2743130,2743130,20357267,17614137,17614137,11698074,5916063,1,0
20363222,1703,1,3961334,3961334,20363222,16401888,16401888,172320,16229568,1,0
20363946,1732,1,4016446,4016446,20363946,16347500,16347500,13879,16333621,1,0
20394005,1733,1,4016536,4016536,20394005,16377469,16377469,37983,16339486,1,0
20434863,1702,1,3961236,3961236,20434863,16473627,16473627,285765,16187862,1,0
20452015,1397,1,3445118,3445118,20452015,17006897,17006897,3351401,13655496,1,0
20452060,1734,1,4016712,4016712,20452060,16435348,16435348,95314,16340034,1,0
20521348,1636,1,3797987,3797987,20521348,16723361,16723361,1448291,15275070,1,0
20550960,1739,1,4020373,4020373,20550960,16530587,16530587,123297,16407290,1,0
20585109,1775,1,4092939,4092939,20585109,16492170,16492170,41349,16450821,1,0
20630231,1668,1,3900131,3900131,20630231,16730100,16730100,1023599,15706501,1,0
20649737,1742,1,4023745,4023745,20649737,16625992,16625992,204922,16421070,1,0
20669658,1704,1,3961442,3961442,20669658,16708216,16708216,460617,16247599,1,0
20686454,1787,1,4109733,4109733,20686454,16576721,16576721,23996,16552725,1,0
20693006,1782,1,4104385,4104385,20693006,16588621,16588621,50469,16538152,1,0
20762682,1430,1,3510026,3510026,20762682,17252656,17252656,3512289,13740367,1,0
20782746,1792,1,4124425,4124425,20782746,16658321,16658321,103492,16554829,1,0
20796559,1471,1,3580208,3580208,20796559,17216351,17216351,3203226,14013125,1,0
20801042,1595,1,3760386,3760386,20801042,17040656,17040656,2109087,14931569,1,0
20824439,1797,1,4125000,4125000,20824439,16699439,16699439,35080,16664359,1,0
20835252,1043,1,2972813,2972813,20835252,17862439,17862439,10780594,7081845,1,0
20844488,1800,1,4125628,4125628,20844488,16718860,16718860,16436,16702424,1,0
20861114,1799,1,4125286,4125286,20861114,16735828,16735828,43875,16691953,1,0
20877378,1801,1,4125921,4125921,20877378,16751457,16751457,40090,16711367,1,0
20883341,1725,1,4006238,4006238,20883341,16877103,16877103,596417,16280686,1,0
20981164,1712,1,3961974,3961974,20981164,17019190,17019190,731329,16287861,1,0
20995007,1796,1,4124790,4124790,20995007,16870217,16870217,219461,16650756,1,0
20999609,1179,1,3193433,3193433,20999609,17806176,17806176,9410840,8395336,1,0
21066059,1815,1,4173649,4173649,21066059,16892410,16892410,189918,16702492,1,0
21071691,1584,1,3708703,3708703,21071691,17362988,17362988,2425086,14937902,1,0
21075616,1794,1,4124658,4124658,21075616,16950958,16950958,389810,16561148,1,0
21093239,1835,1,4210537,4210537,21093239,16882702,16882702,28748,16853954,1,0
21101582,1833,1,4209674,4209674,21101582,16891908,16891908,42723,16849185,1,0
21104569,1735,1,4016780,4016780,21104569,17087789,17087789,717764,16370025,1,0
21109956,1847,1,4224234,4224234,21109956,16885722,16885722,15574,16870148,1,0
21112954,1507,1,3617610,3617610,21112954,17495344,17495344,3273626,14221718,1,0
21115040,1780,1,4101388,4101388,21115040,17013652,17013652,492009,16521643,1,0
21117879,1798,1,4125138,4125138,21117879,16992741,16992741,324037,16668704,1,0
21191954,1850,1,4226057,4226057,21191954,16965897,16965897,89198,16876699,1,0
21214150,1868,1,4272038,4272038,21214150,16942112,16942112,103471,16838641,1,0
21232681,1510,1,3618823,3618823,21232681,17613858,17613858,3375057,14238801,1,0
21238333,1878,1,4291633,4291633,21238333,16946700,16946700,31383,16915317,1,0
21288864,1832,1,4208644,4208644,21288864,17080220,17080220,296455,16783765,1,0
21295623,1795,1,4124720,4124720,21295623,17170903,17170903,540141,16630762,1,0
21305065,1870,1,4275845,4275845,21305065,17029220,17029220,120311,16908909,1,0
21326757,1848,1,4225088,4225088,21326757,17101669,17101669,229388,16872281,1,0
21331340,1777,1,4095020,4095020,21331340,17236320,17236320,753431,16482889,1,0
21394114,1370,1,3428071,3428071,21394114,17966043,17966043,4901838,13064205,1,0
21409514,1811,1,4156320,4156320,21409514,17253194,17253194,555600,16697594,1,0
21441304,1837,1,4214501,4214501,21441304,17226803,17226803,372888,16853915,1,0
21441992,1889,1,4299389,4299389,21441992,17142603,17142603,55078,17087525,1,0
21526575,1894,1,4306246,4306246,21526575,17220329,17220329,91783,17128546,1,0
21531029,1887,1,4299094,4299094,21531029,17231935,17231935,211472,17020463,1,0
21538353,1893,1,4306126,4306126,21538353,17232227,17232227,104249,17127978,1,0
21546248,1885,1,4298860,4298860,21546248,17247388,17247388,257825,16989563,1,0
21546629,1896,1,4306288,4306288,21546629,17240341,17240341,22800,17217541,1,0
21550392,396,1,1690786,1690786,21550392,19859606,19859606,19470558,389048,51,0
21617191,1576,1,3707853,3707853,21617191,17909338,17909338,3086744,14822594,1,0
21635203,1884,1,4298657,4298657,21635203,17336546,17336546,353539,16983007,1,0
21648721,1656,1,3844194,3844194,21648721,17804527,17804527,2418423,15386104,1,0
21656590,1629,1,3796510,3796510,21656590,17860080,17860080,2837127,15022953,1,0
21691085,1816,1,4174044,4174044,21691085,17517041,17517041,717121,16799920,1,0
21697550,1897,1,4306419,4306419,21697550,17391131,17391131,166397,17224734,1,0
21698448,1919,1,4319218,4319218,21698448,17379230,17379230,8098,17371132,1,0
21704562,1925,1,4341492,4341492,21704562,17363070,17363070,13314,17349756,1,0
21740388,1927,1,4353063,4353063,21740388,17387325,17387325,43026,17344299,1,0
21794935,1888,1,4299244,4299244,21794935,17495691,17495691,470795,17024896,1,0
21824864,1730,1,4014622,4014622,21824864,17810242,17810242,1515033,16295209,1,0
21824930,1818,1,4185054,4185054,21824930,17639876,17639876,837123,16802753,1,0
21825966,873,1,2736644,2736644,21825966,19089322,19089322,13193863,5895459,1,0
21848040,1694,1,3960254,3960254,21848040,17887786,17887786,1900906,15986880,1,0
21866981,1886,1,4298927,4298927,21866981,17568054,17568054,569116,16998938,1,0
21916066,1931,1,4353126,4353126,21916066,17562940,17562940,98336,17464604,1,0
22017370,1898,1,4307079,4307079,22017370,17710291,17710291,478322,17231969,1,0
22024273,1944,1,4364373,4364373,22024273,17659900,17659900,14103,17645797,1,0
22103590,1879,1,4291700,4291700,22103590,17811890,17811890,878109,16933781,1,0
22144676,1814,1,4170856,4170856,22144676,17973820,17973820,1274498,16699322,1,0
22144998,1771,1,4087394,4087394,22144998,18057604,18057604,1630850,16426754,1,0
22157728,1963,1,4419234,4419234,22157728,17738494,17738494,20252,17718242,1,0
22188620,1867,1,4269940,4269940,22188620,17918680,17918680,1080780,16837900,1,0
22195896,1986,1,4486285,4486285,22195896,17709611,17709611,14476,17695135,1,0
22264378,1983,1,4483812,4483812,22264378,17780566,17780566,113850,17666716,1,0
22284740,1306,1,3362419,3362419,22284740,18922321,18922321,6789943,12132378,1,0
22286928,1992,1,4491156,4491156,22286928,17795772,17795772,9388,17786384,1,0
22291527,1882,1,4294766,4294766,22291527,17996761,17996761,1060394,16936367,1,0
22292983,1993,1,4498182,4498182,22292983,17794801,17794801,13255,17781546,1,0
22326255,1994,1,4498787,4498787,22326255,17827468,17827468,41928,17785540,1,0
22342936,1997,1,4499824,4499824,22342936,17843112,17843112,23881,17819231,1,0
22360303,1934,1,4353128,4353128,22360303,18007175,18007175,500522,17506653,1,0
22391166,1996,1,4499762,4499762,22391166,17891404,17891404,105383,17786021,1,0
22420621,1929,1,4353125,4353125,22420621,18067496,18067496,632886,17434610,1,0
22434038,1933,1,4353128,4353128,22434038,18080910,18080910,593198,17487712,1,0
22463043,1991,1,4489242,4489242,22463043,17973801,17973801,205865,17767936,1,0
22585557,1953,1,4384611,4384611,22585557,18200946,18200946,568484,17632462,1,0
22597642,560,2,1978854,1978854,22597642,20618788,20618788,16616,20602172,1,0
22623759,440,1,1691558,1691558,22623759,20932201,20932201,19550442,1381759,116,0
22650638,1183,1,3193452,3193452,22650638,19457186,19457186,10920843,8536343,1,0
22805747,1999,1,4508448,4508448,22805747,18297299,18297299,470011,17827288,1,0
22859181,1895,1,4306246,4306246,22859181,18552935,18552935,1339806,17213129,1,0
22950750,1928,1,4353064,4353064,22950750,18597686,18597686,1217562,17380124,1,0
22979711,1300,1,3361468,3361468,22979711,19618243,19618243,7534036,12084207,1,0
23003711,567,2,1981247,1981247,23003711,21022464,21022464,27982,20994482,1,0
23014035,1964,1,4420096,4420096,23014035,18593939,18593939,876237,17717702,1,0
23054913,562,2,1979101,1979101,23054913,21075812,21075812,461555,20614257,1,0
23063643,302,2,1601625,1601625,23063643,21462018,21462018,852892,20609126,20,0
23131152,576,2,1996785,1996785,23131152,21134367,21134367,131403,21002964,1,0
23164675,1770,1,4087366,4087366,23164675,19077309,19077309,2719815,16357494,1,0
23179343,636,2,2153195,2153195,23179343,21026148,21026148,18654,21007494,1,0
23237860,634,2,2153142,2153142,23237860,21084718,21084718,177818,20906900,1,0
23267752,1624,1,3794751,3794751,23267752,19473001,19473001,4488488,14984513,1,0
23303924,460,1,1692034,1692034,23303924,21611890,21611890,19403845,2208045,77,0
23385889,103,1,1095725,1095725,23385889,22290164,22290164,22249131,41033,13,0
23677722,134,1,1161521,1161521,23677722,22516201,22516201,22473122,43079,26,0
23711112,1226,1,3193637,3193637,23711112,20517475,20517475,9562973,10954502,1,0
23775373,776,2,2450480,2450480,23775373,21324893,21324893,475612,20849281,1,0
23950786,399,1,1690807,1690807,23950786,22259979,22259979,21805883,454096,65,0
24115441,1916,1,4313042,4313042,24115441,19802399,19802399,2431556,17370843,1,0
24131746,825,2,2548896,2548896,24131746,21582850,21582850,185093,21397757,1,0
24214387,1431,1,3510139,3510139,24214387,20704248,20704248,6944576,13759672,1,0
24322279,1958,1,4392441,4392441,24322279,19929838,19929838,2225889,17703949,1,0
24374935,1192,1,3193487,3193487,24374935,21181448,21181448,12043796,9137652,1,0
24387139,1271,1,3344219,3344219,24387139,21042920,21042920,9483699,11559221,1,0
24500015,1325,1,3365736,3365736,24500015,21134279,21134279,8638474,12495805,1,0
24506448,837,2,2662093,2662093,24506448,21844355,21844355,10920,21833435,1,0
24541889,1652,1,3834993,3834993,24541889,20706896,20706896,5432215,15274681,1,0
24551705,834,2,2662033,2662033,24551705,21889672,21889672,423611,21466061,1,0
24577323,861,2,2736332,2736332,24577323,21840991,21840991,29556,21811435,1,0
24633791,835,2,2662056,2662056,24633791,21971735,21971735,423033,21548702,1,0
24678121,1930,1,4353126,4353126,24678121,20324995,20324995,2860457,17464538,1,0
24692151,1653,1,3837215,3837215,24692151,20854936,20854936,5528554,15326382,1,0
24723637,564,2,1979172,1979172,24723637,22744465,22744465,1868669,20875796,1,0
24912853,838,2,2662112,2662112,24912853,22250741,22250741,410873,21839868,1,0
24916719,123,1,1118114,1118114,24916719,23798605,23798605,23728033,70572,12,0
24987919,1892,1,4305861,4305861,24987919,20682058,20682058,3585605,17096453,1,0
25037945,1717,1,3969174,3969174,25037945,21068771,21068771,4780053,16288718,1,0
25045548,770,2,2427939,2427939,25045548,22617609,22617609,1812101,20805508,1,0
25046017,914,2,2782504,2782504,25046017,22263513,22263513,137147,22126366,1,0
25078986,916,2,2783923,2783923,25078986,22295063,22295063,45032,22250031,1,0
25117037,1550,2,3685334,3685334,25117037,21431703,21431703,74992,21356711,1,0
25119828,1628,1,3796485,3796485,25119828,21323343,21323343,6309874,15013469,1,0
25128219,1634,2,3797326,3797326,25128219,21330893,21330893,53144,21277749,1,0
25203299,1637,2,3798139,3798139,25203299,21405160,21405160,78838,21326322,1,0
25205495,1635,2,3797920,3797920,25205495,21407575,21407575,92435,21315140,1,0
25211076,1935,1,4353129,4353129,25211076,20857947,20857947,3302210,17555737,1,0
25212762,917,2,2784159,2784159,25212762,22428603,22428603,170969,22257634,1,0
25387230,474,1,1713634,1713634,25387230,23673596,23673596,21125651,2547945,59,0
25544429,1525,1,3623248,3623248,25544429,21921181,21921181,7502027,14419154,1,0
25566797,915,2,2782611,2782611,25566797,22784186,22784186,653954,22130232,1,0
25572389,374,1,1690276,1690276,25572389,23882113,23882113,23683703,198410,28,0
25648494,1665,2,3876469,3876469,25648494,21772025,21772025,109227,21662798,1,0
25664552,1821,2,4187459,4187459,25664552,21477093,21477093,20369,21456724,1,0
25682380,1824,2,4189402,4189402,25682380,21492978,21492978,22677,21470301,1,0
25685171,863,2,2736378,2736378,25685171,22948793,22948793,1055272,21893521,1,0
25746511,1678,2,3946168,3946168,25746511,21800343,21800343,183333,21617010,1,0
25917983,1639,2,3798179,3798179,25917983,22119804,22119804,716206,21403598,1,0
25956467,43,4,990126,990126,25956467,24966341,24966341,219464,24746877,14,0
26065824,475,1,1713637,1713637,26065824,24352187,24352187,21762548,2589639,51,0
26252991,390,1,1690745,1690745,26252991,24562246,24562246,24231651,330595,39,0
26344370,45,4,991447,991447,26344370,25352923,25352923,533286,24819637,7,0
26712297,754,2,2406416,2406416,26712297,24305881,24305881,3537308,20768573,1,0
26863891,1194,1,3193499,3193499,26863891,23670392,23670392,14390133,9280259,1,0
27023548,52,4,1000852,1000852,27023548,26022696,26022696,404907,25617789,12,0
27063325,1932,1,4353128,4353128,27063325,22710197,22710197,5244559,17465638,1,0
27233784,1254,1,3279636,3279636,27233784,23954148,23954148,12479660,11474488,1,0
27343509,635,2,2153175,2153175,27343509,25190334,25190334,4215961,20974373,1,0
27376129,1990,1,4489182,4489182,27376129,22886947,22886947,5187433,17699514,1,0
27392792,946,1,2810895,2810895,27392792,24581897,24581897,18198897,6383000,1,0
27397448,824,2,2541943,2541943,27397448,24855505,24855505,3626733,21228772,1,0
27538457,60,4,1020508,1020508,27538457,26517949,26517949,565127,25952822,9,0
27566654,70,4,1028741,1028741,27566654,26537913,26537913,177284,26360629,2,0
27601374,19,4,906308,906308,27601374,26695066,26695066,2777061,23918005,3,0
27663474,83,4,1068634,1068634,27663474,26594840,26594840,64510,26530330,1,0
27713162,71,4,1029550,1029550,27713162,26683612,26683612,177366,26506246,1,0
27926362,836,2,2662074,2662074,27926362,25264288,25264288,3555038,21709250,1,0
27977983,124,4,1119028,1119028,27977983,26858955,26858955,53957,26804998,1,0
27982205,126,4,1149652,1149652,27982205,26832553,26832553,6519,26826034,1,0
27998946,141,4,1163262,1163262,27998946,26835684,26835684,18730,26816954,1,0
28027501,170,4,1194187,1194187,28027501,26833314,26833314,30998,26802316,1,0
28066334,171,4,1194668,1194668,28066334,26871666,26871666,40795,26830871,1,0
28176414,865,2,2736420,2736420,28176414,25439994,25439994,3456627,21983367,1,0
28266937,862,2,2736359,2736359,28266937,25530578,25530578,3693525,21837053,1,0
28413840,1133,1,3079721,3079721,28413840,25334119,25334119,17163300,8170819,1,0
28467565,784,2,2470343,2470343,28467565,25997222,25997222,4794991,21202231,1,0
28959898,864,2,2736397,2736397,28959898,26223501,26223501,4285650,21937851,1,0
28972028,181,4,1241695,1241695,28972028,27730333,27730333,14535,27715798,1,0
29052088,1651,1,3834945,3834945,29052088,25217143,25217143,9944757,15272386,1,0
29214689,1184,1,3193455,3193455,29214689,26021234,26021234,17451773,8569461,1,0
29249360,1495,1,3615597,3615597,29249360,25633763,25633763,11581092,14052671,1,0
29404017,183,4,1245265,1245265,29404017,28158752,28158752,434074,27724678,1,0
29418090,195,4,1251897,1251897,29418090,28166193,28166193,16368,28149825,1,0
29479840,1441,1,3517379,3517379,29479840,25962461,25962461,12120892,13841569,1,0
29580655,1393,1,3444949,3444949,29580655,26135706,26135706,12645685,13490021,1,0
29623775,172,4,1195817,1195817,29623775,28427958,28427958,1559851,26868107,1,0
29639588,199,4,1255259,1255259,29639588,28384329,28384329,18178,28366151,1,0
29779648,200,4,1255294,1255294,29779648,28524354,28524354,142390,28381964,1,0
29809899,1193,1,3193495,3193495,29809899,26616404,26616404,17445846,9170558,1,0
29819389,1622,1,3794697,3794697,29819389,26024692,26024692,11076718,14947974,1,0
29831056,202,4,1255332,1255332,29831056,28575724,28575724,13959,28561765,1,0
29914521,573,1,1982272,1982272,29914521,27932249,27932249,24034533,3897716,1,0
30051283,1162,1,3138858,3138858,30051283,26912425,26912425,18632694,8279731,1,0
30147742,450,1,1691783,1691783,30147742,28455959,28455959,26563556,1892403,80,0
30344563,558,2,1978456,1978456,30344563,28366107,28366107,7914270,20451837,1,0
30411395,213,4,1278989,1278989,30411395,29132406,29132406,69494,29062912,1,0
30421467,758,1,2409759,2409759,30421467,28011708,28011708,23118459,4893249,1,0
30451792,180,4,1241289,1241289,30451792,29210503,29210503,2187666,27022837,1,0
30459792,214,4,1279070,1279070,30459792,29180722,29180722,50978,29129744,1,0
30615641,1638,2,3798158,3798158,30615641,26817483,26817483,5416081,21401402,1,0
30631138,1371,1,3428093,3428093,30631138,27203045,27203045,14118177,13084868,1,0
30646861,194,4,1251798,1251798,30646861,29395063,29395063,1399368,27995695,1,0
31316254,219,4,1284627,1284627,31316254,30031627,30031627,702524,29329103,1,0
31615229,1312,1,3363209,3363209,31615229,28252020,28252020,16022352,12229668,1,0
31692867,201,4,1255314,1255314,31692867,30437553,30437553,1915529,28522024,1,0
31739096,113,1,1099104,1099104,31739096,30639992,30639992,30550894,89098,11,0
31813028,563,2,1979127,1979127,31813028,29833901,29833901,9166648,20667253,1,0
31814184,238,4,1369754,1369754,31814184,30444430,30444430,3629,30440801,1,0
31817503,1664,1,3876343,3876343,31817503,27941160,27941160,12384851,15556309,1,0
31906707,239,4,1370008,1370008,31906707,30536699,30536699,94742,30441957,1,0
32004687,240,4,1371390,1371390,32004687,30633297,30633297,99920,30533377,1,0
32020842,149,1,1165363,1165363,32020842,30855479,30855479,30664370,191109,33,0
32066714,241,4,1371422,1371422,32066714,30695292,30695292,63935,30631357,1,0
32075235,203,4,1255347,1255347,32075235,30819888,30819888,2246456,28573432,1,0
32249082,1121,1,3067957,3067957,32249082,29181125,29181125,21342039,7839086,1,0
32284803,139,1,1161611,1161611,32284803,31123192,31123192,31051092,72100,30,0
32330101,245,4,1373901,1373901,32330101,30956200,30956200,257626,30698574,1,0
32346752,247,4,1378546,1378546,32346752,30968206,30968206,19478,30948728,1,0
32354239,251,4,1431972,1431972,32354239,30922267,30922267,10551,30911716,1,0
32387728,252,4,1432024,1432024,32387728,30955704,30955704,36501,30919203,1,0
32444445,244,4,1373136,1373136,32444445,31071309,31071309,379775,30691534,1,0
32746694,1207,1,3193559,3193559,32746694,29553135,29553135,19375489,10177646,1,0
32788824,246,4,1378443,1378443,32788824,31410381,31410381,542672,30867709,1,0
32798086,257,4,1462880,1462880,32798086,31335206,31335206,12093,31323113,1,0
32852690,80,4,1062187,1062187,32852690,31790503,31790503,5287995,26502508,1,0
32858795,260,4,1495907,1495907,32858795,31362888,31362888,62645,31300243,1,0
32929817,261,4,1497030,1497030,32929817,31432787,31432787,79704,31353083,1,0
32931697,263,4,1500042,1500042,32931697,31431655,31431655,3806,31427849,1,0
32943301,265,4,1501577,1501577,32943301,31441724,31441724,14234,31427490,1,0
33025132,69,4,1028041,1028041,33025132,31997091,31997091,5815447,26181644,5,0
33143186,405,1,1690850,1690850,33143186,31452336,31452336,30879290,573046,77,0
33180939,444,1,1691634,1691634,33180939,31489305,31489305,29895103,1594202,115,0
33201526,269,4,1542833,1542833,33201526,31658693,31658693,22636,31636057,1,0
33225710,262,4,1498794,1498794,33225710,31726916,31726916,368976,31357940,1,0
33376833,222,4,1284745,1284745,33376833,32092088,32092088,1686559,30405529,1,0
33473548,1640,2,3798201,3798201,33473548,29675347,29675347,8266168,21409179,1,0
33610425,274,4,1550798,1550798,33610425,32059627,32059627,236226,31823401,1,0
33644489,220,4,1284690,1284690,33644489,32359799,32359799,2999476,29360323,1,0
33646874,1504,1,3617511,3617511,33646874,30029363,30029363,15856795,14172568,1,0
33658041,1229,1,3193648,3193648,33658041,30464393,30464393,19298838,11165555,1,0
33658833,268,4,1542152,1542152,33658833,32116681,32116681,635677,31481004,1,0
33673549,461,1,1692048,1692048,33673549,31981501,31981501,29736838,2244663,83,0
33840834,1625,1,3796419,3796419,33840834,30044415,30044415,15060331,14984084,1,0
33940521,253,4,1432085,1432085,33940521,32508436,32508436,1555744,30952692,1,0
33981664,462,1,1692068,1692068,33981664,32289596,32289596,29994542,2295054,76,0
34006241,297,4,1601032,1601032,34006241,32405209,32405209,349307,32055902,1,0
34095718,281,4,1587106,1587106,34095718,32508612,32508612,440770,32067842,1,0
34100479,300,4,1601178,1601178,34100479,32499301,32499301,7105,32492196,1,0
34111218,301,4,1601204,1601204,34111218,32510014,32510014,13057,32496957,1,0
34263431,299,4,1601071,1601071,34263431,32662360,32662360,259050,32403310,1,0
34267949,304,4,1602805,1602805,34267949,32665144,32665144,6657,32658487,1,0
34271676,305,4,1602931,1602931,34271676,32668745,32668745,5740,32663005,1,0
34352322,303,4,1602535,1602535,34352322,32749787,32749787,243106,32506681,1,0
34389500,1561,1,3696452,3696452,34389500,30693048,30693048,16168187,14524861,1,0
34396835,470,4,1712214,1712214,34396835,32684621,32684621,9479,32675142,1,0
34612708,469,4,1712122,1712122,34612708,32900586,32900586,262622,32637964,1,0
34623869,472,4,1713270,1713270,34623869,32910599,32910599,13371,32897228,1,0
34627034,476,4,1714667,1714667,34627034,32912367,32912367,5228,32907139,1,0
34629954,480,4,1754118,1754118,34629954,32875836,32875836,5398,32870438,1,0
34693108,298,4,1601053,1601053,34693108,33092055,33092055,754465,32337590,1,0
34798827,488,4,1840397,1840397,34798827,32958430,32958430,107887,32850543,1,0
34799693,1230,1,3193652,3193652,34799693,31606041,31606041,20392379,11213662,1,0
34837755,481,4,1766927,1766927,34837755,33070828,33070828,210220,32860608,1,0
34883330,492,4,1844396,1844396,34883330,33038934,33038934,86534,32952400,1,0
35043339,221,4,1284714,1284714,35043339,33758625,33758625,3728909,30029716,1,0
35048961,306,4,1603522,1603522,35048961,33445439,33445439,779557,32665882,1,0
35103636,471,4,1712391,1712391,35103636,33391245,33391245,708768,32682477,1,0
35296654,496,4,1846107,1846107,35296654,33450547,33450547,415729,33034818,1,0
35330470,502,4,1863192,1863192,35330470,33467278,33467278,284362,33182916,1,0
35412564,494,4,1845683,1845683,35412564,33566881,33566881,577638,32989243,1,0
35439134,90,4,1081252,1081252,35439134,34357882,34357882,7777968,26579914,1,0
35495062,267,4,1541381,1541381,35495062,33953681,33953681,2553856,31399825,1,0
35532520,531,4,1944769,1944769,35532520,33587751,33587751,39712,33548039,1,0
35567352,278,4,1581732,1581732,35567352,33985620,33985620,1924690,32060930,1,0
35579394,534,4,1949120,1949120,35579394,33630274,33630274,14140,33616134,1,0
35657103,1914,1,4312695,4312695,35657103,31344408,31344408,14015582,17328826,1,0
35852346,529,4,1943224,1943224,35852346,33909122,33909122,415723,33493399,1,0
35920784,523,4,1931786,1931786,35920784,33988998,33988998,592860,33396138,1,0
36026497,217,4,1284564,1284564,36026497,34741933,34741933,5576679,29165254,1,0
36139687,577,4,1999867,1999867,36139687,34139820,34139820,289379,33850441,1,0
36363565,579,4,1999909,1999909,36363565,34363656,34363656,339064,34024592,1,0
36393155,270,4,1544882,1544882,36393155,34848273,34848273,3193470,31654803,1,0
36407438,582,4,2001933,2001933,36407438,34405505,34405505,46510,34358995,1,0
36765178,197,4,1253665,1253665,36765178,35511513,35511513,7349561,28161952,1,0
37047935,578,4,1999889,1999889,37047935,35048046,35048046,1129167,33918879,1,0
37058329,1264,1,3340533,3340533,37058329,33717796,33717796,22191385,11526411,1,0
37313764,46,4,991717,991717,37313764,36322047,36322047,11093523,25228524,11,0
37319665,651,4,2190311,2190311,37319665,35129354,35129354,8079,35121275,1,0
37393181,655,4,2192489,2192489,37393181,35200692,35200692,75926,35124766,1,0
37569770,619,1,2057998,2057998,37569770,35511772,35511772,31158874,4352898,1,0
37604149,658,4,2200224,2200224,37604149,35403925,35403925,37084,35366841,1,0
37634221,254,4,1432295,1432295,37634221,36201926,36201926,5192517,31009409,1,0
37638833,615,4,2008419,2008419,37638833,35630414,35630414,1248186,34382228,1,0
37667944,660,4,2206543,2206543,37667944,35461401,35461401,36100,35425301,1,0
37755343,14,1,881304,881304,37755343,36874039,36874039,36872754,1285,7,0
37796228,657,4,2199808,2199808,37796228,35596420,35596420,406168,35190252,1,0
37848224,659,4,2204380,2204380,37848224,35643844,35643844,246238,35397606,1,0
37854112,661,4,2206543,2206543,37854112,35647569,35647569,217656,35429913,1,0
37891156,672,4,2223453,2223453,37891156,35667703,35667703,44933,35622770,1,0
37909367,693,4,2285347,2285347,37909367,35624020,35624020,20621,35603399,1,0
37922407,711,4,2314770,2314770,37922407,35607637,35607637,15509,35592128,1,0
38177279,631,4,2152324,2152324,38177279,36024955,36024955,1771993,34252962,1,0
38218111,736,4,2373939,2373939,38218111,35844172,35844172,43375,35800797,1,0
38222511,740,4,2379419,2379419,38222511,35843092,35843092,6310,35836782,1,0
38337068,1313,1,3363305,3363305,38337068,34973763,34973763,22723530,12250233,1,0
38411553,271,4,1544974,1544974,38411553,36866579,36866579,5188442,31678137,1,0
38570576,813,4,2528322,2528322,38570576,36042254,36042254,161129,35881125,1,0
38595528,814,4,2528328,2528328,38595528,36067200,36067200,27052,36040148,1,0
38609450,735,4,2373644,2373644,38609450,36235806,36235806,689031,35546775,1,0
38624482,815,4,2530428,2530428,38624482,36094054,36094054,30837,36063217,1,0
38726658,819,4,2533783,2533783,38726658,36192875,36192875,105124,36087751,1,0
38813233,1211,1,3193575,3193575,38813233,35619658,35619658,25235513,10384145,1,0
38840805,753,4,2406387,2406387,38840805,36434418,36434418,620152,35814266,1,0
39013574,1845,1,4222975,4222975,39013574,34790599,34790599,17927535,16863064,1,0
39189481,721,7,2329770,2329770,39189481,36859711,36859711,349787,36509924,1,0
39401982,1912,1,4312420,4312420,39401982,35089562,35089562,17791991,17297571,1,0
39453602,818,4,2533763,2533763,39453602,36919839,36919839,847120,36072719,1,0
39484025,826,4,2550621,2550621,39484025,36933404,36933404,32831,36900573,1,0
39642225,823,4,2541525,2541525,39642225,37100700,37100700,917711,36182989,1,0
39646289,827,4,2550634,2550634,39646289,37095655,37095655,164659,36930996,1,0
39789442,682,1,2237532,2237532,39789442,37551910,37551910,32842623,4709287,1,0
39898950,828,4,2553029,2553029,39898950,37345921,37345921,259601,37086320,1,0
39928899,276,4,1579787,1579787,39928899,38349112,38349112,6320419,32028693,1,0
40266686,503,4,1863316,1863316,40266686,38403370,38403370,5165779,33237591,1,0
40269342,533,4,1946210,1946210,40269342,38323132,38323132,4738647,33584485,1,0
40663544,1235,1,3193670,3193670,40663544,37469874,37469874,26105465,11364409,1,0
40684775,845,4,2662324,2662324,40684775,38022451,38022451,420001,37602450,1,0
40831861,846,4,2662348,2662348,40831861,38169513,38169513,564407,37605106,1,0
40887094,580,4,1999956,1999956,40887094,38887138,38887138,4749356,34137782,1,0
40947562,851,4,2668703,2668703,40947562,38278859,38278859,62942,38215917,1,0
40950441,850,4,2668600,2668600,40950441,38281841,38281841,121157,38160684,1,0
40951121,849,4,2666580,2666580,40951121,38284541,38284541,268366,38016175,1,0
41015407,678,4,2227731,2227731,41015407,38787676,38787676,3163825,35623851,1,0
41060429,854,4,2703145,2703145,41060429,38357284,38357284,112524,38244760,1,0
41062793,632,4,2152367,2152367,41062793,38910426,38910426,4299724,34610702,1,0
41192913,852,4,2671185,2671185,41192913,38521728,38521728,248108,38273620,1,0
41205011,871,4,2736613,2736613,41205011,38468398,38468398,144365,38324033,1,0
41228822,894,4,2754107,2754107,41228822,38474715,38474715,25724,38448991,1,0
41264036,637,4,2153445,2153445,41264036,39110591,39110591,4218126,34892465,1,0
41304097,893,4,2753761,2753761,41304097,38550336,38550336,113019,38437317,1,0
41354770,918,4,2786487,2786487,41354770,38568283,38568283,52835,38515448,1,0
41383756,903,4,2762657,2762657,41383756,38621099,38621099,122313,38498786,1,0
41407883,855,4,2703279,2703279,41407883,38704604,38704604,459164,38245440,1,0
41420159,925,4,2796000,2796000,41420159,38624159,38624159,14112,38610047,1,0
41421267,951,4,2811545,2811545,41421267,38609722,38609722,3367,38606355,1,0
41438282,841,4,2662218,2662218,41438282,38776064,38776064,1511401,37264663,1,0
41474912,12,1,880145,880145,41474912,40594767,40594767,40594521,246,4,0
41543137,1641,2,3798226,3798226,41543137,37744911,37744911,16334046,21410865,1,0
41601293,663,4,2206945,2206945,41601293,39394348,39394348,3807040,35587308,1,0
41677701,953,4,2811641,2811641,41677701,38866060,38866060,258597,38607463,1,0
41852402,921,4,2788649,2788649,41852402,39063753,39063753,470633,38593120,1,0
41854091,964,4,2828503,2828503,41854091,39025588,39025588,381380,38644208,1,0
41919158,977,4,2839259,2839259,41919158,39079899,39079899,67175,39012724,1,0
41949159,979,4,2839402,2839402,41949159,39109757,39109757,31966,39077791,1,0
41960228,902,4,2759413,2759413,41960228,39200815,39200815,734259,38466556,1,0
42032588,982,4,2841605,2841605,42032588,39190983,39190983,85270,39105713,1,0
42116665,840,4,2662195,2662195,42116665,39454470,39454470,2219756,37234714,1,0
42275175,870,4,2736582,2736582,42275175,39538593,39538593,1216924,38321669,1,0
42335925,987,4,2850083,2850083,42335925,39485842,39485842,222080,39263762,1,0
42365592,919,4,2786492,2786492,42365592,39579100,39579100,1012979,38566121,1,0
42403301,967,4,2830160,2830160,42403301,39573141,39573141,804076,38769065,1,0
42404063,662,4,2206919,2206919,42404063,40197144,40197144,4738120,35459024,1,0
42413052,1662,1,3858030,3858030,42413052,38555022,38555022,23150755,15404267,1,0
42424660,497,4,1853263,1853263,42424660,40571397,40571397,7383731,33187666,1,0
42427582,1001,4,2882440,2882440,42427582,39545142,39545142,93888,39451254,1,0
42442247,1009,4,2890440,2890440,42442247,39551807,39551807,40615,39511192,1,0
42456902,1040,4,2969900,2969900,42456902,39487002,39487002,31143,39455859,1,0
42470204,1086,4,3020342,3020342,42470204,39449862,39449862,15838,39434024,1,0
42510630,1006,4,2888982,2888982,42510630,39621648,39621648,147241,39474407,1,0
42608828,1077,4,3013382,3013382,42608828,39595446,39595446,168439,39427007,1,0
42646641,1099,4,3053148,3053148,42646641,39593493,39593493,178338,39415155,1,0
42651474,989,4,2855387,2855387,42651474,39796087,39796087,378347,39417740,1,0
42661961,1163,4,3151206,3151206,42661961,39510755,39510755,12897,39497858,1,0
42682267,974,4,2837460,2837460,42682267,39844807,39844807,831798,39013009,1,0
42707843,1143,4,3088134,3088134,42707843,39619709,39619709,64337,39555372,1,0
42911675,1167,4,3163733,3163733,42911675,39747942,39747942,231241,39516701,1,0
42959260,1202,1,3193540,3193540,42959260,39765720,39765720,29846516,9919204,1,0
43018617,968,4,2830704,2830704,43018617,40187913,40187913,1342925,38844988,1,0
43072541,1165,4,3156678,3156678,43072541,39915863,39915863,412459,39503404,1,0
43100044,1284,4,3359587,3359587,43100044,39740457,39740457,29384,39711073,1,0
43405163,983,4,2842212,2842212,43405163,40562951,40562951,1446966,39115985,1,0
43562641,1256,4,3310232,3310232,43562641,40252409,40252409,653912,39598497,1,0
43627020,1333,4,3370210,3370210,43627020,40256810,40256810,528983,39727827,1,0
43642755,1112,4,3059288,3059288,43642755,40583467,40583467,1134458,39449009,1,0
43651043,1361,4,3418942,3418942,43651043,40232101,40232101,10118,40221983,1,0
43698508,867,4,2736539,2736539,43698508,40961969,40961969,2684914,38277055,1,0
43743730,1407,4,3483316,3483316,43743730,40260414,40260414,94578,40165836,1,0
43786281,1012,4,2891765,2891765,43786281,40894516,40894516,1363527,39530989,1,0
43788679,1424,4,3502023,3502023,43788679,40286656,40286656,4200,40282456,1,0
43835027,1360,4,3415395,3415395,43835027,40419632,40419632,211092,40208540,1,0
43845442,1412,4,3490509,3490509,43845442,40354933,40354933,149623,40205310,1,0
43930339,1468,4,3571109,3571109,43930339,40359230,40359230,86775,40272455,1,0
43965265,1477,4,3594743,3594743,43965265,40370522,40370522,37926,40332596,1,0
44072075,218,4,1284590,1284590,44072075,42787485,42787485,13614231,29173254,1,0
44132404,1342,4,3399195,3399195,44132404,40733209,40733209,571565,40161644,1,0
44191297,1544,4,3659762,3659762,44191297,40531535,40531535,121235,40410300,1,0
44334815,1416,4,3499991,3499991,44334815,40834824,40834824,592943,40241881,1,0
44336221,538,4,1952823,1952823,44336221,42383398,42383398,8759237,33624161,1,0
44341463,1334,4,3370237,3370237,44341463,40971226,40971226,938280,40032946,1,0
44862757,1175,4,3183638,3183638,44862757,41679119,41679119,2157324,39521795,1,0
44945040,1434,4,3514253,3514253,44945040,41430787,41430787,1158929,40271858,1,0
44952608,1857,1,4256276,4256276,44952608,40696332,40696332,23846854,16849478,1,0
45002204,1590,4,3744447,3744447,45002204,41257757,41257757,59212,41198545,1,0
45211514,829,4,2553043,2553043,45211514,42658471,42658471,5568087,37090384,1,0
45364126,1589,4,3744316,3744316,45364126,41619810,41619810,503548,41116262,1,0
45462094,1594,4,3758807,3758807,45462094,41703287,41703287,100932,41602355,1,0
45490198,1611,4,3777479,3777479,45490198,41712719,41712719,31210,41681509,1,0
45543901,1546,4,3661160,3661160,45543901,41882741,41882741,1354924,40527817,1,0
45617867,522,4,1930098,1930098,45617867,43687769,43687769,10323533,33364236,1,0
45735119,94,4,1092167,1092167,45735119,44642952,44642952,18024017,26618935,1,0
45770300,1910,1,4311954,4311954,45770300,41458346,41458346,24230871,17227475,1,0
45790770,1617,4,3786367,3786367,45790770,42004403,42004403,175442,41828961,1,0
45864167,1592,4,3746495,3746495,45864167,42117672,42117672,654977,41462695,1,0
45941267,1618,4,3789445,3789445,45941267,42151822,42151822,208005,41943817,1,0
47001477,1627,4,3796469,3796469,47001477,43205008,43205008,1140242,42064766,1,0
47012237,383,1,1690695,1690695,47012237,45321542,45321542,45017924,303618,36,0
47104183,1631,4,3796551,3796551,47104183,43307632,43307632,105556,43202076,1,0
47205625,1669,4,3934756,3934756,47205625,43270869,43270869,103425,43167444,1,0
47659860,1591,4,3746053,3746053,47659860,43913807,43913807,2660422,41253385,1,0
48014870,527,1,1936564,1936564,48014870,46078306,46078306,43059715,3018591,1,0
48838209,1615,4,3785220,3785220,48838209,45052989,45052989,3349861,41703128,1,0
49352157,370,1,1685912,1685912,49352157,47666245,47666245,47509853,156392,24,0
49900811,1616,4,3785531,3785531,49900811,46115280,46115280,4358731,41756549,1,0
49947144,1547,4,3665692,3665692,49947144,46281452,46281452,5614169,40667283,1,0
49974698,1674,4,3935479,3935479,49974698,46039219,46039219,30003,46009216,1,0
50209088,1673,4,3935370,3935370,50209088,46273718,46273718,310110,45963608,1,0
50211518,1675,4,3937203,3937203,50211518,46274315,46274315,239165,46035150,1,0
50225720,1676,4,3937928,3937928,50225720,46287792,46287792,19647,46268145,1,0
50348411,1677,4,3938171,3938171,50348411,46410240,46410240,139665,46270575,1,0
51010010,1670,4,3934777,3934777,51010010,47075233,47075233,3806347,43268886,1,0
51221273,1719,4,3974316,3974316,51221273,47246957,47246957,213104,47033853,1,0
51344047,1203,1,3193544,3193544,51344047,48150503,48150503,38211167,9939336,1,0
51649821,1545,4,3660369,3660369,51649821,47989452,47989452,7520528,40468924,1,0
51649977,1728,4,4013947,4013947,51649977,47636030,47636030,2473,47633557,1,0
51659959,1731,4,4016264,4016264,51659959,47643695,47643695,11833,47631862,1,0
51689356,1736,4,4019116,4019116,51689356,47670240,47670240,32020,47638220,1,0
52144340,1555,4,3692850,3692850,52144340,48451490,48451490,7810029,40641461,1,0
52335226,1693,4,3959582,3959582,52335226,48375644,48375644,2111366,46264278,1,0
52536952,1741,4,4021739,4021739,52536952,48515213,48515213,394496,48120717,1,0
52798756,3,8,476285,476285,52798756,52322471,52322471,52322471,0,0,0
53071186,1724,4,4005336,4005336,53071186,49065850,49065850,1852390,47213460,1,0
53208833,1751,4,4040500,4040500,53208833,49168333,49168333,674717,48493616,1,0
53613260,1672,4,3935213,3935213,53613260,49678047,49678047,4777041,44901006,1,0
53705583,1492,1,3615154,3615154,53705583,50090429,50090429,36070796,14019633,1,0
53733910,1650,4,3833043,3833043,53733910,49900867,49900867,6723575,43177292,1,0
54118048,418,1,1690891,1690891,54118048,52427157,52427157,51556152,871005,51,0
54126236,1186,1,3193463,3193463,54126236,50932773,50932773,42322463,8610310,1,0
54162961,1713,4,3963727,3963727,54162961,50199234,50199234,3816694,46382540,1,0
54271903,1626,4,3796441,3796441,54271903,50475462,50475462,8484093,41991369,1,0
54397299,1776,4,4094367,4094367,54397299,50302932,50302932,127218,50175714,1,0
54505481,1773,4,4089784,4089784,54505481,50415697,50415697,774624,49641073,1,0
54508540,1738,4,4019622,4019622,54508540,50488918,50488918,2821301,47667617,1,0
54634123,1630,4,3796527,3796527,54634123,50837596,50837596,8695730,42141866,1,0
54680322,1671,4,3935151,3935151,54680322,50745171,50745171,7022514,43722657,1,0
54850922,616,2,2008509,2008509,54850922,52842413,52842413,31800659,21041754,1,0
54864800,1806,4,4138995,4138995,54864800,50725805,50725805,17000,50708805,1,0
54897924,1198,1,3193517,3193517,54897924,51704407,51704407,42079141,9625266,1,0
55022118,1750,4,4040328,4040328,55022118,50981790,50981790,2689900,48291890,1,0
55164505,1437,4,3516892,3516892,55164505,51647613,51647613,11331431,40316182,1,0
55179164,1822,4,4188140,4188140,55179164,50991024,50991024,17406,50973618,1,0
55616227,1807,4,4139356,4139356,55616227,51476871,51476871,754188,50722683,1,0
55719712,984,4,2842353,2842353,55719712,52877359,52877359,13689014,39188345,1,0
55735722,1828,4,4197288,4197288,55735722,51538434,51538434,18856,51519578,1,0
55748996,1829,4,4197529,4197529,55748996,51551467,51551467,15879,51535588,1,0
55850073,1838,4,4215093,4215093,55850073,51634980,51634980,103243,51531737,1,0
55890125,1840,4,4217853,4217853,55890125,51672272,51672272,42167,51630105,1,0
55949919,1257,4,3310362,3310362,55949919,52639557,52639557,12934118,39705439,1,0
55984978,1772,4,4089411,4089411,55984978,51895567,51895567,2281438,49614129,1,0
56108160,1843,4,4222236,4222236,56108160,51885924,51885924,160239,51725685,1,0
56121436,1842,4,4221846,4221846,56121436,51899590,51899590,233351,51666239,1,0
56225764,1768,4,4086592,4086592,56225764,52139172,52139172,3018823,49120349,1,0
56226574,1858,4,4256980,4256980,56226574,51969594,51969594,244006,51725588,1,0
56235269,1869,4,4272964,4272964,56235269,51962305,51962305,11829,51950476,1,0
56240715,1873,4,4280398,4280398,56240715,51960317,51960317,8093,51952224,1,0
56258616,1874,4,4280490,4280490,56258616,51978126,51978126,20456,51957670,1,0
56394896,1228,1,3193644,3193644,56394896,53201252,53201252,42151792,11049460,1,0
56807008,1823,4,4188271,4188271,56807008,52618737,52618737,1630460,50988277,1,0
56848557,1891,4,4305250,4305250,56848557,52543307,52543307,43378,52499929,1,0
56861852,1903,4,4308202,4308202,56861852,52553650,52553650,15110,52538540,1,0
57017943,1866,4,4263429,4263429,57017943,52754514,52754514,898943,51855571,1,0
57513165,1144,7,3088486,3088486,57513165,54424679,54424679,14905765,39518914,1,0
57734697,1906,4,4309920,4309920,57734697,53424777,53424777,718788,52705989,1,0
57738657,1904,4,4309171,4309171,57738657,53429486,53429486,879215,52550271,1,0
57749556,1909,4,4310775,4310775,57749556,53438781,53438781,16779,53422002,1,0
57753217,1939,4,4355252,4355252,57753217,53397965,53397965,5591,53392374,1,0
57877585,1948,4,4374344,4374344,57877585,53503241,53503241,126336,53376905,1,0
57916474,1949,4,4374376,4374376,57916474,53542098,53542098,40825,53501273,1,0
58072750,1769,4,4087155,4087155,58072750,53985595,53985595,4461746,49523849,1,0
58185808,1827,4,4197246,4197246,58185808,53988562,53988562,2572469,51416093,1,0
58406099,1952,4,4384596,4384596,58406099,54021503,54021503,492703,53528800,1,0
58672367,1786,4,4107995,4107995,58672367,54564372,54564372,4040959,50523413,1,0
58765115,1872,4,4279427,4279427,58765115,54485688,54485688,2540394,51945294,1,0
58811152,1959,4,4392568,4392568,58811152,54418584,54418584,48822,54369762,1,0
58868937,7,8,671239,671239,58868937,58197698,58197698,7090786,51106912,1,0
58913671,1957,4,4392357,4392357,58913671,54521314,54521314,244300,54277014,1,0
58930934,1966,4,4429473,4429473,58930934,54501461,54501461,122260,54379201,1,0
59007923,1924,4,4340515,4340515,59007923,54667408,54667408,1271799,53395609,1,0
59010629,1969,4,4432125,4432125,59010629,54578504,54578504,4878,54573626,1,0
59021687,1967,4,4429857,4429857,59021687,54591830,54591830,110110,54481720,1,0
59266139,1788,4,4110710,4110710,59266139,55155429,55155429,4588090,50567339,1,0
59555931,1572,4,3706242,3706242,59555931,55849689,55849689,15216315,40633374,1,0
59622430,1977,4,4457783,4457783,59622430,55164647,55164647,69399,55095248,1,0
59626624,1956,4,4389794,4389794,59626624,55236830,55236830,1222542,54014288,1,0
59729876,1978,4,4457837,4457837,59729876,55272039,55272039,110292,55161747,1,0
59744707,1973,4,4434399,4434399,59744707,55310308,55310308,481411,54828897,1,0
59919027,1783,4,4104398,4104398,59919027,55814629,55814629,5416179,50398450,1,0
59932774,473,1,1713480,1713480,59932774,58219294,58219294,55702697,2516597,68,0
60000351,1985,4,4485874,4485874,60000351,55514477,55514477,258026,55256451,1,0
60080476,1752,4,4040559,4040559,60080476,56039917,56039917,7012067,49027850,1,0
60254782,1955,4,4389277,4389277,60254782,55865505,55865505,2070817,53794688,1,0
60273010,1954,4,4384943,4384943,60273010,55888067,55888067,2202991,53685076,1,0
60294480,1971,4,4433484,4433484,60294480,55860996,55860996,1286177,54574819,1,0
60345314,1984,4,4485312,4485312,60345314,55860002,55860002,617602,55242400,1,0
60443795,1968,4,4431138,4431138,60443795,56012657,56012657,1515090,54497567,1,0
60499720,1987,4,4486847,4486847,60499720,56012873,56012873,582761,55430112,1,0
60553137,1972,4,4434338,4434338,60553137,56118799,56118799,1534354,54584445,1,0
60836009,1980,4,4471989,4471989,60836009,56364020,56364020,1211795,55152225,1,0
60875698,1781,4,4103465,4103465,60875698,56772233,56772233,6480325,50291908,1,0
61298354,8,8,837589,837589,61298354,60460765,60460765,4639252,55821513,1,0
61324436,1989,4,4487642,4487642,61324436,56836794,56836794,1325978,55510816,1,0
61453888,30,8,931720,931720,61453888,60522168,60522168,157078,60365090,1,0
61828481,1890,4,4305223,4305223,61828481,57523258,57523258,5571721,51951537,1,0
61931683,32,8,946857,946857,61931683,60984826,60984826,104459,60880367,1,0
62951701,1863,4,4260899,4260899,62951701,58690802,58690802,6845751,51845051,1,0
63555546,9,8,837888,837888,63555546,62717658,62717658,5540214,57177444,1,0
64977859,16,8,896743,896743,64977859,64081116,64081116,5515923,58565193,3,0
65684621,38,8,961993,961993,65684621,64722628,64722628,707797,64014831,1,0
65689783,55,8,1004200,1004200,65689783,64685583,64685583,6164,64679419,1,0
65968442,56,8,1005202,1005202,65968442,64963240,64963240,279754,64683486,1,0
66272346,28,8,930880,930880,66272346,65341466,65341466,5751923,59589543,3,0
66443613,66,8,1024189,1024189,66443613,65419424,65419424,172367,65247057,1,0
66558864,61,8,1022485,1022485,66558864,65536379,65536379,591447,64944932,1,0
66562458,1774,4,4090632,4090632,66562458,62471826,62471826,12401702,50070124,1,0
66585121,73,8,1033426,1033426,66585121,65551695,65551695,24020,65527675,1,0
66907657,68,8,1025799,1025799,66907657,65881858,65881858,350315,65531543,1,0
67152984,37,8,961716,961716,67152984,66191268,66191268,3598447,62592821,1,0
67170224,36,8,956090,956090,67170224,66214134,66214134,5239798,60974336,1,0
67503534,1817,4,4179419,4179419,67503534,63324115,63324115,12483241,50840874,1,0
67626192,27,8,930730,930730,67626192,66695462,66695462,7248545,59446917,4,0
67695865,114,8,1099265,1099265,67695865,66596600,66596600,70930,66525670,1,0
69536269,1209,1,3193568,3193568,69536269,66342701,66342701,56081342,10261359,1,0
69979245,1219,1,3193604,3193604,69979245,66785641,66785641,56072167,10713474,1,0
70036785,116,8,1105595,1105595,70036785,68931190,68931190,59061,68872129,1,0
70112880,117,8,1105635,1105635,70112880,69007245,69007245,77576,68929669,1,0
70360492,79,8,1062109,1062109,70360492,69298383,69298383,3208691,66089692,1,0
72621436,118,8,1105822,1105822,72621436,71515614,71515614,2509850,69005764,1,0
72917855,119,8,1111825,1111825,72917855,71806030,71806030,2558620,69247410,1,0
73059841,121,8,1114608,1114608,73059841,71945233,71945233,143132,71802101,1,0
73081394,122,8,1115754,1115754,73081394,71965640,71965640,22924,71942716,1,0
74001439,1785,4,4107881,4107881,74001439,69893558,69893558,19494751,50398807,1,0
74060244,125,8,1133603,1133603,74060244,72926641,72926641,980107,71946534,1,0
74261416,128,8,1155403,1155403,74261416,73106013,73106013,202653,72903360,1,0
74547154,29,8,931137,931137,74547154,73616017,73616017,13672446,59943571,1,0
75185821,75,8,1042649,1042649,75185821,74143172,74143172,8601957,65541215,1,0
76059634,78,8,1062049,1062049,76059634,74997585,74997585,9153220,65844365,1,0
77684682,115,8,1101445,1101445,77684682,76583237,76583237,9989726,66593511,1,0
78137657,178,8,1238400,1238400,78137657,76899257,76899257,2953093,73946164,1,0
78494154,185,8,1245296,1245296,78494154,77248858,77248858,810493,76438365,1,0
79911439,26,8,930392,930392,79911439,78981047,78981047,19708155,59272892,8,0
80014922,1480,1,3599672,3599672,80014922,76415250,76415250,62400104,14015146,1,0
80046969,169,8,1181272,1181272,80046969,78865697,78865697,5786883,73078814,1,0
80092239,205,8,1262028,1262028,80092239,78830211,78830211,181788,78648423,1,0
80279488,1232,1,3193659,3193659,80279488,77085829,77085829,65756326,11329503,1,0
80921622,193,8,1251720,1251720,80921622,79669902,79669902,2428459,77241443,1,0
81436271,208,8,1272262,1272262,81436271,80164009,80164009,515632,79648377,1,0
84253957,1913,1,4312491,4312491,84253957,79941466,79941466,62625954,17315512,1,0
84700548,206,8,1262609,1262609,84700548,83437939,83437939,4654836,78783103,1,0
84713599,67,8,1025721,1025721,84713599,83687878,83687878,18271586,65416292,1,0
84771531,212,8,1277547,1277547,84771531,83493984,83493984,59189,83434795,1,0
84873282,223,8,1293192,1293192,84873282,83580090,83580090,103008,83477082,1,0
84884398,528,4,1941972,1941972,84884398,82942426,82942426,49473880,33468546,1,0
84916641,1008,4,2890017,2890017,84916641,82026624,82026624,42515479,39511145,1,0
85276979,210,8,1273276,1273276,85276979,84003703,84003703,577992,83425711,1,0
85370693,225,8,1300071,1300071,85370693,84070622,84070622,498668,83571954,1,0
86721307,209,8,1273245,1273245,86721307,85448062,85448062,5286628,80161434,1,0
87304708,173,8,1207706,1207706,87304708,86097002,86097002,12758811,73338191,1,0
87657208,231,8,1350010,1350010,87657208,86307198,86307198,2287772,84019426,1,0
88295073,955,4,2814649,2814649,88295073,85480424,85480424,46858909,38621515,1,0
88452537,10,1,880076,880076,88452537,87572461,87572461,87572377,84,4,0
88733237,248,8,1384680,1384680,88733237,87348557,87348557,2013187,85335370,1,0
88919136,31,8,938339,938339,88919136,87980797,87980797,27466505,60514292,1,0
89323301,266,8,1523791,1523791,89323301,87799510,87799510,405422,87394088,1,0
89352678,272,8,1546316,1546316,89352678,87806362,87806362,30634,87775728,1,0
92166083,258,8,1463221,1463221,92166083,90702862,90702862,3872043,86830819,1,0
92251009,277,8,1580632,1580632,92251009,90670377,90670377,86026,90584351,1,0
93572127,179,8,1240489,1240489,93572127,92331638,92331638,17513699,74817939,1,0
93620872,296,8,1599339,1599339,93620872,92021533,92021533,49656,91971877,1,0
93855617,307,8,1604537,1604537,93855617,92251080,92251080,236002,92015078,1,0
94339212,264,8,1501448,1501448,94339212,92837764,92837764,5607210,87230554,1,0
94341331,356,8,1629463,1629463,94341331,92711868,92711868,3376,92708492,1,0
95475390,364,8,1669444,1669444,95475390,93805946,93805946,1135043,92670903,1,0
95647938,467,8,1702189,1702189,95647938,93945749,93945749,174062,93771687,1,0
95675502,477,8,1724431,1724431,95675502,93951071,93951071,28821,93922250,1,0
96071473,230,8,1339183,1339183,96071473,94732290,94732290,10795751,83936539,1,0
96147730,84,8,1071580,1071580,96147730,95076150,95076150,28978763,66097387,1,0
96999440,483,8,1774938,1774938,96999440,95224502,95224502,852980,94371522,1,0
98231590,479,8,1740302,1740302,98231590,96491288,96491288,2161374,94329914,1,0
98351854,273,8,1550718,1550718,98351854,96801136,96801136,9000367,87800769,1,0
98402283,487,8,1821990,1821990,98402283,96580293,96580293,171950,96408343,1,0
98593469,485,8,1806785,1806785,98593469,96786684,96786684,1595286,95191398,1,0
98613234,500,8,1862599,1862599,98613234,96750635,96750635,20739,96729896,1,0
98613693,505,8,1867662,1867662,98613693,96746031,96746031,2022,96744009,1,0
98914895,506,8,1872651,1872651,98914895,97042244,97042244,302577,96739667,1,0
99185392,493,8,1845539,1845539,99185392,97339853,97339853,835053,96504800,1,0
99206391,514,8,1886160,1886160,99206391,97320231,97320231,22256,97297975,1,0
99669165,478,8,1730719,1730719,99669165,97938446,97938446,3994920,93943526,1,0
99836736,510,8,1875106,1875106,99836736,97961630,97961630,923098,97038532,1,0
100005797,517,8,1895072,1895072,100005797,98110725,98110725,800920,97309805,1,0
101397534,1632,1,3797231,3797231,101397534,97600303,97600303,82524932,15075371,1,0
101476853,535,8,1951848,1951848,101476853,99525005,99525005,1641092,97883913,1,0
101921494,539,8,1957199,1957199,101921494,99964295,99964295,1917212,98047083,1,0
102254079,249,8,1409023,1409023,102254079,100845056,100845056,14950628,85894428,1,0
102315893,541,8,1959609,1959609,102315893,100356284,100356284,840317,99515967,1,0
102522145,561,8,1978879,1978879,102522145,100543266,100543266,207471,100335795,1,0
102722190,542,8,1961540,1961540,102722190,100760650,100760650,801953,99958697,1,0
102858636,495,8,1845693,1845693,102858636,101012943,101012943,4457714,96555229,1,0
103266869,565,8,1980098,1980098,103266869,101286771,101286771,745873,100540898,1,0
103482344,581,8,2001905,2001905,103482344,101480439,101480439,624851,100855588,1,0
104194928,587,8,2007731,2007731,104194928,102187197,102187197,713722,101473475,1,0
104659114,207,8,1271714,1271714,104659114,103387400,103387400,24567830,78819570,1,0
106505830,229,8,1336414,1336414,106505830,105169416,105169416,21622689,83546727,1,0
106557791,617,8,2013159,2013159,106557791,104544632,104544632,53386,104491246,1,0
106822871,602,8,2008139,2008139,106822871,104814732,104814732,2629373,102185359,1,0
107094262,621,8,2126772,2126772,107094262,104967490,104967490,272648,104694842,1,0
107099221,622,8,2133105,2133105,107099221,104966116,104966116,6216,104959900,1,0
107673889,623,8,2136763,2136763,107673889,105537126,105537126,575998,104961128,1,0
107695034,412,1,1690875,1690875,107695034,106004159,106004159,105310177,693982,76,0
107818073,626,8,2149297,2149297,107818073,105668776,105668776,145320,105523456,1,0
107827143,627,8,2150018,2150018,107827143,105677125,105677125,10645,105666480,1,0
108063205,355,8,1619883,1619883,108063205,106443322,106443322,14208845,92234477,1,0
110356889,586,8,2007701,2007701,110356889,108349188,108349188,7091188,101258000,1,0
110979782,1511,1,3619305,3619305,110979782,107360477,107360477,93064239,14296238,1,0
111177453,5,8,600049,600049,111177453,110577404,110577404,110577404,0,0,0
111322742,618,8,2013228,2013228,111322742,109309514,109309514,4766307,104543207,1,0
111589167,640,8,2154476,2154476,111589167,109434691,109434691,1233272,108201419,1,0
112249823,566,8,1980210,1980210,112249823,110269613,110269613,9528670,100740943,1,0
114693076,644,8,2161910,2161910,114693076,112531166,112531166,3105283,109425883,1,0
115119743,639,8,2153614,2153614,115119743,112966129,112966129,7057807,105908322,1,0
115244272,650,8,2189591,2189591,115244272,113054681,113054681,552341,112502340,1,0
115298073,518,8,1895143,1895143,115298073,113402930,113402930,15630351,97772579,1,0
115424464,1915,1,4312850,4312850,115424464,111111614,111111614,93775074,17336540,1,0
115545584,652,8,2190994,2190994,115545584,113354590,113354590,426797,112927793,1,0
115638126,664,8,2207663,2207663,115638126,113430463,113430463,214919,113215544,1,0
115722738,665,8,2209978,2209978,115722738,113512760,113512760,178411,113334349,1,0
116174332,666,8,2215343,2215343,116174332,113958989,113958989,537463,113421526,1,0
116272491,669,8,2220859,2220859,116272491,114051632,114051632,99416,113952216,1,0
116360221,653,8,2191069,2191069,116360221,114169152,114169152,1117369,113051783,1,0
116362091,1485,4,3603227,3603227,116362091,112758864,112758864,72398779,40360085,1,0
116433335,668,8,2220318,2220318,116433335,114213017,114213017,711545,113501472,1,0
116467305,674,8,2224179,2224179,116467305,114243126,114243126,108000,114135126,1,0
116533531,675,8,2225095,2225095,116533531,114308436,114308436,101555,114206881,1,0
116705526,679,8,2234074,2234074,116705526,114471452,114471452,239227,114232225,1,0
117021750,683,8,2239109,2239109,117021750,114782641,114782641,489476,114293165,1,0
117503182,673,8,2223540,2223540,117503182,115279642,115279642,1231737,114047905,1,0
120714496,686,8,2252441,2252441,120714496,118462055,118462055,4010548,114451507,1,0
121908327,690,8,2279108,2279108,121908327,119629219,119629219,4406824,115222395,1,0
121922402,692,8,2281652,2281652,121922402,119640750,119640750,15332,119625418,1,0
122543366,691,8,2279591,2279591,122543366,120263775,120263775,1830066,118433709,1,0
122650113,697,8,2304602,2304602,122650113,120345511,120345511,107751,120237760,1,0
122916767,698,8,2305032,2305032,122916767,120611735,120611735,267789,120343946,1,0
124132818,498,1,1860323,1860323,124132818,122272495,122272495,119701010,2571485,16,0
124866980,699,8,2305071,2305071,124866980,122561909,122561909,1951309,120610600,1,0
125466245,700,8,2305409,2305409,125466245,123160836,123160836,600829,122560007,1,0
126123253,192,8,1251444,1251444,126123253,124871809,124871809,47986641,76885168,1,0
126126829,708,8,2310700,2310700,126126829,123816129,123816129,4921,123811208,1,0
126233696,709,8,2312146,2312146,126233696,123921550,123921550,108124,123813426,1,0
127413001,606,8,2008272,2008272,127413001,125404729,125404729,22755184,102649545,1,0
127564069,715,8,2319624,2319624,127564069,125244445,125244445,152585,125091860,1,0
127761295,705,8,2309008,2309008,127761295,125452287,125452287,2296307,123155980,1,0
127930288,716,8,2322470,2322470,127930288,125607818,125607818,367177,125240641,1,0
129178335,718,8,2323037,2323037,129178335,126855298,126855298,1249702,125605596,1,0
129511452,719,8,2325593,2325593,129511452,127185859,127185859,334374,126851485,1,0
131547286,720,8,2326979,2326979,131547286,129220307,129220307,2037091,127183216,1,0
131838822,1911,1,4312249,4312249,131838822,127526573,127526573,110295630,17230943,1,0
132029277,696,8,2297936,2297936,132029277,129731341,129731341,10108519,119622822,1,0
132269562,722,8,2329815,2329815,132269562,129939747,129939747,723259,129216488,1,0
132300907,725,8,2335207,2335207,132300907,129965700,129965700,32602,129933098,1,0
132377935,723,8,2330062,2330062,132377935,130047873,130047873,350275,129697598,1,0
132405807,654,8,2191212,2191212,132405807,130214595,130214595,17109011,113105584,1,0
132921106,726,8,2336802,2336802,132921106,130584304,130584304,621456,129962848,1,0
133518351,120,8,1114093,1114093,133518351,132404258,132404258,60897837,71506421,1,0
133540858,732,8,2365646,2365646,133540858,131175212,131175212,620851,130554361,1,0
133867498,730,8,2362242,2362242,133867498,131505256,131505256,1462948,130042308,1,0
133890309,734,8,2372549,2372549,133890309,131517760,131517760,350546,131167214,1,0
134340122,733,8,2366023,2366023,134340122,131974099,131974099,823303,131150796,1,0
134413921,741,8,2379991,2379991,134413921,132033930,132033930,75137,131958793,1,0
135384594,714,8,2319610,2319610,135384594,133064984,133064984,9152429,123912555,1,0
135539413,642,8,2157440,2157440,135539413,133381973,133381973,24217928,109164045,1,0
136400135,738,8,2375225,2375225,136400135,134024910,134024910,2511083,131513827,1,0
137274798,628,8,2150028,2150028,137274798,135124770,135124770,29449220,105675550,1,0
137369125,744,8,2385513,2385513,137369125,134983612,134983612,1830969,133152643,1,0
137650737,746,8,2388184,2388184,137650737,135262553,135262553,377479,134885074,1,0
138201872,742,8,2381329,2381329,138201872,135820543,135820543,3789208,132031335,1,0
138310712,749,8,2404498,2404498,138310712,135906214,135906214,109932,135796282,1,0
140036846,743,8,2384534,2384534,140036846,137652312,137652312,4653231,132999081,1,0
140892028,751,8,2405183,2405183,140892028,138486845,138486845,856373,137630472,1,0
141002009,756,8,2407234,2407234,141002009,138594775,138594775,110992,138483783,1,0
141705134,737,8,2374026,2374026,141705134,139331108,139331108,7838659,131492449,1,0
141824292,748,8,2403395,2403395,141824292,139420897,139420897,4174658,135246239,1,0
142252752,765,8,2419952,2419952,142252752,139832800,139832800,430120,139402680,1,0
142457359,764,8,2419614,2419614,142457359,140037745,140037745,753431,139284314,1,0
142541179,771,8,2435862,2435862,142541179,140105317,140105317,289684,139815633,1,0
142606132,773,8,2446077,2446077,142606132,140160055,140160055,66632,140093423,1,0
142864330,772,8,2446000,2446000,142864330,140418330,140418330,407938,140010392,1,0
143014730,777,8,2452014,2452014,143014730,140562716,140562716,151657,140411059,1,0
143178509,728,8,2344821,2344821,143178509,140833688,140833688,10802071,130031617,1,0
143232101,779,8,2454686,2454686,143232101,140777415,140777415,55170,140722245,1,0
143885506,774,8,2446230,2446230,143885506,141439276,141439276,1280900,140158376,1,0
143896189,781,8,2462128,2462128,143896189,141434061,141434061,11940,141422121,1,0
143902827,783,8,2466707,2466707,143902827,141436120,141436120,8082,141428038,1,0
145200928,762,8,2411456,2411456,145200928,142789472,142789472,4200176,138589296,1,0
145204022,780,8,2454711,2454711,145204022,142749311,142749311,1973474,140775837,1,0
145285406,787,8,2479353,2479353,145285406,142806053,142806053,82290,142723763,1,0
145543632,786,8,2479196,2479196,145543632,143064436,143064436,343606,142720830,1,0
145626326,6,8,627951,627951,145626326,144998375,144998375,107500942,37497433,1,0
147288888,790,8,2480916,2480916,147288888,144807972,144807972,1746614,143061358,1,0
147767754,717,8,2322912,2322912,147767754,145444842,145444842,20007446,125437396,1,0
148424940,800,8,2486332,2486332,148424940,145938608,145938608,1137161,144801447,1,0
148497271,801,8,2487790,2487790,148497271,146009481,146009481,730709,145278772,1,0
148702883,802,8,2492333,2492333,148702883,146210550,146210550,279519,145931031,1,0
148812132,808,8,2502249,2502249,148812132,146309883,146309883,110358,146199525,1,0
148843833,809,8,2507193,2507193,148843833,146336640,146336640,32958,146303682,1,0
149266025,811,8,2512642,2512642,149266025,146753383,146753383,423449,146329934,1,0
149374348,812,8,2519332,2519332,149374348,146855016,146855016,109580,146745436,1,0
150416598,807,8,2501458,2501458,150416598,147915140,147915140,1920525,145994615,1,0
150684367,830,8,2560075,2560075,150684367,148124292,148124292,269026,147855266,1,0
150781898,687,8,2252454,2252454,150781898,148529444,148529444,33761713,114767731,1,0
151250596,858,8,2705757,2705757,151250596,148544839,148544839,470253,148074586,1,0
152004471,859,8,2712874,2712874,152004471,149291597,149291597,755137,148536460,1,0
152013892,789,8,2480826,2480826,152013892,149533066,149533066,6729934,142803132,1,0
152096025,821,8,2538363,2538363,152096025,149557662,149557662,2722584,146835078,1,0
152169186,878,8,2738352,2738352,152169186,149430834,149430834,156319,149274515,1,0
152174739,880,8,2738970,2738970,152174739,149435769,149435769,6456,149429313,1,0
152314769,860,8,2725043,2725043,152314769,149589726,149589726,311555,149278171,1,0
152920851,881,8,2739645,2739645,152920851,150181206,150181206,747559,149433647,1,0
153310903,883,8,2742538,2742538,153310903,150568365,150568365,391015,150177350,1,0
155331498,884,8,2742846,2742846,155331498,152588652,152588652,2021497,150567155,1,0
155416438,885,8,2742912,2742912,155416438,152673526,152673526,85851,152587675,1,0
155836050,857,8,2705699,2705699,155836050,153130351,153130351,5153296,147977055,1,0
155895646,887,8,2743102,2743102,155895646,153152544,153152544,61142,153091402,1,0
156066838,891,8,2753751,2753751,156066838,153313087,153313087,172546,153140541,1,0
156484681,879,8,2738353,2738353,156484681,153746328,153746328,4389680,149356648,1,0
156739736,886,8,2743072,2743072,156739736,153996664,153996664,1324874,152671790,1,0
157852214,750,8,2404645,2404645,157852214,155447569,155447569,19542447,135905122,1,0
157852920,896,8,2755390,2755390,157852920,155097530,155097530,1114612,153982918,1,0
158237825,895,8,2755202,2755202,158237825,155482623,155482623,1754760,153727863,1,0
158412874,897,8,2755596,2755596,158412874,155657278,155657278,561882,155095396,1,0
159869211,747,8,2403373,2403373,159869211,157465838,157465838,22501211,134964627,1,0
159876626,905,8,2767308,2767308,159876626,157109318,157109318,8765,157100553,1,0
159968312,892,8,2753753,2753753,159968312,157214559,157214559,3902826,153311733,1,0
160077348,899,8,2756946,2756946,160077348,157320402,157320402,2225997,155094405,1,0
160341256,910,8,2769942,2769942,160341256,157571314,157571314,373892,157197422,1,0
160656235,908,8,2769355,2769355,160656235,157886880,157886880,780737,157106143,1,0
160837064,901,8,2758563,2758563,160837064,158078501,158078501,2425828,155652673,1,0
161149246,911,8,2770483,2770483,161149246,158378763,158378763,1072994,157305769,1,0
161285686,940,8,2807448,2807448,161285686,158478238,158478238,449819,158028419,1,0
161354387,944,8,2810181,2810181,161354387,158544206,158544206,69735,158474471,1,0
161709808,882,8,2739712,2739712,161709808,158970096,158970096,9396419,149573677,1,0
161837980,795,8,2483315,2483315,161837980,159354665,159354665,16212602,143142063,1,0
161886545,959,8,2824767,2824767,161886545,159061778,159061778,49761,159012017,1,0
161955256,960,8,2825556,2825556,161955256,159129700,159129700,69779,159059921,1,0
162137957,961,8,2826337,2826337,162137957,159311620,159311620,184177,159127443,1,0
162153658,966,8,2829120,2829120,162153658,159324538,159324538,16741,159307797,1,0
162176086,958,8,2822534,2822534,162176086,159353552,159353552,467535,158886017,1,0
162242806,969,8,2831821,2831821,162242806,159410985,159410985,90413,159320572,1,0
162320070,970,8,2832444,2832444,162320070,159487626,159487626,145446,159342180,1,0
162448058,975,8,2838323,2838323,162448058,159609735,159609735,206188,159403547,1,0
162453791,978,8,2839393,2839393,162453791,159614398,159614398,6907,159607491,1,0
162457007,945,8,2810304,2810304,162457007,159646703,159646703,1103531,158543172,1,0
162552577,981,8,2839809,2839809,162552577,159712768,159712768,97128,159615640,1,0
163163824,976,8,2838710,2838710,163163824,160325114,160325114,844809,159480305,1,0
163205701,988,8,2855060,2855060,163205701,160350641,160350641,654538,159696103,1,0
163652048,941,8,2807547,2807547,163652048,160844501,160844501,2503900,158340601,1,0
163839643,1010,8,2891585,2891585,163839643,160948058,160948058,188881,160759177,1,0
163870260,1011,8,2891633,2891633,163870260,160978627,160978627,31855,160946772,1,0
164533634,980,8,2839765,2839765,164533634,161693869,161693869,2081445,159612424,1,0
164841558,990,8,2857028,2857028,164841558,161984530,161984530,1678991,160305539,1,0
164909374,1025,8,2899350,2899350,164909374,162010024,162010024,377261,161632763,1,0
165372981,1029,8,2907856,2907856,165372981,162465125,162465125,464599,162000526,1,0
165390386,1028,8,2907066,2907066,165390386,162483320,162483320,550025,161933295,1,0
165401846,1024,8,2899015,2899015,165401846,162502831,162502831,1532647,160970184,1,0
166541977,900,8,2758515,2758515,166541977,163783462,163783462,8305838,155477624,1,0
167590428,924,8,2795275,2795275,167590428,164795153,164795153,7250277,157544876,1,0
167595469,1065,8,2997034,2997034,167595469,164598435,164598435,6298,164592137,1,0
167747438,1066,8,3001711,3001711,167747438,164745727,164745727,153154,164592573,1,0
167915340,1067,8,3001927,3001927,167915340,164913413,164913413,168871,164744542,1,0
167926766,1068,8,3002159,3002159,167926766,164924607,164924607,12411,164912196,1,0
168986800,1063,8,2996127,2996127,168986800,165990673,165990673,2445730,163544943,1,0
169211946,778,8,2454643,2454643,169211946,166757303,166757303,26198837,140558466,1,0
169600086,1030,8,2908848,2908848,169600086,166691238,166691238,4228359,162462879,1,0
169636437,1078,8,3013782,3013782,169636437,166622655,166622655,37369,166585286,1,0
169773541,1079,8,3015240,3015240,169773541,166758301,166758301,138388,166619913,1,0
170590942,939,8,2807374,2807374,170590942,167783568,167783568,9935978,157847590,1,0
171547940,1082,8,3018469,3018469,171547940,168529471,168529471,1775521,166753950,1,0
174048635,1062,8,2995996,2995996,174048635,171052639,171052639,8647793,162404846,1,0
174099175,646,8,2170440,2170440,174099175,171928735,171928735,61850665,110078070,1,0
174215699,745,8,2388060,2388060,174215699,171827639,171827639,37817228,134010411,1,0
174215728,1088,8,3028259,3028259,174215728,171187469,171187469,168761,171018708,1,0
174343372,1091,8,3045764,3045764,174343372,171297608,171297608,129272,171168336,1,0
174522548,559,8,1978795,1978795,174522548,172543753,172543753,72269772,100273981,1,0
174875760,1087,8,3025072,3025072,174875760,171850688,171850688,3329377,168521311,1,0
174959474,1090,8,3045237,3045237,174959474,171914237,171914237,861521,171052716,1,0
174962444,1096,8,3046093,3046093,174962444,171916351,171916351,4240,171912111,1,0
175923599,1076,8,3013225,3013225,175923599,172910374,172910374,6712617,166197757,1,0
176132834,1093,8,3045805,3045805,176132834,173087029,173087029,1791020,171296009,1,0
176163946,991,8,2867960,2867960,176163946,173295986,173295986,12959502,160336484,1,0
176903580,1092,8,3045783,3045783,176903580,173857797,173857797,2689432,171168365,1,0
176908481,1111,8,3058804,3058804,176908481,173849677,173849677,5985,173843692,1,0
177093541,1109,8,3057117,3057117,177093541,174036424,174036424,961889,173074535,1,0
177098735,1114,8,3059698,3059698,177098735,174039037,174039037,6320,174032717,1,0
177374388,1113,8,3059668,3059668,177374388,174314720,174314720,467063,173847657,1,0
178285631,1110,8,3058458,3058458,178285631,175227173,175227173,2122895,173104278,1,0
178363138,1117,8,3060417,3060417,178363138,175302721,175302721,78711,175224010,1,0
178443824,1119,8,3065037,3065037,178443824,175378787,175378787,81735,175297052,1,0
178449414,1124,8,3069894,3069894,178449414,175379520,175379520,6903,175372617,1,0
178554718,1095,8,3046027,3046027,178554718,175508691,175508691,3680294,171828397,1,0
178679790,1136,8,3082127,3082127,178679790,175597663,175597663,126116,175471547,1,0
178740671,1094,8,3045855,3045855,178740671,175694816,175694816,4219631,171475185,1,0
178882757,1130,8,3075245,3075245,178882757,175807512,175807512,434287,175373225,1,0
178963229,1101,8,3053861,3053861,178963229,175909368,175909368,3040664,172868704,1,0
178963335,1141,8,3086361,3086361,178963335,175876974,175876974,81968,175795006,1,0
179008575,1145,8,3095341,3095341,179008575,175913234,175913234,46325,175866909,1,0
179432685,1116,8,3060000,3060000,179432685,176372685,176372685,2059918,174312767,1,0
179459666,1142,8,3088041,3088041,179459666,176371625,176371625,497347,175874278,1,0
179695840,1148,8,3099547,3099547,179695840,176596293,176596293,264785,176331508,1,0
180742814,1137,8,3082170,3082170,180742814,177660644,177660644,2064025,175596619,1,0
180803887,1156,8,3114754,3114754,180803887,177689133,177689133,62680,177626453,1,0
181139049,785,8,2472181,2472181,181139049,178666868,178666868,37237479,141429389,1,0
181301379,1158,8,3114803,3114803,181301379,178186576,178186576,163888,178022688,1,0
181305598,1164,8,3156300,3156300,181305598,178149298,178149298,5679,178143619,1,0
181477728,282,8,1587573,1587573,181477728,179890155,179890155,89227976,90662179,1,0
182053519,1146,8,3095703,3095703,182053519,178957816,178957816,3046372,175911444,1,0
182192610,1140,8,3083693,3083693,182192610,179108917,179108917,3453450,175655467,1,0
182286415,1172,8,3167276,3167276,182286415,179119139,179119139,981861,178137278,1,0
182299763,1176,8,3186211,3186211,182299763,179113552,179113552,108410,179005142,1,0
182370394,1150,8,3104922,3104922,182370394,179265472,179265472,2912361,176353111,1,0
182434309,1240,8,3231294,3231294,182434309,179203015,179203015,65172,179137843,1,0
183132988,1100,8,3053489,3053489,183132988,180079499,180079499,8171638,171907861,1,0
183183454,1246,8,3255235,3255235,183183454,179928219,179928219,52150,179876069,1,0
183353844,1237,8,3193759,3193759,183353844,180160085,180160085,1068686,179091399,1,0
183377732,1173,8,3167913,3167913,183377732,180209819,180209819,1900907,178308912,1,0
183519280,1248,8,3260958,3260958,183519280,180258322,180258322,166693,180091629,1,0
184574042,1250,8,3270949,3270949,184574042,181303093,181303093,1055664,180247429,1,0
185359131,1075,8,3005983,3005983,185359131,182353148,182353148,16373588,165979560,1,0
185366138,1247,8,3255384,3255384,185366138,182110754,182110754,2184219,179926535,1,0
185503674,1253,8,3276864,3276864,185503674,182226810,182226810,138793,182088017,1,0
186209545,1249,8,3265631,3265631,186209545,182943914,182943914,2833070,180110844,1,0
186389926,1265,8,3342378,3342378,186389926,183047548,183047548,181427,182866121,1,0
187951936,1260,8,3330983,3330983,187951936,184620953,184620953,2449519,182171434,1,0
188065028,1268,8,3343017,3343017,188065028,184722011,184722011,1676045,183045966,1,0
188068658,1274,8,3350039,3350039,188068658,184718619,184718619,4887,184713732,1,0
188175023,1273,8,3345422,3345422,188175023,184829601,184829601,224393,184605208,1,0
188253550,1293,8,3360334,3360334,188253550,184893216,184893216,79661,184813555,1,0
188347456,641,8,2156743,2156743,188347456,186190713,186190713,77171107,109019606,1,0
188361900,1275,8,3356017,3356017,188361900,185005883,185005883,294499,184711384,1,0
188660187,1299,8,3361217,3361217,188660187,185298970,185298970,407751,184891219,1,0
188847267,1326,8,3365948,3365948,188847267,185481319,185481319,187996,185293323,1,0
188978258,1309,8,3362801,3362801,188978258,185615457,185615457,631799,184983658,1,0
189024930,1251,8,3271106,3271106,189024930,185753824,185753824,4452440,181301384,1,0
189906312,1329,8,3367724,3367724,189906312,186538588,186538588,928998,185609590,1,0
189983242,1328,8,3367697,3367697,189983242,186615545,186615545,1136946,185478599,1,0
190206033,1336,8,3370630,3370630,190206033,186835403,186835403,223774,186611629,1,0
190243236,1337,8,3370849,3370849,190243236,186872387,186872387,38359,186834028,1,0
191052118,1318,8,3363912,3363912,191052118,187688206,187688206,2691323,184996883,1,0
191417834,1330,8,3367749,3367749,191417834,188050085,188050085,2393823,185656262,1,0
191537564,1345,8,3400242,3400242,191537564,188137322,188137322,121001,188016321,1,0
191542649,1346,8,3401046,3401046,191542649,188141603,188141603,6394,188135209,1,0
192495560,1245,8,3252017,3252017,192495560,189243543,189243543,10062508,179181035,1,0
192555030,1362,8,3419095,3419095,192555030,189135935,189135935,60505,189075430,1,0
193103332,1335,8,3370534,3370534,193103332,189732798,189732798,3197982,186534816,1,0
193328133,1375,8,3435762,3435762,193328133,189892371,189892371,774360,189118011,1,0
193657971,1380,8,3439192,3439192,193657971,190218779,190218779,555729,189663050,1,0
193698711,1343,8,3399506,3399506,193698711,190299205,190299205,2647727,187651478,1,0
194480483,1398,8,3447475,3447475,194480483,191033008,191033008,783037,190249971,1,0
194718129,1399,8,3448088,3448088,194718129,191270041,191270041,238638,191031403,1,0
196797811,1085,8,3019184,3019184,196797811,193778627,193778627,26208027,167570600,1,0
197059192,1385,8,3443903,3443903,197059192,193615289,193615289,3402191,190213098,1,0
197083163,1402,8,3449324,3449324,197083163,193633839,193633839,25616,193608223,1,0
197233324,1410,8,3486210,3486210,197233324,193747114,193747114,151418,193595696,1,0
197233770,1413,8,3497355,3497355,197233770,193736415,193736415,1624,193734791,1,0
198177902,1414,8,3498818,3498818,198177902,194679084,194679084,945305,193733779,1,0
198799902,1401,8,3449285,3449285,198799902,195350617,195350617,2003775,193346842,1,0
198937929,1419,8,3501455,3501455,198937929,195436474,195436474,138959,195297515,1,0
198947838,1420,8,3501679,3501679,198947838,195446159,195446159,11346,195434813,1,0
199152513,1421,8,3501680,3501680,199152513,195650833,195650833,206111,195444722,1,0
199268796,1415,8,3498887,3498887,199268796,195769909,195769909,1091998,194677911,1,0
199369057,1422,8,3501849,3501849,199369057,195867208,195867208,217811,195649397,1,0
199391179,1426,8,3503418,3503418,199391179,195887761,195887761,23379,195864382,1,0
199424011,1353,8,3406034,3406034,199424011,196017977,196017977,7882683,188135294,1,0
199945500,1252,8,3273178,3273178,199945500,196672322,196672322,14587626,182084696,1,0
200540618,1071,8,3005048,3005048,200540618,197535570,197535570,32614787,164920783,1,0
200544834,1433,8,3512747,3512747,200544834,197032087,197032087,5678,197026409,1,0
200887651,1427,8,3505880,3505880,200887651,197381771,197381771,1497405,195884366,1,0
200959792,1435,8,3515188,3515188,200959792,197444604,197444604,416591,197028013,1,0
201002718,1423,8,3501935,3501935,201002718,197500783,197500783,1735103,195765680,1,0
201006619,1445,8,3518210,3518210,201006619,197488409,197488409,4966,197483443,1,0
201336220,1428,8,3508947,3508947,201336220,197827273,197827273,1913288,195913985,1,0
201475499,1460,8,3537448,3537448,201475499,197938051,197938051,140536,197797515,1,0
201538984,1461,8,3539191,3539191,201538984,197999793,197999793,64609,197935184,1,0
201562525,1463,8,3541924,3541924,201562525,198020601,198020601,24808,197995793,1,0
201631253,1465,8,3543503,3543503,201631253,198087750,198087750,69689,198018061,1,0
201852828,1466,8,3545877,3545877,201852828,198306951,198306951,222832,198084119,1,0
202009892,1157,8,3114770,3114770,202009892,198895122,198895122,21207596,177687526,1,0
202607188,1469,8,3571147,3571147,202607188,199036041,199036041,598327,198437714,1,0
204800820,1448,8,3521490,3521490,204800820,201279330,201279330,3795458,197483872,1,0
205245246,1400,8,3449080,3449080,205245246,201796166,201796166,10528217,191267949,1,0
205368695,1481,8,3601566,3601566,205368695,201767129,201767129,124449,201642680,1,0
205401015,1038,8,2964423,2964423,205401015,202436592,202436592,40011886,162424706,1,0
205497917,1483,8,3602159,3602159,205497917,201895758,201895758,97835,201797923,1,0
205861384,1429,8,3508975,3508975,205861384,202352409,202352409,5916935,196435474,1,0
205938047,1490,8,3605476,3605476,205938047,202332571,202332571,78059,202254512,1,0
206147750,1491,8,3611737,3611737,206147750,202536013,202536013,210960,202325053,1,0
206335101,1482,8,3601585,3601585,206335101,202733516,202733516,967387,201766129,1,0
206345313,1526,8,3623438,3623438,206345313,202721875,202721875,11118,202710757,1,0
206435833,1476,8,3594238,3594238,206435833,202841595,202841595,1636331,201205264,1,0
206977077,1444,8,3518099,3518099,206977077,203458978,203458978,6018461,197440517,1,0
207420733,1496,8,3615601,3615601,207420733,203805132,203805132,1274202,202530930,1,0
207699957,1527,8,3623578,3623578,207699957,204076379,204076379,1355722,202720657,1,0
208490845,1530,8,3624228,3624228,208490845,204866617,204866617,1071054,203795563,1,0
208660829,1470,8,3571448,3571448,208660829,205089381,205089381,6055180,199034201,1,0
208757590,1543,8,3655299,3655299,208757590,205102291,205102291,98018,205004273,1,0
209544890,1541,8,3640312,3640312,209544890,205904578,205904578,1055265,204849313,1,0
210796368,1339,8,3371496,3371496,210796368,207424872,207424872,20554493,186870379,1,0
210889921,1559,8,3694914,3694914,210889921,207195007,207195007,94810,207100197,1,0
210936992,1489,8,3605180,3605180,210936992,207331812,207331812,5440101,201891711,1,0
211500092,1151,8,3107807,3107807,211500092,208392285,208392285,31805727,176586558,1,0
211562551,1562,8,3703503,3703503,211562551,207859048,207859048,626984,207232064,1,0
211566515,1563,8,3703578,3703578,211566515,207862937,207862937,67773,207795164,1,0
211583620,1574,8,3706428,3706428,211583620,207877192,207877192,18280,207858912,1,0
211679001,1587,8,3717476,3717476,211679001,207961525,207961525,96638,207864887,1,0
211942923,1588,8,3718944,3718944,211942923,208223979,208223979,265179,207958800,1,0
212617865,1564,8,3703663,3703663,212617865,208914202,208914202,1056579,207857623,1,0
212741407,1597,8,3761840,3761840,212741407,208979567,208979567,124799,208854768,1,0
213960747,1593,8,3749178,3749178,213960747,210211569,210211569,2019081,208192488,1,0
214104098,1599,8,3764063,3764063,214104098,210340035,210340035,144309,210195726,1,0
215273137,250,8,1422864,1422864,215273137,213850273,213850273,127617186,86233087,1,0
220280520,1551,8,3688899,3688899,220280520,216591621,216591621,11524187,205067434,1,0
221450161,1600,8,3764205,3764205,221450161,217685956,217685956,7347677,210338279,1,0
221740268,1560,8,3695009,3695009,221740268,218045259,218045259,10851509,207193750,1,0
221795023,1174,8,3168827,3168827,221795023,218626196,218626196,39743062,178883134,1,0
221976519,1604,8,3769926,3769926,221976519,218206593,218206593,237175,217969418,1,0
222387159,1605,8,3770058,3770058,222387159,218617101,218617101,593178,218023923,1,0
226158266,1603,8,3769832,3769832,226158266,222388434,222388434,4709068,217679366,1,0
227896104,1601,8,3764312,3764312,227896104,224131792,224131792,12624474,211507318,1,0
228655320,1610,8,3777291,3777291,228655320,224878029,224878029,760504,224117525,1,0
231834014,1602,8,3764385,3764385,231834014,228069629,228069629,11554928,216514701,1,0
232356259,1620,8,3790518,3790518,232356259,228565741,228565741,523822,228041919,1,0
234480971,1467,8,3563716,3563716,234480971,230917255,230917255,32629400,198287855,1,0
234698260,1621,8,3790604,3790604,234698260,230907656,230907656,2343492,228564164,1,0
235783559,1642,8,3812024,3812024,235783559,231971535,231971535,1303703,230667832,1,0
236866422,1643,8,3812798,3812798,236866422,233053624,233053624,2169679,230883945,1,0
240032067,1646,8,3827358,3827358,240032067,236204709,236204709,3166951,233037758,1,0
240123111,1648,8,3829833,3829833,240123111,236293278,236293278,92680,236200598,1,0
240235470,1649,8,3832671,3832671,240235470,236402799,236402799,113814,236288985,1,0
240369758,1654,8,3841532,3841532,240369758,236528226,236528226,135383,236392843,1,0
244145125,1608,8,3771100,3771100,244145125,240374025,240374025,17987779,222386246,1,0
244229254,1658,8,3845366,3845366,244229254,240383888,240383888,85679,240298209,1,0
244446545,1619,8,3790445,3790445,244446545,240656100,240656100,15792875,224863225,1,0
244667815,1238,8,3195047,3195047,244667815,241472768,241472768,62369582,179103186,1,0
244679719,1667,8,3889980,3889980,244679719,240789739,240789739,13161,240776578,1,0
244732089,1679,8,3946654,3946654,244732089,240785435,240785435,53468,240731967,1,0
244851638,1666,8,3876531,3876531,244851638,240975107,240975107,406350,240568757,1,0
244859192,1682,8,3948277,3948277,244859192,240910915,240910915,8811,240902104,1,0
244983813,1660,8,3849703,3849703,244983813,241134110,241134110,755828,240378282,1,0
245022470,1698,8,3960830,3960830,245022470,241061640,241061640,39574,241022066,1,0
245709239,1529,8,3623818,3623818,245709239,242085421,242085421,38733087,203352334,1,0
245724450,1714,8,3963849,3963849,245724450,241760601,241760601,16114,241744487,1,0
245727692,1715,8,3965169,3965169,245727692,241762523,241762523,4305,241758218,1,0
245798983,1716,8,3965506,3965506,245798983,241833477,241833477,72536,241760941,1,0
245830350,1657,8,3845179,3845179,245830350,241985171,241985171,5461521,236523650,1,0
245840386,1722,8,3980117,3980117,245840386,241860269,241860269,11293,241848976,1,0
245880053,1689,8,3950080,3950080,245880053,241929973,241929973,1022196,240907777,1,0
246105499,1705,8,3961472,3961472,246105499,242144027,242144027,1083953,241060074,1,0
246107783,1740,8,4020490,4020490,246107783,242087293,242087293,3533,242083760,1,0
246557898,1743,8,4029548,4029548,246557898,242528350,242528350,451372,242076978,1,0
246562298,1744,8,4031959,4031959,246562298,242530339,242530339,5657,242524682,1,0
246568110,1745,8,4034063,4034063,246568110,242534047,242534047,7480,242526567,1,0
246573512,1746,8,4034191,4034191,246573512,242539321,242539321,6942,242532379,1,0
247346049,1440,8,3517295,3517295,247346049,243828754,243828754,46459313,197369441,1,0
247354261,1607,8,3770918,3770918,247354261,243583343,243583343,24968019,218615324,1,0
247926329,1381,8,3440492,3440492,247926329,244485837,244485837,54599706,189886131,1,0
248098283,1606,8,3770850,3770850,248098283,244327433,244327433,26122749,218204684,1,0
248126188,1748,8,4037207,4037207,248126188,244088981,244088981,781396,243307585,1,0
248152781,1755,8,4044761,4044761,248152781,244108020,244108020,227709,243880311,1,0
248164406,1758,8,4052711,4052711,248164406,244111695,244111695,12647,244099048,1,0
248269682,1757,8,4050950,4050950,248269682,244218732,244218732,144751,244073981,1,0
248455767,1737,8,4019436,4019436,248455767,244436331,244436331,2576651,241859680,1,0
248524306,1761,8,4053758,4053758,248524306,244470548,244470548,256184,244214364,1,0
248555247,1762,8,4053792,4053792,248555247,244501455,244501455,101006,244400449,1,0
248575505,1764,8,4062291,4062291,248575505,244513214,244513214,21515,244491699,1,0
248625500,1765,8,4064308,4064308,248625500,244561192,244561192,51252,244509940,1,0
248627801,1763,8,4055318,4055318,248627801,244572483,244572483,104752,244467731,1,0
249141612,1760,8,4053733,4053733,249141612,245087879,245087879,978791,244109088,1,0
249254763,1749,8,4039311,4039311,249254763,245215452,245215452,1901519,243313933,1,0
249618377,1784,8,4105774,4105774,249618377,245512603,245512603,364871,245147732,1,0
249657728,1766,8,4072646,4072646,249657728,245585082,245585082,1033485,244551597,1,0
249786068,1791,8,4122404,4122404,249786068,245663664,245663664,129597,245534067,1,0
249825936,1804,8,4126644,4126644,249825936,245699292,245699292,40899,245658393,1,0
249937341,1790,8,4120747,4120747,249937341,245816594,245816594,320375,245496219,1,0
250136391,1805,8,4138343,4138343,250136391,245998048,245998048,311468,245686580,1,0
250330522,1809,8,4149178,4149178,250330522,246181344,246181344,195388,245985956,1,0
250353590,1756,8,4049625,4049625,250353590,246303965,246303965,2256564,244047401,1,0
250365660,1681,8,3947752,3947752,250365660,246417908,246417908,5634503,240783405,1,0
250583719,1808,8,4139733,4139733,250583719,246443986,246443986,647402,245796584,1,0
250614343,1819,8,4187061,4187061,250614343,246427282,246427282,31703,246395579,1,0
250677609,1810,8,4151057,4151057,250677609,246526552,246526552,348344,246178208,1,0
251147355,1779,8,4095109,4095109,251147355,247052246,247052246,2006823,245045423,1,0
251150020,1830,8,4200134,4200134,251150020,246949886,246949886,3922,246945964,1,0
251182369,1834,8,4210203,4210203,251182369,246972166,246972166,33861,246938305,1,0
251349227,1812,8,4158422,4158422,251349227,247190805,247190805,996785,246194020,1,0
251762163,1747,8,4036359,4036359,251762163,247725804,247725804,5189906,242535898,1,0
251934949,1841,8,4218711,4218711,251934949,247716238,247716238,174043,247542195,1,0
252027649,1844,8,4222851,4222851,252027649,247804798,247804798,93735,247711063,1,0
252038355,1846,8,4223886,4223886,252038355,247814469,247814469,11908,247802561,1,0
252299130,1849,8,4225292,4225292,252299130,248073838,248073838,261708,247812130,1,0
253712309,1720,8,3975440,3975440,253712309,249736869,249736869,7914260,241822609,1,0
255058587,1723,8,3997704,3997704,255058587,251060883,251060883,9219458,241841425,1,0
255080701,1839,8,4216702,4216702,255080701,250863999,250863999,3732509,247131490,1,0
255164299,1853,8,4235084,4235084,255164299,250929215,250929215,106969,250822246,1,0
255229208,1852,8,4231928,4231928,255229208,250997280,250997280,1518228,249479052,1,0
257781573,1115,8,3059922,3059922,257781573,254721651,254721651,80683740,174037911,1,0
258605286,1825,8,4194251,4194251,258605286,254411035,254411035,7992061,246418974,1,0
258832526,1862,8,4260520,4260520,258832526,254572006,254572006,228263,254343743,1,0
262205127,1871,8,4275968,4275968,262205127,257929159,257929159,3373773,254555386,1,0
263132692,1813,8,4169731,4169731,263132692,258962961,258962961,12768157,246194804,1,0
264818159,1855,8,4245400,4245400,264818159,260572759,260572759,9738715,250834044,1,0
264846794,1883,8,4298062,4298062,264846794,260548732,260548732,29667,260519065,1,0
264987157,1905,8,4309641,4309641,264987157,260677516,260677516,141419,260536097,1,0
268897823,1876,8,4288803,4288803,268897823,264609020,264609020,6693789,257915231,1,0
268937953,1908,8,4310117,4310117,268937953,264627836,264627836,41594,264586242,1,0
269086884,1918,8,4318247,4318247,269086884,264768637,264768637,149838,264618799,1,0
269470464,1907,8,4310017,4310017,269470464,265160447,265160447,4484871,260675576,1,0
269688207,1921,8,4332923,4332923,269688207,265355284,265355284,219000,265136284,1,0
269753884,1836,8,4214464,4214464,269753884,265539420,265539420,18572895,246966525,1,0
269840938,1920,8,4323830,4323830,269840938,265517108,265517108,755311,264761797,1,0
271003495,1922,8,4334396,4334396,271003495,266669099,266669099,1316545,265352554,1,0
271874432,1926,8,4349964,4349964,271874432,267524468,267524468,2034751,265489717,1,0
271875219,1936,8,4353723,4353723,271875219,267521496,267521496,872759,266648737,1,0
272412090,1940,8,4355438,4355438,272412090,268056652,268056652,537808,267518844,1,0
272906255,1938,8,4355145,4355145,272906255,268551110,268551110,1032991,267518119,1,0
273235512,1942,8,4363039,4363039,273235512,268872473,268872473,330591,268541882,1,0
273968938,1861,8,4259695,4259695,273968938,269709243,269709243,16188569,253520674,1,0
274232147,1946,8,4372263,4372263,274232147,269859884,269859884,997548,268862336,1,0
274398298,1950,8,4375472,4375472,274398298,270022826,270022826,167786,269855040,1,0
274517368,1951,8,4375559,4375559,274517368,270141809,270141809,120618,270021191,1,0
274805338,1941,8,4355598,4355598,274805338,270449740,270449740,2394832,268054908,1,0
275489843,1947,8,4373176,4373176,275489843,271116667,271116667,1522073,269594594,1,0
275622283,1962,8,4417213,4417213,275622283,271205070,271205070,133992,271071078,1,0
275875588,1960,8,4417144,4417144,275875588,271458444,271458444,1359841,270098603,1,0
275998235,1970,8,4432290,4432290,275998235,271565945,271565945,123724,271442221,1,0
276156288,1778,8,4095052,4095052,276156288,272061236,272061236,27529624,244531612,1,0
276318569,1974,8,4438429,4438429,276318569,271880140,271880140,321591,271558549,1,0
278235356,1976,8,4444486,4444486,278235356,273790870,273790870,1918044,271872826,1,0
280089582,1826,8,4194650,4194650,280089582,275894932,275894932,29413503,246481429,1,0
280270711,1979,8,4468456,4468456,280270711,275802255,275802255,2036612,273765643,1,0
282657545,1851,8,4229135,4229135,282657545,278428410,278428410,30359455,248068955,1,0
283620381,1961,8,4417173,4417173,283620381,279203208,279203208,8816635,270386573,1,0
284108663,1998,8,4505802,4505802,284108663,279602861,279602861,489442,279113419,1,0
284128137,1598,8,3763948,3763948,284128137,280364189,280364189,71387803,208976386,1,0
285405141,1877,8,4289489,4289489,285405141,281115652,281115652,22273706,258841946,1,0
285870674,1923,8,4336958,4336958,285870674,281533716,281533716,16118047,265415669,1,0
285874790,24,16,926450,926450,285874790,284948340,284948340,4939,284943401,1,0
285919176,25,16,926459,926459,285919176,284992717,284992717,45200,284947517,1,0
286307550,33,16,952206,952206,286307550,285355344,285355344,389016,284966328,1,0
286416429,1995,8,4499365,4499365,286416429,281917064,281917064,3760186,278156878,1,0
287814709,1965,8,4421903,4421903,287814709,283392806,283392806,12193835,271198971,1,0
290231023,23,16,926406,926406,290231023,289304617,289304617,6129666,283174951,4,0
291262390,1645,8,3821570,3821570,291262390,287440820,287440820,55480088,231960732,1,0
291266433,59,16,1013092,1013092,291266433,290253341,290253341,1036052,289217289,1,0
291368248,62,16,1022622,1022622,291368248,290345626,290345626,102534,290243092,1,0
291704901,65,16,1023955,1023955,291704901,290680946,290680946,337294,290343652,1,0
291782352,1856,8,4248721,4248721,291782352,287533631,287533631,36619310,250914321,1,0
291875728,85,16,1078287,1078287,291875728,290797441,290797441,94081,290703360,1,0
291878180,174,16,1223535,1223535,291878180,290654645,290654645,3094,290651551,1,0
291933645,188,16,1245523,1245523,291933645,290688122,290688122,56259,290631863,1,0
292051996,74,16,1041491,1041491,292051996,291010505,291010505,347737,290662768,1,0
292133723,216,16,1283033,1283033,292133723,290850690,290850690,82510,290768180,1,0
292180845,211,16,1275933,1275933,292180845,290904912,290904912,247842,290657070,1,0
292200099,226,16,1312082,1312082,292200099,290888017,290888017,19896,290868121,1,0
292203928,232,16,1355804,1355804,292203928,290848124,290848124,4471,290843653,1,0
292205613,233,16,1357023,1357023,292205613,290848590,290848590,2327,290846263,1,0
292317078,224,16,1297699,1297699,292317078,291019379,291019379,183997,290835382,1,0
292331129,237,16,1368374,1368374,292331129,290962755,290962755,14750,290948005,1,0
292490891,236,16,1368361,1368361,292490891,291122530,291122530,285990,290836540,1,0
292506734,243,16,1372999,1372999,292506734,291133735,291133735,16603,291117132,1,0
292522562,256,16,1450087,1450087,292522562,291072475,291072475,16470,291056005,1,0
292861276,279,16,1583559,1583559,292861276,291277717,291277717,339356,290938361,1,0
292886346,353,16,1610336,1610336,292886346,291276010,291276010,25553,291250457,1,0
293049743,1988,8,4487069,4487069,293049743,288562674,288562674,12780219,275782455,1,0
293351653,242,16,1372983,1372983,293351653,291978670,291978670,1021300,290957370,1,0
294530274,35,16,953317,953317,294530274,293576957,293576957,6716379,286860578,1,0
295040716,365,16,1669786,1669786,295040716,293370930,293370930,2155012,291215918,1,0
295057448,513,16,1884835,1884835,295057448,293172613,293172613,17374,293155239,1,0
298078484,34,16,953266,953266,298078484,297125218,297125218,11771799,285353419,1,0
298134832,643,16,2158700,2158700,298134832,295976132,295976132,56990,295919142,1,0
298761365,486,16,1811759,1811759,298761365,296949606,296949606,5410354,291539252,1,0
298843305,680,16,2234146,2234146,298843305,296609159,296609159,82516,296526643,1,0
299647404,701,16,2305606,2305606,299647404,297341798,297341798,804660,296537138,1,0
299681556,702,16,2308613,2308613,299681556,297372943,297372943,34954,297337989,1,0
299701596,1528,8,3623665,3623665,299701596,296077931,296077931,93266754,202811177,1,0
300881411,707,16,2310637,2310637,300881411,298570774,298570774,1180524,297390250,1,0
300898087,757,16,2407489,2407489,300898087,298490598,298490598,17318,298473280,1,0
301341045,763,16,2413166,2413166,301341045,298927879,298927879,443791,298484088,1,0
301362264,766,16,2419971,2419971,301362264,298942293,298942293,22068,298920225,1,0
301475310,667,16,2218836,2218836,301475310,299256474,299256474,3341120,295915354,1,0
301564322,768,16,2420131,2420131,301564322,299144191,299144191,89701,299054490,1,0
301644324,788,16,2480259,2480259,301644324,299164065,299164065,80569,299083496,1,0
301683247,512,16,1879956,1879956,301683247,299803291,299803291,7153512,292649779,1,0
301775779,810,16,2509422,2509422,301775779,299266357,299266357,93174,299173183,1,0
301818306,874,16,2737382,2737382,301818306,299080924,299080924,43363,299037561,1,0
301837903,875,16,2737400,2737400,301837903,299100503,299100503,20415,299080088,1,0
301963367,804,16,2495758,2495758,301963367,299467609,299467609,319685,299147924,1,0
301969868,954,16,2812234,2812234,301969868,299157634,299157634,7006,299150628,1,0
302486366,930,16,2800248,2800248,302486366,299686118,299686118,649105,299037013,1,0
302583591,965,16,2828509,2828509,302583591,299755082,299755082,97836,299657246,1,0
303043028,963,16,2828497,2828497,303043028,300214531,300214531,1073783,299140748,1,0
303066326,973,16,2836301,2836301,303066326,300230025,300230025,24118,300205907,1,0
303074447,996,16,2880718,2880718,303074447,300193729,300193729,8910,300184819,1,0
303397606,706,16,2310327,2310327,303397606,301087279,301087279,3716623,297370656,1,0
303402447,767,16,2420053,2420053,303402447,300982394,300982394,2040950,298941444,1,0
303839187,1032,16,2917513,2917513,303839187,300921674,300921674,765382,300156292,1,0
304272229,1033,16,2924100,2924100,304272229,301348129,301348129,875265,300472864,1,0
304305610,1097,16,3050600,3050600,304305610,301255010,301255010,34023,301220987,1,0
304348752,1036,16,2941883,2941883,304348752,301406869,301406869,946947,300459922,1,0
304490333,1138,16,3082912,3082912,304490333,301407421,301407421,185416,301222005,1,0
304502533,1152,16,3107889,3107889,304502533,301394644,301394644,12775,301381869,1,0
304582843,1153,16,3114349,3114349,304582843,301468494,301468494,80764,301387730,1,0
305437665,1064,16,2996428,2996428,305437665,302441237,302441237,1599050,300842187,1,0
305439000,1155,16,3114442,3114442,305439000,302324558,302324558,2097,302322461,1,0
305509938,1139,16,3082926,3082926,305509938,302427012,302427012,1161865,301265147,1,0
305657105,972,16,2836299,2836299,305657105,302820806,302820806,3074336,299746470,1,0
306438336,1239,16,3227030,3227030,306438336,303211306,303211306,929040,302282266,1,0
306466515,1154,16,3114403,3114403,306466515,303352112,303352112,1884473,301467639,1,0
306640257,1242,16,3244126,3244126,306640257,303396131,303396131,983794,302412337,1,0
306653096,1272,16,3344326,3344326,306653096,303308770,303308770,13466,303295304,1,0
307342099,1269,16,3343960,3343960,307342099,303998139,303998139,904333,303093806,1,0
307590942,1277,20,3357934,3357934,307590942,304233008,304233008,938343,303294665,1,0
308335774,1270,16,3344094,3344094,308335774,304991680,304991680,1870118,303121562,1,0
308617240,1307,16,3362445,3362445,308617240,305254795,305254795,282004,304972791,1,0
308630549,1308,16,3362465,3362465,308630549,305268084,305268084,13827,305254257,1,0
308797854,1166,16,3157915,3157915,308797854,305639939,305639939,3359496,302280443,1,0
309021451,1341,16,3374520,3374520,309021451,305646931,305646931,224330,305422601,1,0
309028907,1348,16,3402699,3402699,309028907,305626208,305626208,8160,305618048,1,0
309098592,1365,16,3420130,3420130,309098592,305678462,305678462,70327,305608135,1,0
309335412,1340,16,3374496,3374496,309335412,305960916,305960916,705620,305255296,1,0
309544316,1278,16,3358054,3358054,309544316,306186262,306186262,2203021,303983241,1,0
311154163,1383,16,3443428,3443428,311154163,307710735,307710735,1819226,305891509,1,0
311454483,1408,16,3484665,3484665,311454483,307969818,307969818,300862,307668956,1,0
311927481,1418,16,3500440,3500440,311927481,308427041,308427041,473640,307953401,1,0
312192428,1478,16,3595699,3595699,312192428,308596729,308596729,265590,308331139,1,0
312548543,519,16,1918310,1918310,312548543,310630233,310630233,17491737,293138496,1,0
314890476,1486,16,3603230,3603230,314890476,311287246,311287246,2342745,308944501,1,0
316062046,1537,16,3631862,3631862,316062046,312430184,312430184,1172121,311258063,1,0
316086905,1540,16,3635675,3635675,316086905,312451230,312451230,25501,312425729,1,0
319656799,1549,16,3673785,3673785,319656799,315983014,315983014,3570536,312412478,1,0
321798216,1860,8,4259669,4259669,321798216,317538547,317538547,66570238,250968309,1,0
324709345,1384,16,3443613,3443613,324709345,321265732,321265732,15165648,306100084,1,0
324805270,1554,16,3692119,3692119,324805270,321113151,321113151,96656,321016495,1,0
324817497,1558,16,3694118,3694118,324817497,321123379,321123379,12869,321110510,1,0
325132280,1484,16,3603092,3603092,325132280,321529188,321529188,12940376,308588812,1,0
325519295,1680,16,3947235,3947235,325519295,321572060,321572060,387532,321184528,1,0
326121324,1655,16,3841937,3841937,326121324,322279387,322279387,1304517,320974870,1,0
326693978,1536,8,3628889,3628889,326693978,323065089,323065089,118994960,204070129,1,0
326763642,1759,16,4052828,4052828,326763642,322710814,322710814,70235,322640579,1,0
330033077,1305,16,3362331,3362331,330033077,326670746,326670746,22442605,304228141,1,0
330044782,1789,16,4120729,4120729,330044782,325924053,325924053,3281741,322642312,1,0
330065404,1859,16,4259639,4259639,330065404,325805765,325805765,32961,325772804,1,0
330106923,1875,16,4284419,4284419,330106923,325822504,325822504,42161,325780343,1,0
330160657,1881,16,4292869,4292869,330160657,325867788,325867788,54376,325813412,1,0
330275957,1943,16,4363214,4363214,330275957,325912743,325912743,115863,325796880,1,0
333078720,1945,16,4367266,4367266,333078720,328711454,328711454,2803548,325907906,1,0
335898690,1553,16,3691977,3691977,335898690,332206713,332206713,16242419,315964294,1,0
335993195,1644,32,3812815,3812815,335993195,332180380,332180380,94829,332085551,1,0
341451498,1982,8,4480780,4480780,341451498,336970718,336970718,61363173,275607545,1,0
344273467,1374,16,3428655,3428655,344273467,340844812,340844812,35175517,305669295,1,0
353809245,1899,32,4307901,4307901,353809245,349501344,349501344,17816468,331684876,2,0
353845888,1900,32,4308054,4308054,353845888,349537834,349537834,37010,349500824,1,0
355141791,1901,32,4308059,4308059,355141791,350833732,350833732,1296265,349537467,1,0
355298468,1902,32,4308065,4308065,355298468,350990403,350990403,157001,350833402,2,0
355998073,1754,16,4044551,4044551,355998073,351953522,351953522,29877366,322076156,1,0
358597329,1552,8,3691049,3691049,358597329,354906280,354906280,149053367,205852913,1,0
364246199,1753,16,4043556,4043556,364246199,360202643,360202643,38727546,321475097,1,0
369092770,1975,8,4443663,4443663,369092770,364649107,364649107,92937712,271711395,1,0
376467945,1864,16,4260900,4260900,376467945,372207045,372207045,46423806,325783239,1,0
392025882,1358,1,3411993,3411993,392025882,388613889,388613889,375733463,12880426,1,0
438924923,1222,1,3193617,3193617,438924923,435731306,435731306,424979556,10751750,1,0
