time,job_id,num_gpu,submit_time,start_time,end_time,executed_time,JCT,duration,pending_time,preempt,promote
530126,1,8,70024,70024,530126,460102,460102,460102,0,0,0
665806,32,1,664372,664544,665806,1262,1434,1262,172,0,0
690054,33,1,664544,664555,690054,25499,25510,25499,11,0,0
738566,41,1,737793,737803,738566,763,773,763,10,0,0
739500,86,1,738163,738566,739500,934,1337,934,403,0,0
740530,58,1,737907,739500,740530,1030,2623,1030,1593,0,0
741568,57,1,737902,740530,741568,1038,3666,1038,2628,0,0
742065,38,1,737775,737781,742065,4284,4290,4284,6,0,0
742903,66,1,737957,741568,742903,1335,4946,1335,3611,0,0
743689,47,1,737837,737844,743689,5845,5852,5845,7,0,0
743705,55,1,737891,742065,743705,1640,5814,1640,4174,0,0
744622,53,1,737875,742903,744622,1719,6747,1719,5028,0,0
745561,64,1,737946,743689,745561,1872,7615,1872,5743,0,0
749624,49,1,737849,737855,749624,11769,11775,11769,6,0,0
749892,72,1,737996,743705,749892,6187,11896,6187,5709,0,0
752164,71,1,737989,744622,752164,7542,14175,7542,6633,0,0
753583,74,1,738019,745561,753583,8022,15564,8022,7542,0,0
759185,70,1,737984,749624,759185,9561,21201,9561,11640,0,0
760693,56,1,737896,749892,760693,10801,22797,10801,11996,0,0
763611,42,1,737803,737808,763611,25803,25808,25803,5,0,0
764636,45,1,737821,737830,764636,26806,26815,26806,9,0,0
767057,63,1,737941,752164,767057,14893,29116,14893,14223,0,0
768601,39,1,737781,737788,768601,30813,30820,30813,7,0,0
769113,85,1,738153,753583,769113,15530,30960,15530,15430,0,0
775000,76,1,738038,759185,775000,15815,36962,15815,21147,0,0
779177,83,1,738129,760693,779177,18484,41048,18484,22564,0,0
782240,54,1,737884,763611,782240,18629,44356,18629,25727,0,0
783935,79,1,738082,764636,783935,19299,45853,19299,26554,0,0
790955,68,1,737967,767057,790955,23898,52988,23898,29090,0,0
795497,89,1,738201,768601,795497,26896,57296,26896,30400,0,0
800522,73,1,738002,769113,800522,31409,62520,31409,31111,0,0
813860,65,1,737952,775000,813860,38860,75908,38860,37048,0,0
815228,31,1,664358,664372,815228,150856,150870,150856,14,0,0
821854,62,1,737934,779177,821854,42677,83920,42677,41243,0,0
831305,87,1,738170,782240,831305,49065,93135,49065,44070,0,0
837937,40,1,737788,737793,837937,100144,100149,100144,5,0,0
838149,82,1,738116,783935,838149,54214,100033,54214,45819,0,0
866089,78,1,738069,790955,866089,75134,128020,75134,52886,0,0
885052,77,1,738049,795497,885052,89555,147003,89555,57448,0,0
899335,48,1,737844,737849,899335,161486,161491,161486,5,0,0
934122,52,1,737868,800522,934122,133600,196254,133600,62654,0,0
947502,60,1,737918,813860,947502,133642,209584,133642,75942,0,0
951031,51,1,737861,737868,951031,213163,213170,213163,7,0,0
965546,67,1,737962,815228,965546,150318,227584,150318,77266,0,0
966561,43,1,737808,737814,966561,228747,228753,228747,6,0,0
980109,90,1,738211,821854,980109,158255,241898,158255,83643,0,0
1008560,88,1,738194,831305,1008560,177255,270366,177255,93111,0,0
1028369,59,1,737912,837937,1028369,190432,290457,190432,100025,0,0
1029929,116,8,854211,1028369,1029929,1560,175718,1560,174158,0,0
1029977,84,1,738137,838149,1029977,191828,291840,191828,100012,0,0
1031572,124,8,857638,1029929,1031572,1643,173934,1643,172291,0,0
1033262,117,8,854694,1031572,1033262,1690,178568,1690,176878,0,0
1035205,122,8,857621,1033262,1035205,1943,177584,1943,175641,0,0
1035499,140,4,962109,1033262,1035499,2237,73390,2237,71153,0,0
1045114,128,8,857760,1035205,1045114,9909,187354,9909,177445,0,0
1061827,151,8,995735,1045114,1061827,16713,66092,16713,49379,0,0
1063286,177,8,1047409,1061827,1063286,1459,15877,1459,14418,0,0
1091889,174,8,1047391,1063286,1091889,28603,44498,28603,15895,0,0
1122398,119,8,855109,1091889,1122398,30509,267289,30509,236780,0,0
1153545,156,8,996355,1122398,1153545,31147,157190,31147,126043,0,0
1200294,118,8,854728,1153545,1200294,46749,345566,46749,298817,0,0
1256888,133,8,869026,1200294,1256888,56594,387862,56594,331268,0,0
1314978,170,8,1047356,1256888,1314978,58090,267622,58090,209532,0,0
1315342,141,4,962888,1256888,1315342,58454,352454,58454,294000,0,0
1375689,159,8,996533,1314978,1375689,60711,379156,60711,318445,0,0
1440193,142,8,963205,1375689,1440193,64504,476988,64504,412484,0,0
1521528,120,8,855115,1440193,1521528,81335,666413,81335,585078,0,0
1562500,199,4,1511967,1512239,1562500,50261,50533,50261,272,0,0
1630148,121,8,855118,1521528,1630148,108620,775030,108620,666410,0,0
1635466,212,4,1631007,1631022,1635466,4444,4459,4444,15,0,0
1764293,155,8,995891,1630148,1764293,134145,768402,134145,634257,0,0
1765054,235,8,1632770,1764293,1765054,761,132284,761,131523,0,0
1771297,223,4,1631550,1764293,1771297,7004,139747,7004,132743,0,0
1772525,263,2,1770396,1771297,1772525,1228,2129,1228,901,0,0
1772623,269,2,1770441,1771297,1772623,1326,2182,1326,856,0,0
1773868,266,2,1770430,1772525,1773868,1343,3438,1343,2095,0,0
1784640,272,4,1770525,1773868,1784640,10772,14115,10772,3343,0,0
1796608,274,4,1770574,1784640,1796608,11968,26034,11968,14066,0,0
1804933,261,4,1770330,1770381,1804933,34552,34603,34552,51,0,0
1811925,283,4,1774804,1796608,1811925,15317,37121,15317,21804,0,0
1822699,265,2,1770407,1804933,1822699,17766,52292,17766,34526,0,0
1833791,280,4,1774669,1811925,1833791,21866,59122,21866,37256,0,0
1838597,268,2,1770435,1811925,1838597,26672,68162,26672,41490,0,0
1848598,288,8,1819598,1838597,1848598,10001,29000,10001,18999,0,0
1860681,305,8,1856583,1856591,1860681,4090,4098,4090,8,0,0
1860698,225,4,1631555,1765054,1860698,95644,229143,95644,133499,0,0
2059695,2,4,135296,135296,2059695,1924399,1924399,1924399,0,0,0
2182203,341,8,2163728,2181484,2182203,719,18475,719,17756,0,0
2321669,356,8,2312628,2320868,2321669,801,9041,801,8240,0,0
2348058,372,1,2347419,2347446,2348058,612,639,612,27,0,0
2428891,385,1,2422419,2427451,2428891,1440,6472,1440,5032,0,0
2581923,407,8,2578905,2581022,2581923,901,3018,901,2117,0,0
2616611,426,2,2613953,2614804,2616611,1807,2658,1807,851,0,0
2658021,480,1,2657616,2657619,2658021,402,405,402,3,0,0
2658212,484,1,2657645,2657648,2658212,564,567,564,3,0,0
2658459,470,1,2657555,2657558,2658459,901,904,901,3,0,0
2658474,451,1,2657376,2657379,2658474,1095,1098,1095,3,0,0
2658506,476,1,2657588,2657599,2658506,907,918,907,11,0,0
2658597,445,1,2657341,2657344,2658597,1253,1256,1253,3,0,0
2658778,477,1,2657599,2657606,2658778,1172,1179,1172,7,0,0
2661540,525,1,2660848,2660873,2661540,667,692,667,25,0,0
2661588,532,1,2661074,2661082,2661588,506,514,506,8,0,0
2661597,505,1,2660642,2660645,2661597,952,955,952,3,0,0
2661611,524,1,2660835,2660848,2661611,763,776,763,13,0,0
2661775,520,1,2660776,2660781,2661775,994,999,994,5,0,0
2661847,504,1,2660632,2660642,2661847,1205,1215,1205,10,0,0
2661937,513,1,2660670,2660673,2661937,1264,1267,1264,3,0,0
2662219,551,1,2661661,2661664,2662219,555,558,555,3,0,0
2662260,560,1,2661676,2661678,2662260,582,584,582,2,0,0
2662292,556,1,2661668,2661671,2662292,621,624,621,3,0,0
2662335,552,1,2661661,2661664,2662335,671,674,671,3,0,0
2662403,568,1,2661689,2661691,2662403,712,714,712,2,0,0
2662421,603,1,2661782,2661790,2662421,631,639,631,8,0,0
2662447,561,1,2661678,2661679,2662447,768,769,768,1,0,0
2662550,583,1,2661732,2661735,2662550,815,818,815,3,0,0
2662616,582,1,2661732,2661735,2662616,881,884,881,3,0,0
2662757,617,1,2661961,2661968,2662757,789,796,789,7,0,0
2662766,613,1,2661932,2661937,2662766,829,834,829,5,0,0
2662803,569,1,2661691,2661692,2662803,1111,1112,1111,1,0,0
2662877,622,1,2661986,2661996,2662877,881,891,881,10,0,0
2662879,597,1,2661766,2661772,2662879,1107,1113,1107,6,0,0
2662932,636,1,2662103,2662106,2662932,826,829,826,3,0,0
2663163,620,1,2661979,2661980,2663163,1183,1184,1183,1,0,0
2671008,713,1,2670581,2670587,2671008,421,427,421,6,0,0
2671031,656,1,2670204,2670214,2671031,817,827,817,10,0,0
2671071,697,1,2670381,2670384,2671071,687,690,687,3,0,0
2671114,711,1,2670522,2670578,2671114,536,592,536,56,0,0
2671217,708,1,2670509,2670510,2671217,707,708,707,1,0,0
2671318,692,1,2670374,2670377,2671318,941,944,941,3,0,0
2671332,671,1,2670285,2670287,2671332,1045,1047,1045,2,0,0
2671414,715,1,2670589,2670603,2671414,811,825,811,14,0,0
2671419,660,1,2670227,2670231,2671419,1188,1192,1188,4,0,0
2671518,672,1,2670287,2670289,2671518,1229,1231,1229,2,0,0
2671527,741,1,2670775,2671008,2671527,519,752,519,233,0,0
2671628,649,1,2670193,2670197,2671628,1431,1435,1431,4,0,0
2671644,669,1,2670282,2670284,2671644,1360,1362,1360,2,0,0
2671671,725,1,2670673,2671031,2671671,640,998,640,358,0,0
2671680,695,1,2670377,2670380,2671680,1300,1303,1300,3,0,0
2671763,759,1,2670927,2671071,2671763,692,836,692,144,0,0
2671787,685,1,2670349,2670363,2671787,1424,1438,1424,14,0,0
2671857,756,1,2670907,2671114,2671857,743,950,743,207,0,0
2671929,837,1,2671453,2671518,2671929,411,476,411,65,0,0
2671978,702,1,2670405,2670406,2671978,1572,1573,1572,1,0,0
2671978,757,1,2670910,2671217,2671978,761,1068,761,307,0,0
2671979,809,1,2671331,2671332,2671979,647,648,647,1,0,0
2672042,703,1,2670406,2670410,2672042,1632,1636,1632,4,0,0
2672089,782,1,2671226,2671318,2672089,771,863,771,92,0,0
2672203,749,1,2670859,2671414,2672203,789,1344,789,555,0,0
2672212,755,1,2670904,2671419,2672212,793,1308,793,515,0,0
2672328,724,1,2670672,2671527,2672328,801,1656,801,855,0,0
2672448,716,1,2670603,2671628,2672448,820,1845,820,1025,0,0
2672473,787,1,2671240,2671644,2672473,829,1233,829,404,0,0
2672562,812,1,2671341,2671671,2672562,891,1221,891,330,0,0
2672573,816,1,2671348,2671680,2672573,893,1225,893,332,0,0
2672689,794,1,2671254,2671763,2672689,926,1435,926,509,0,0
2672722,808,1,2671328,2671787,2672722,935,1394,935,459,0,0
2672730,856,1,2671907,2671929,2672730,801,823,801,22,0,0
2672766,861,1,2671934,2671978,2672766,788,832,788,44,0,0
2672814,880,1,2672344,2672352,2672814,462,470,462,8,0,0
2672831,775,1,2671168,2671857,2672831,974,1663,974,689,0,0
2672995,736,1,2670738,2671978,2672995,1017,2257,1017,1240,0,0
2673007,777,1,2671175,2671979,2673007,1028,1832,1028,804,0,0
2673134,826,1,2671384,2672042,2673134,1092,1750,1092,658,0,0
2673255,810,1,2671337,2672089,2673255,1166,1918,1166,752,0,0
2673432,868,1,2672043,2672203,2673432,1229,1389,1229,160,0,0
2673480,875,1,2672212,2672215,2673480,1265,1268,1265,3,0,0
2676206,885,1,2675803,2675807,2676206,399,403,399,4,0,0
2676334,887,1,2675807,2675811,2676334,523,527,523,4,0,0
2676615,894,1,2675823,2675828,2676615,787,792,787,5,0,0
2676616,912,1,2675895,2675901,2676616,715,721,715,6,0,0
2676650,916,1,2675921,2675922,2676650,728,729,728,1,0,0
2676652,927,1,2676203,2676206,2676652,446,449,446,3,0,0
2676791,928,1,2676256,2676334,2676791,457,535,457,78,0,0
2676800,909,1,2675877,2675886,2676800,914,923,914,9,0,0
2683762,944,1,2682871,2682874,2683762,888,891,888,3,0,0
2683772,962,1,2683056,2683059,2683772,713,716,713,3,0,0
2683835,935,1,2682782,2682786,2683835,1049,1053,1049,4,0,0
2683842,954,1,2682971,2683031,2683842,811,871,811,60,0,0
2683999,931,1,2682750,2682762,2683999,1237,1249,1237,12,0,0
2684004,950,1,2682931,2682968,2684004,1036,1073,1036,37,0,0
2684195,973,1,2683183,2683185,2684195,1010,1012,1010,2,0,0
2684198,1011,1,2683541,2683762,2684198,436,657,436,221,0,0
2684255,1006,1,2683473,2683772,2684255,483,782,483,299,0,0
2684268,943,1,2682867,2682871,2684268,1397,1401,1397,4,0,0
2684277,951,1,2682968,2682971,2684277,1306,1309,1306,3,0,0
2684314,982,1,2683273,2683275,2684314,1039,1041,1039,2,0,0
2684360,956,1,2683031,2683034,2684360,1326,1329,1326,3,0,0
2684376,966,1,2683114,2683118,2684376,1258,1262,1258,4,0,0
2684403,959,1,2683041,2683052,2684403,1351,1362,1351,11,0,0
2684417,1048,1,2683726,2683835,2684417,582,691,582,109,0,0
2684525,1022,1,2683621,2683842,2684525,683,904,683,221,0,0
2684675,981,1,2683270,2683273,2684675,1402,1405,1402,3,0,0
2684736,1026,1,2683628,2683999,2684736,737,1108,737,371,0,0
2684761,1097,1,2684196,2684198,2684761,563,565,563,2,0,0
2684774,1014,1,2683557,2684004,2684774,770,1217,770,447,0,0
2684791,977,1,2683200,2683270,2684791,1521,1591,1521,70,0,0
2684818,1078,1,2684119,2684195,2684818,623,699,623,76,0,0
2684924,996,1,2683359,2683362,2684924,1562,1565,1562,3,0,0
2684984,1098,1,2684196,2684255,2684984,729,788,729,59,0,0
2684998,1135,1,2684515,2684525,2684998,473,483,473,10,0,0
2685071,1067,1,2684042,2684268,2685071,803,1029,803,226,0,0
2685092,1037,1,2683696,2684277,2685092,815,1396,815,581,0,0
2685100,1129,1,2684352,2684360,2685100,740,748,740,8,0,0
2685139,1102,1,2684209,2684314,2685139,825,930,825,105,0,0
2685230,1124,1,2684316,2684376,2685230,854,914,854,60,0,0
2685258,1015,1,2683563,2684403,2685258,855,1695,855,840,0,0
2685273,1034,1,2683685,2684417,2685273,856,1588,856,732,0,0
2685374,1156,1,2684899,2684924,2685374,450,475,450,25,0,0
2685381,1136,1,2684711,2684736,2685381,645,670,645,25,0,0
2685522,1134,1,2684456,2684675,2685522,847,1066,847,219,0,0
2685566,1152,1,2684888,2684984,2685566,582,678,582,96,0,0
2685684,1164,1,2684952,2684998,2685684,686,732,686,46,0,0
2685726,1084,1,2684163,2684761,2685726,965,1563,965,598,0,0
2685745,1069,1,2684077,2684774,2685745,971,1668,971,697,0,0
2685803,1053,1,2683744,2684791,2685803,1012,2059,1012,1047,0,0
2685833,1155,1,2684896,2685071,2685833,762,937,762,175,0,0
2685870,1079,1,2684122,2684818,2685870,1052,1748,1052,696,0,0
2685890,1145,1,2684851,2685092,2685890,798,1039,798,241,0,0
2685973,1147,1,2684862,2685100,2685973,873,1111,873,238,0,0
2686019,1153,1,2684892,2685139,2686019,880,1127,880,247,0,0
2686179,1176,1,2685444,2685522,2686179,657,735,657,78,0,0
2686323,1068,1,2684045,2685230,2686323,1093,2278,1093,1185,0,0
2686374,1065,1,2683814,2685258,2686374,1116,2560,1116,1444,0,0
2686424,1182,1,2685462,2685566,2686424,858,962,858,104,0,0
2686471,1081,1,2684142,2685273,2686471,1198,2329,1198,1131,0,0
2686591,1091,1,2684177,2685374,2686591,1217,2414,1217,1197,0,0
2686605,1143,1,2684845,2685381,2686605,1224,1760,1224,536,0,0
2686623,1246,1,2685882,2685890,2686623,733,741,733,8,0,0
2686633,1224,1,2685678,2685684,2686633,949,955,949,6,0,0
2686677,1233,1,2685752,2685803,2686677,874,925,874,51,0,0
2686829,1255,1,2685968,2685973,2686829,856,861,856,5,0,0
2686966,1215,1,2685615,2685726,2686966,1240,1351,1240,111,0,0
2686993,1117,1,2684301,2685745,2686993,1248,2692,1248,1444,0,0
2687018,1282,1,2686252,2686323,2687018,695,766,695,71,0,0
2687100,1214,1,2685615,2685833,2687100,1267,1485,1267,218,0,0
2687143,1039,1,2683703,2685870,2687143,1273,3440,1273,2167,0,0
2687148,1274,1,2686166,2686179,2687148,969,982,969,13,0,0
2687303,1158,1,2684914,2686019,2687303,1284,2389,1284,1105,0,0
2687377,1276,1,2686224,2686374,2687377,1003,1153,1003,150,0,0
2687810,1044,1,2683716,2686424,2687810,1386,4094,1386,2708,0,0
2688129,1216,1,2685619,2686471,2688129,1658,2510,1658,852,0,0
2688440,1308,1,2687939,2687942,2688440,498,501,498,3,0,0
2688474,1344,1,2688006,2688008,2688474,466,468,466,2,0,0
2688480,1331,1,2687981,2687982,2688480,498,499,498,1,0,0
2688679,1315,1,2687952,2687955,2688679,724,727,724,3,0,0
2688791,1301,1,2687928,2687931,2688791,860,863,860,3,0,0
2688820,1290,1,2687898,2687901,2688820,919,922,919,3,0,0
2688912,1316,1,2687955,2687956,2688912,956,957,956,1,0,0
2688930,1327,1,2687973,2687975,2688930,955,957,955,2,0,0
2688984,1299,1,2687924,2687925,2688984,1059,1060,1059,1,0,0
2688986,1311,1,2687945,2687947,2688986,1039,1041,1039,2,0,0
2689016,1298,1,2687921,2687924,2689016,1092,1095,1092,3,0,0
2689016,1319,1,2687960,2687962,2689016,1054,1056,1054,2,0,0
2689019,1317,1,2687956,2687959,2689019,1060,1063,1060,3,0,0
2689070,1293,1,2687906,2687908,2689070,1162,1164,1162,2,0,0
2689072,1373,1,2688472,2688474,2689072,598,600,598,2,0,0
2689119,1357,1,2688280,2688366,2689119,753,839,753,86,0,0
2689122,1322,1,2687965,2687966,2689122,1156,1157,1156,1,0,0
2689173,1361,1,2688393,2688440,2689173,733,780,733,47,0,0
2689402,1360,1,2688393,2688480,2689402,922,1009,922,87,0,0
2689735,1367,1,2688426,2688679,2689735,1056,1309,1056,253,0,0
2690220,1364,1,2688411,2688791,2690220,1429,1809,1429,380,0,0
2692641,1387,1,2692016,2692019,2692641,622,625,622,3,0,0
2692773,1389,1,2692019,2692020,2692773,753,754,753,1,0,0
2692800,1438,1,2692106,2692110,2692800,690,694,690,4,0,0
2692899,1419,1,2692087,2692088,2692899,811,812,811,1,0,0
2692899,1445,1,2692121,2692124,2692899,775,778,775,3,0,0
2692933,1392,1,2692023,2692024,2692933,909,910,909,1,0,0
2692943,1424,1,2692091,2692093,2692943,850,852,850,2,0,0
2692955,1417,1,2692084,2692087,2692955,868,871,868,3,0,0
2692955,1433,1,2692103,2692106,2692955,849,852,849,3,0,0
2693006,1418,1,2692084,2692087,2693006,919,922,919,3,0,0
2693024,1413,1,2692076,2692084,2693024,940,948,940,8,0,0
2693060,1432,1,2692099,2692103,2693060,957,961,957,4,0,0
2693076,1526,1,2692358,2692641,2693076,435,718,435,283,0,0
2693083,1412,1,2692076,2692084,2693083,999,1007,999,8,0,0
2693090,1402,1,2692032,2692034,2693090,1056,1058,1056,2,0,0
2693171,1420,1,2692088,2692089,2693171,1082,1083,1082,1,0,0
2693269,1396,1,2692027,2692028,2693269,1241,1242,1241,1,0,0
2693273,1512,1,2692270,2692773,2693273,500,1003,500,503,0,0
2693403,1575,1,2692482,2692800,2693403,603,921,603,318,0,0
2693513,1460,1,2692143,2692899,2693513,614,1370,614,756,0,0
2693557,1488,1,2692204,2692899,2693557,658,1353,658,695,0,0
2693613,1559,1,2692451,2692933,2693613,680,1162,680,482,0,0
2693630,1574,1,2692478,2692943,2693630,687,1152,687,465,0,0
2693663,1514,1,2692291,2692955,2693663,708,1372,708,664,0,0
2693713,1522,1,2692329,2692955,2693713,758,1384,758,626,0,0
2693780,1506,1,2692248,2693006,2693780,774,1532,774,758,0,0
2693805,1523,1,2692329,2693024,2693805,781,1476,781,695,0,0
2693870,1474,1,2692193,2693060,2693870,810,1677,810,867,0,0
2693904,1581,1,2692498,2693076,2693904,828,1406,828,578,0,0
2693932,1450,1,2692130,2693083,2693932,849,1802,849,953,0,0
2693949,1583,1,2692502,2693090,2693949,859,1447,859,588,0,0
2694054,1473,1,2692192,2693171,2694054,883,1862,883,979,0,0
2694191,1580,1,2692498,2693269,2694191,922,1693,922,771,0,0
2694202,1571,1,2692474,2693273,2694202,929,1728,929,799,0,0
2694358,1540,1,2692387,2693403,2694358,955,1971,955,1016,0,0
2694490,1539,1,2692386,2693513,2694490,977,2104,977,1127,0,0
2694679,1577,1,2692491,2693557,2694679,1122,2188,1122,1066,0,0
2694787,1503,1,2692228,2693613,2694787,1174,2559,1174,1385,0,0
2694807,1491,1,2692208,2693630,2694807,1177,2599,1177,1422,0,0
2694851,1464,1,2692151,2693663,2694851,1188,2700,1188,1512,0,0
2694919,1563,1,2692462,2693713,2694919,1206,2457,1206,1251,0,0
2695001,1475,1,2692193,2693780,2695001,1221,2808,1221,1587,0,0
2695115,1490,1,2692208,2693805,2695115,1310,2907,1310,1597,0,0
2695277,1578,1,2692492,2693870,2695277,1407,2785,1407,1378,0,0
2695312,1554,1,2692445,2693904,2695312,1408,2867,1408,1459,0,0
2695406,1501,1,2692222,2693932,2695406,1474,3184,1474,1710,0,0
2695496,1462,1,2692143,2693949,2695496,1547,3353,1547,1806,0,0
2695668,1477,1,2692196,2694054,2695668,1614,3472,1614,1858,0,0
2719060,1613,1,2718473,2718475,2719060,585,587,585,2,0,0
2719121,1654,1,2718582,2718597,2719121,524,539,524,15,0,0
2719185,1649,1,2718574,2718578,2719185,607,611,607,4,0,0
2719248,1634,1,2718496,2718497,2719248,751,752,751,1,0,0
2719273,1633,1,2718496,2718497,2719273,776,777,776,1,0,0
2719413,1596,1,2718458,2718461,2719413,952,955,952,3,0,0
2719422,1667,1,2718633,2718643,2719422,779,789,779,10,0,0
2719479,1740,1,2718836,2719060,2719479,419,643,419,224,0,0
2719519,1597,1,2718458,2718461,2719519,1058,1061,1058,3,0,0
2719523,1599,1,2718462,2718464,2719523,1059,1061,1059,2,0,0
2719561,1764,1,2719011,2719121,2719561,440,550,440,110,0,0
2719586,1819,1,2719156,2719185,2719586,401,430,401,29,0,0
2719631,1604,1,2718466,2718468,2719631,1163,1165,1163,2,0,0
2719646,1635,1,2718497,2718507,2719646,1139,1149,1139,10,0,0
2719674,1648,1,2718571,2718574,2719674,1100,1103,1100,3,0,0
2719679,1666,1,2718633,2718643,2719679,1036,1046,1036,10,0,0
2719711,1763,1,2719010,2719248,2719711,463,701,463,238,0,0
2719763,1803,1,2719138,2719273,2719763,490,625,490,135,0,0
2719818,1631,1,2718491,2718496,2719818,1322,1327,1322,5,0,0
2719860,1659,1,2718611,2718624,2719860,1236,1249,1236,13,0,0
2719918,1710,1,2718745,2719413,2719918,505,1173,505,668,0,0
2719957,1637,1,2718514,2718534,2719957,1423,1443,1423,20,0,0
2720006,1806,1,2719138,2719422,2720006,584,868,584,284,0,0
2720130,1696,1,2718719,2719479,2720130,651,1411,651,760,0,0
2720188,1708,1,2718742,2719519,2720188,669,1446,669,777,0,0
2720248,1728,1,2718805,2719523,2720248,725,1443,725,718,0,0
2720288,1802,1,2719131,2719561,2720288,727,1157,727,430,0,0
2720335,1822,1,2719160,2719586,2720335,749,1175,749,426,0,0
2720402,1721,1,2718772,2719631,2720402,771,1630,771,859,0,0
2720422,1831,1,2719177,2719646,2720422,776,1245,776,469,0,0
2720457,1793,1,2719114,2719674,2720457,783,1343,783,560,0,0
2720463,1746,1,2718865,2719679,2720463,784,1598,784,814,0,0
2720513,1821,1,2719159,2719711,2720513,802,1354,802,552,0,0
2720573,1767,1,2719017,2719763,2720573,810,1556,810,746,0,0
2720641,1765,1,2719014,2719818,2720641,823,1627,823,804,0,0
2720684,1818,1,2719155,2719860,2720684,824,1529,824,705,0,0
2720757,1755,1,2718942,2719918,2720757,839,1815,839,976,0,0
2720806,1676,1,2718677,2719957,2720806,849,2129,849,1280,0,0
2720877,1775,1,2719033,2720006,2720877,871,1844,871,973,0,0
2721009,1745,1,2718853,2720130,2721009,879,2156,879,1277,0,0
2721098,1733,1,2718817,2720188,2721098,910,2281,910,1371,0,0
2721165,1682,1,2718690,2720248,2721165,917,2475,917,1558,0,0
2721238,1820,1,2719158,2720288,2721238,950,2080,950,1130,0,0
2721292,1727,1,2718798,2720335,2721292,957,2494,957,1537,0,0
2721368,1706,1,2718735,2720402,2721368,966,2633,966,1667,0,0
2721417,1828,1,2719172,2720422,2721417,995,2245,995,1250,0,0
2721499,1758,1,2719004,2720457,2721499,1042,2495,1042,1453,0,0
2721524,1762,1,2719007,2720463,2721524,1061,2517,1061,1456,0,0
2721645,1829,1,2719172,2720513,2721645,1132,2473,1132,1341,0,0
2721726,1687,1,2718699,2720573,2721726,1153,3027,1153,1874,0,0
2721835,1686,1,2718699,2720641,2721835,1194,3136,1194,1942,0,0
2721881,1711,1,2718746,2720684,2721881,1197,3135,1197,1938,0,0
2722025,1715,1,2718752,2720757,2722025,1268,3273,1268,2005,0,0
2722105,1830,1,2719176,2720806,2722105,1299,2929,1299,1630,0,0
2722254,1791,1,2719112,2720877,2722254,1377,3142,1377,1765,0,0
2722526,1859,1,2722103,2722105,2722526,421,423,421,2,0,0
2722530,1700,1,2718729,2721009,2722530,1521,3801,1521,2280,0,0
2722622,1824,1,2719163,2721098,2722622,1524,3459,1524,1935,0,0
2722687,1880,1,2722129,2722130,2722687,557,558,557,1,0,0
2722711,1963,1,2722240,2722254,2722711,457,471,457,14,0,0
2722727,1869,1,2722118,2722121,2722727,606,609,606,3,0,0
2722749,1903,1,2722162,2722163,2722749,586,587,586,1,0,0
2722780,1714,1,2718752,2721165,2722780,1615,4028,1615,2413,0,0
2722878,1862,1,2722114,2722117,2722878,761,764,761,3,0,0
2722926,1878,1,2722128,2722129,2722926,797,798,797,1,0,0
2722928,1847,1,2722093,2722095,2722928,833,835,833,2,0,0
2722935,1981,1,2722325,2722526,2722935,409,610,409,201,0,0
2722964,1992,1,2722388,2722530,2722964,434,576,434,142,0,0
2723066,1846,1,2722092,2722093,2723066,973,974,973,1,0,0
2723074,1854,1,2722100,2722102,2723074,972,974,972,2,0,0
2723110,1917,1,2722175,2722622,2723110,488,935,488,447,0,0
2723286,1865,1,2722114,2722117,2723286,1169,1172,1169,3,0,0
2723317,1883,1,2722132,2722133,2723317,1184,1185,1184,1,0,0
2723412,1962,1,2722237,2722687,2723412,725,1175,725,450,0,0
2723451,1909,1,2722167,2722170,2723451,1281,1284,1281,3,0,0
2723582,1927,1,2722189,2722711,2723582,871,1393,871,522,0,0
2723624,1919,1,2722181,2722727,2723624,897,1443,897,546,0,0
2723721,1970,1,2722295,2722749,2723721,972,1426,972,454,0,0
2723897,1969,1,2722291,2722780,2723897,1117,1606,1117,489,0,0
2724030,1925,1,2722185,2722878,2724030,1152,1845,1152,693,0,0
2724090,1937,1,2722199,2722926,2724090,1164,1891,1164,727,0,0
2724203,1939,1,2722200,2722928,2724203,1275,2003,1275,728,0,0
3184992,4,4,265278,265278,3184992,2919714,2919714,2919714,0,0,0
3756013,7,8,318802,318802,3756013,3437211,3437211,3437211,0,0,0
3757929,315,24,1890617,3756013,3757929,1916,1867312,1916,1865396,0,0
3758088,627,1,2662024,3756013,3758088,2075,1096064,2075,1093989,0,0
3758107,783,1,2671226,3756013,3758107,2094,1086881,2094,1084787,0,0
3758110,1805,1,2719138,3756013,3758110,2097,1038972,2097,1036875,0,0
3758117,1465,1,2692151,3756013,3758117,2104,1065966,2104,1063862,0,0
3760052,999,1,2683366,3757929,3760052,2123,1076686,2123,1074563,0,0
3760088,472,1,2657565,3757929,3760088,2159,1102523,2159,1100364,0,0
3760110,891,1,2675815,3757929,3760110,2181,1084295,2181,1082114,0,0
3760129,860,1,2671931,3757929,3760129,2200,1088198,2200,1085998,0,0
3760148,1761,1,2719007,3757929,3760148,2219,1041141,2219,1038922,0,0
3760172,1113,1,2684255,3757929,3760172,2243,1075917,2243,1073674,0,0
3760248,1010,1,2683521,3757929,3760248,2319,1076727,2319,1074408,0,0
3760250,1744,1,2718853,3757929,3760250,2321,1041397,2321,1039076,0,0
3760286,621,1,2661980,3757929,3760286,2357,1098306,2357,1095949,0,0
3760298,1149,1,2684871,3757929,3760298,2369,1075427,2369,1073058,0,0
3760313,878,1,2672325,3757929,3760313,2384,1087988,2384,1085604,0,0
3760451,871,1,2672072,3757929,3760451,2522,1088379,2522,1085857,0,0
3760513,917,1,2675922,3757929,3760513,2584,1084591,2584,1082007,0,0
3760581,1253,1,2685964,3757929,3760581,2652,1074617,2652,1071965,0,0
3760586,874,1,2672208,3757929,3760586,2657,1088378,2657,1085721,0,0
3760617,949,1,2682930,3757929,3760617,2688,1077687,2688,1074999,0,0
3760631,1159,1,2684918,3757929,3760631,2702,1075713,2702,1073011,0,0
3760679,1294,1,2687908,3757929,3760679,2750,1072771,2750,1070021,0,0
3760708,1237,1,2685834,3757929,3760708,2779,1074874,2779,1072095,0,0
3760723,1508,1,2692254,3757929,3760723,2794,1068469,2794,1065675,0,0
3760733,676,1,2670301,3757929,3760733,2804,1090432,2804,1087628,0,0
3760776,771,1,2671026,3757929,3760776,2847,1089750,2847,1086903,0,0
3760810,553,1,2661664,3757929,3760810,2881,1099146,2881,1096265,0,0
3763358,313,16,1889392,3760451,3763358,2907,1873966,2907,1871059,0,0
3763388,1304,1,2687932,3760451,3763388,2937,1075456,2937,1072519,0,0
3763452,1481,1,2692199,3760513,3763452,2939,1071253,2939,1068314,0,0
3763523,918,1,2675929,3760581,3763523,2942,1087594,2942,1084652,0,0
3763597,1248,1,2685921,3760586,3763597,3011,1077676,3011,1074665,0,0
3763629,893,1,2675823,3760617,3763629,3012,1087806,3012,1084794,0,0
3763683,1894,1,2722155,3760631,3763683,3052,1041528,3052,1038476,0,0
3763736,1096,1,2684193,3760679,3763736,3057,1079543,3057,1076486,0,0
3763778,1642,1,2718545,3760708,3763778,3070,1045233,3070,1042163,0,0
3763872,1455,1,2692135,3760723,3763872,3149,1071737,3149,1068588,0,0
3763897,1089,1,2684174,3760733,3763897,3164,1079723,3164,1076559,0,0
3763956,507,1,2660648,3760776,3763956,3180,1103308,3180,1100128,0,0
3764005,1722,1,2718772,3760810,3764005,3195,1045233,3195,1042038,0,0
3766591,650,1,2670193,3763358,3766591,3233,1096398,3233,1093165,0,0
3766623,781,1,2671205,3763358,3766623,3265,1095418,3265,1092153,0,0
3766630,1695,1,2718719,3763358,3766630,3272,1047911,3272,1044639,0,0
3766966,312,16,1886215,3763629,3766966,3337,1880751,3337,1877414,0,0
3767002,1266,1,2686022,3763629,3767002,3373,1080980,3373,1077607,0,0
3767036,1665,1,2718633,3763629,3767036,3407,1048403,3407,1044996,0,0
3767110,515,1,2660677,3763683,3767110,3427,1106433,3427,1103006,0,0
3767173,665,1,2670265,3763736,3767173,3437,1096908,3437,1093471,0,0
3767252,1979,1,2722325,3763778,3767252,3474,1044927,3474,1041453,0,0
3767371,766,1,2670986,3763872,3767371,3499,1096385,3499,1092886,0,0
3767414,1163,1,2684942,3763897,3767414,3517,1082472,3517,1078955,0,0
3767536,1804,1,2719138,3763956,3767536,3580,1048398,3580,1044818,0,0
3767616,905,1,2675865,3764005,3767616,3611,1091751,3611,1088140,0,0
3770237,1451,1,2692131,3766591,3770237,3646,1078106,3646,1074460,0,0
3770291,761,1,2670933,3766623,3770291,3668,1099358,3668,1095690,0,0
3770423,1776,1,2719034,3766630,3770423,3793,1051389,3793,1047596,0,0
3770813,1519,1,2692311,3766966,3770813,3847,1078502,3847,1074655,0,0
3770850,1743,1,2718850,3766966,3770850,3884,1052000,3884,1048116,0,0
3770870,1077,1,2684119,3766966,3770870,3904,1086751,3904,1082847,0,0
3770912,1944,1,2722208,3766966,3770912,3946,1048704,3946,1044758,0,0
3770913,1017,1,2683574,3766966,3770913,3947,1087339,3947,1083392,0,0
3770925,490,1,2659714,3766966,3770925,3959,1111211,3959,1107252,0,0
3770958,774,1,2671076,3766966,3770958,3992,1099882,3992,1095890,0,0
3770975,511,1,2660663,3766966,3770975,4009,1110312,4009,1106303,0,0
3770987,1573,1,2692477,3766966,3770987,4021,1078510,4021,1074489,0,0
3770993,1588,1,2692535,3766966,3770993,4027,1078458,4027,1074431,0,0
3771035,1570,1,2692473,3766966,3771035,4069,1078562,4069,1074493,0,0
3771044,1468,1,2692155,3766966,3771044,4078,1078889,4078,1074811,0,0
3771056,1678,1,2718683,3766966,3771056,4090,1052373,4090,1048283,0,0
3771066,457,1,2657416,3766966,3771066,4100,1113650,4100,1109550,0,0
3771085,1099,1,2684199,3766966,3771085,4119,1086886,4119,1082767,0,0
3771743,353,8,2312551,3767616,3771743,4127,1459192,4127,1455065,0,0
3771745,1756,1,2718997,3767616,3771745,4129,1052748,4129,1048619,0,0
3771774,1660,1,2718624,3767616,3771774,4158,1053150,4158,1048992,0,0
3774405,768,1,2670997,3770237,3774405,4168,1103408,4168,1099240,0,0
3774551,1283,1,2686284,3770291,3774551,4260,1088267,4260,1084007,0,0
3774745,1931,1,2722193,3770423,3774745,4322,1052552,4322,1048230,0,0
3775177,406,1,2534033,3770813,3775177,4364,1241144,4364,1236780,0,0
3775252,575,1,2661705,3770850,3775252,4402,1113547,4402,1109145,0,0
3775315,1469,1,2692189,3770870,3775315,4445,1083126,4445,1078681,0,0
3775375,1040,1,2683705,3770912,3775375,4463,1091670,4463,1087207,0,0
3775376,1620,1,2718479,3770913,3775376,4463,1056897,4463,1052434,0,0
3776220,354,8,2312590,3771743,3776220,4477,1463630,4477,1459153,0,0
3776234,1181,1,2685459,3771743,3776234,4491,1090775,4491,1086284,0,0
3776270,746,1,2670789,3771743,3776270,4527,1105481,4527,1100954,0,0
3776285,1643,1,2718545,3771743,3776285,4542,1057740,4542,1053198,0,0
3776290,1263,1,2686011,3771743,3776290,4547,1090279,4547,1085732,0,0
3776316,1309,1,2687942,3771743,3776316,4573,1088374,4573,1083801,0,0
3776416,1850,1,2722096,3771743,3776416,4673,1054320,4673,1049647,0,0
3776507,1558,1,2692451,3771743,3776507,4764,1084056,4764,1079292,0,0
3781004,301,16,1840047,3776220,3781004,4784,1940957,4784,1936173,0,0
3781124,304,8,1856572,3776285,3781124,4839,1924552,4839,1919713,0,0
3781133,969,1,2683118,3776290,3781133,4843,1098015,4843,1093172,0,0
3781176,1669,1,2718643,3776316,3781176,4860,1062533,4860,1057673,0,0
3781282,530,1,2661028,3776416,3781282,4866,1120254,4866,1115388,0,0
3781376,788,1,2671241,3776507,3781376,4869,1110135,4869,1105266,0,0
3785933,1284,1,2686288,3781004,3785933,4929,1099645,4929,1094716,0,0
3785964,433,1,2657296,3781004,3785964,4960,1128668,4960,1123708,0,0
3785995,1636,1,2718507,3781004,3785995,4991,1067488,4991,1062497,0,0
3786007,1213,1,2685589,3781004,3786007,5003,1100418,5003,1095415,0,0
3786078,1742,1,2718842,3781004,3786078,5074,1067236,5074,1062162,0,0
3786101,827,1,2671386,3781004,3786101,5097,1114715,5097,1109618,0,0
3786226,1201,1,2685514,3781004,3786226,5222,1100712,5222,1095490,0,0
3786461,1916,1,2722174,3781004,3786461,5457,1064287,5457,1058830,0,0
3786462,1938,1,2722199,3781004,3786462,5458,1064263,5458,1058805,0,0
3786465,1844,1,2722089,3781004,3786465,5461,1064376,5461,1058915,0,0
3786522,1168,1,2685059,3781004,3786522,5518,1101463,5518,1095945,0,0
3786536,965,1,2683059,3781004,3786536,5532,1103477,5532,1097945,0,0
3786607,643,1,2670112,3781004,3786607,5603,1116495,5603,1110892,0,0
3786656,647,1,2670190,3781004,3786656,5652,1116466,5652,1110814,0,0
3786758,1848,1,2722093,3781004,3786758,5754,1064665,5754,1058911,0,0
3786804,1661,1,2718624,3781004,3786804,5800,1068180,5800,1062380,0,0
3787095,534,1,2661089,3781124,3787095,5971,1126006,5971,1120035,0,0
3787104,1521,1,2692315,3781124,3787104,5980,1094789,5980,1088809,0,0
3787146,1719,1,2718770,3781124,3787146,6022,1068376,6022,1062354,0,0
3787173,729,1,2670700,3781124,3787173,6049,1116473,6049,1110424,0,0
3787198,1544,1,2692424,3781124,3787198,6074,1094774,6074,1088700,0,0
3787205,1841,1,2722087,3781124,3787205,6081,1065118,6081,1059037,0,0
3787232,1236,1,2685805,3781124,3787232,6108,1101427,6108,1095319,0,0
3787247,1356,1,2688278,3781124,3787247,6123,1098969,6123,1092846,0,0
3787271,1732,1,2718813,3781133,3787271,6138,1068458,6138,1062320,0,0
3787324,615,1,2661950,3781176,3787324,6148,1125374,6148,1119226,0,0
3787454,465,1,2657483,3781282,3787454,6172,1129971,6172,1123799,0,0
3787701,634,1,2662069,3781376,3787701,6325,1125632,6325,1119307,0,0
3792297,903,1,2675854,3785933,3792297,6364,1116443,6364,1110079,0,0
3792344,1422,1,2692089,3785964,3792344,6380,1100255,6380,1093875,0,0
3792379,1272,1,2686079,3785995,3792379,6384,1106300,6384,1099916,0,0
3792396,1967,1,2722288,3786007,3792396,6389,1070108,6389,1063719,0,0
3792472,464,1,2657479,3786078,3792472,6394,1134993,6394,1128599,0,0
3792510,961,1,2683052,3786101,3792510,6409,1109458,6409,1103049,0,0
3792723,726,1,2670676,3786226,3792723,6497,1122047,6497,1115550,0,0
3792963,584,1,2661735,3786461,3792963,6502,1131228,6502,1124726,0,0
3792982,1668,1,2718643,3786462,3792982,6520,1074339,6520,1067819,0,0
3792990,989,1,2683293,3786465,3792990,6525,1109697,6525,1103172,0,0
3793053,1016,1,2683565,3786522,3793053,6531,1109488,6531,1102957,0,0
3793078,1543,1,2692411,3786536,3793078,6542,1100667,6542,1094125,0,0
3793153,601,1,2661778,3786607,3793153,6546,1131375,6546,1124829,0,0
3793202,850,1,2671853,3786656,3793202,6546,1121349,6546,1114803,0,0
3793328,1244,1,2685875,3786758,3793328,6570,1107453,6570,1100883,0,0
3793385,920,1,2675939,3786804,3793385,6581,1117446,6581,1110865,0,0
3793720,1978,1,2722323,3787095,3793720,6625,1071397,6625,1064772,0,0
3793849,855,1,2671897,3787104,3793849,6745,1121952,6745,1115207,0,0
3793946,1414,1,2692076,3787146,3793946,6800,1101870,6800,1095070,0,0
3794014,1874,1,2722124,3787173,3794014,6841,1071890,6841,1065049,0,0
3794059,1221,1,2685635,3787198,3794059,6861,1108424,6861,1101563,0,0
3794085,1391,1,2692020,3787205,3794085,6880,1102065,6880,1095185,0,0
3794206,652,1,2670198,3787232,3794206,6974,1124008,6974,1117034,0,0
3794232,1726,1,2718794,3787247,3794232,6985,1075438,6985,1068453,0,0
3794787,382,4,2416845,3787701,3794787,7086,1377942,7086,1370856,0,0
3799418,733,1,2670728,3792297,3799418,7121,1128690,7121,1121569,0,0
3799494,914,1,2675901,3792344,3799494,7150,1123593,7150,1116443,0,0
3799569,911,1,2675887,3792379,3799569,7190,1123682,7190,1116492,0,0
3799640,722,1,2670654,3792396,3799640,7244,1128986,7244,1121742,0,0
3799726,1541,1,2692388,3792472,3799726,7254,1107338,7254,1100084,0,0
3799770,1256,1,2685972,3792510,3799770,7260,1113798,7260,1106538,0,0
3799997,1261,1,2686003,3792723,3799997,7274,1113994,7274,1106720,0,0
3800263,1760,1,2719004,3792963,3800263,7300,1081259,7300,1073959,0,0
3800284,1138,1,2684758,3792982,3800284,7302,1115526,7302,1108224,0,0
3800298,1502,1,2692225,3792990,3800298,7308,1108073,7308,1100765,0,0
3800366,1363,1,2688408,3793053,3800366,7313,1111958,7313,1104645,0,0
3800402,1323,1,2687966,3793078,3800402,7324,1112436,7324,1105112,0,0
3800486,1977,1,2722316,3793153,3800486,7333,1078170,7333,1070837,0,0
3800542,1497,1,2692218,3793202,3800542,7340,1108324,7340,1100984,0,0
3800671,1593,1,2716761,3793328,3800671,7343,1083910,7343,1076567,0,0
3800743,721,1,2670649,3793385,3800743,7358,1130094,7358,1122736,0,0
3801082,1398,1,2692028,3793720,3801082,7362,1109054,7362,1101692,0,0
3801224,1976,1,2722310,3793849,3801224,7375,1078914,7375,1071539,0,0
3801324,1366,1,2688422,3793946,3801324,7378,1112902,7378,1105524,0,0
3801429,1532,1,2692375,3794014,3801429,7415,1109054,7415,1101639,0,0
3801481,1617,1,2718476,3794059,3801481,7422,1083005,7422,1075583,0,0
3801518,1259,1,2685997,3794085,3801518,7433,1115521,7433,1108088,0,0
3801711,614,1,2661946,3794206,3801711,7505,1139765,7505,1132260,0,0
3801740,1997,1,2722419,3794232,3801740,7508,1079321,7508,1071813,0,0
3802297,1688,1,2718699,3794787,3802297,7510,1083598,7510,1076088,0,0
3802302,629,1,2662046,3794787,3802302,7515,1140256,7515,1132741,0,0
3802306,1562,1,2692459,3794787,3802306,7519,1109847,7519,1102328,0,0
3802336,587,1,2661740,3794787,3802336,7549,1140596,7549,1133047,0,0
3807007,1766,1,2719015,3799418,3807007,7589,1087992,7589,1080403,0,0
3807216,1718,1,2718767,3799494,3807216,7722,1088449,7722,1080727,0,0
3807330,1499,1,2692221,3799569,3807330,7761,1115109,7761,1107348,0,0
3807449,1314,1,2687950,3799640,3807449,7809,1119499,7809,1111690,0,0
3807551,1849,1,2722095,3799726,3807551,7825,1085456,7825,1077631,0,0
3807641,847,1,2671816,3799770,3807641,7871,1135825,7871,1127954,0,0
3807903,1832,1,2719179,3799997,3807903,7906,1088724,7906,1080818,0,0
3808171,779,1,2671201,3800263,3808171,7908,1136970,7908,1129062,0,0
3808202,1289,1,2687894,3800284,3808202,7918,1120308,7918,1112390,0,0
3808285,1405,1,2692036,3800298,3808285,7987,1116249,7987,1108262,0,0
3808422,577,1,2661709,3800366,3808422,8056,1146713,8056,1138657,0,0
3808492,719,1,2670631,3800402,3808492,8090,1137861,8090,1129771,0,0
3808581,1870,1,2722121,3800486,3808581,8095,1086460,8095,1078365,0,0
3808691,1195,1,2685504,3800542,3808691,8149,1123187,8149,1115038,0,0
3808824,851,1,2671874,3800671,3808824,8153,1136950,8153,1128797,0,0
3809070,1800,1,2719130,3800743,3809070,8327,1089940,8327,1081613,0,0
3809410,854,1,2671897,3801082,3809410,8328,1137513,8328,1129185,0,0
3809574,565,1,2661684,3801224,3809574,8350,1147890,8350,1139540,0,0
3809701,1329,1,2687977,3801324,3809701,8377,1121724,8377,1113347,0,0
3809915,1701,1,2718729,3801429,3809915,8486,1091186,8486,1082700,0,0
3810039,1759,1,2719004,3801481,3810039,8558,1091035,8558,1082477,0,0
3810094,1741,1,2718842,3801518,3810094,8576,1091252,8576,1082676,0,0
3810338,630,1,2662049,3801711,3810338,8627,1148289,8627,1139662,0,0
3810395,1321,1,2687963,3801740,3810395,8655,1122432,8655,1113777,0,0
3810963,1285,1,2686301,3802297,3810963,8666,1124662,8666,1115996,0,0
3810976,866,1,2672033,3802302,3810976,8674,1138943,8674,1130269,0,0
3811026,541,1,2661159,3802306,3811026,8720,1149867,8720,1141147,0,0
3811056,1368,1,2688433,3802336,3811056,8720,1122623,8720,1113903,0,0
3815750,890,1,2675814,3807007,3815750,8743,1139936,8743,1131193,0,0
3815969,1716,1,2718766,3807216,3815969,8753,1097203,8753,1088450,0,0
3816134,1114,1,2684296,3807330,3816134,8804,1131838,8804,1123034,0,0
3816261,1960,1,2722233,3807449,3816261,8812,1094028,8812,1085216,0,0
3816399,1835,1,2719186,3807551,3816399,8848,1097213,8848,1088365,0,0
3816528,978,1,2683270,3807641,3816528,8887,1133258,8887,1124371,0,0
3816790,1013,1,2683557,3807903,3816790,8887,1133233,8887,1124346,0,0
3817099,651,1,2670197,3808171,3817099,8928,1146902,8928,1137974,0,0
3817266,1119,1,2684304,3808202,3817266,9064,1132962,9064,1123898,0,0
3817351,1354,1,2688091,3808285,3817351,9066,1129260,9066,1120194,0,0
3817511,1731,1,2718811,3808422,3817511,9089,1098700,9089,1089611,0,0
3817617,1535,1,2692380,3808492,3817617,9125,1125237,9125,1116112,0,0
3817711,482,1,2657623,3808581,3817711,9130,1160088,9130,1150958,0,0
3817863,483,1,2657642,3808691,3817863,9172,1160221,9172,1151049,0,0
3818009,800,1,2671300,3808824,3818009,9185,1146709,9185,1137524,0,0
3818269,1029,1,2683648,3809070,3818269,9199,1134621,9199,1125422,0,0
3818609,1126,1,2684345,3809410,3818609,9199,1134264,9199,1125065,0,0
3818842,1307,1,2687938,3809574,3818842,9268,1130904,9268,1121636,0,0
3818969,1466,1,2692151,3809701,3818969,9268,1126818,9268,1117550,0,0
3819241,680,1,2670322,3809915,3819241,9326,1148919,9326,1139593,0,0
3819438,1993,1,2722388,3810039,3819438,9399,1097050,9399,1087651,0,0
3819498,701,1,2670401,3810094,3819498,9404,1149097,9404,1139693,0,0
3819785,1070,1,2684078,3810338,3819785,9447,1135707,9447,1126260,0,0
3819853,1118,1,2684304,3810395,3819853,9458,1135549,9458,1126091,0,0
3820421,1295,1,2687910,3810963,3820421,9458,1132511,9458,1123053,0,0
3820483,1699,1,2718729,3810976,3820483,9507,1101754,9507,1092247,0,0
3820538,1843,1,2722089,3811026,3820538,9512,1098449,9512,1088937,0,0
3820606,592,1,2661750,3811056,3820606,9550,1158856,9550,1149306,0,0
3825318,493,1,2660591,3815750,3825318,9568,1164727,9568,1155159,0,0
3825541,1082,1,2684143,3815969,3825541,9572,1141398,9572,1131826,0,0
3825761,819,1,2671352,3816134,3825761,9627,1154409,9627,1144782,0,0
3825904,1495,1,2692213,3816261,3825904,9643,1133691,9643,1124048,0,0
3826094,1524,1,2692354,3816399,3826094,9695,1133740,9695,1124045,0,0
3826242,1346,1,2688010,3816528,3826242,9714,1138232,9714,1128518,0,0
3826554,1028,1,2683637,3816790,3826554,9764,1142917,9764,1133153,0,0
3826876,732,1,2670715,3817099,3826876,9777,1156161,9777,1146384,0,0
3827137,1111,1,2684249,3817266,3827137,9871,1142888,9871,1133017,0,0
3827238,1234,1,2685797,3817351,3827238,9887,1141441,9887,1131554,0,0
3827418,1891,1,2722140,3817511,3827418,9907,1105278,9907,1095371,0,0
3827537,1280,1,2686238,3817617,3827537,9920,1141299,9920,1131379,0,0
3827683,1093,1,2684181,3817711,3827683,9972,1143502,9972,1133530,0,0
3827839,995,1,2683358,3817863,3827839,9976,1144481,9976,1134505,0,0
3827996,883,1,2675796,3818009,3827996,9987,1152200,9987,1142213,0,0
3828272,1239,1,2685841,3818269,3828272,10003,1142431,10003,1132428,0,0
3828629,1873,1,2722122,3818609,3828629,10020,1106507,10020,1096487,0,0
3828902,523,1,2660798,3818842,3828902,10060,1168104,10060,1158044,0,0
3829045,1112,1,2684251,3818969,3829045,10076,1144794,10076,1134718,0,0
3829326,446,1,2657344,3819241,3829326,10085,1171982,10085,1161897,0,0
3829564,734,1,2670732,3819438,3829564,10126,1158832,10126,1148706,0,0
3829639,502,1,2660623,3819498,3829639,10141,1169016,10141,1158875,0,0
3829990,1921,1,2722181,3819785,3829990,10205,1107809,10205,1097604,0,0
3830058,1948,1,2722213,3819853,3830058,10205,1107845,10205,1097640,0,0
3830653,607,1,2661800,3820421,3830653,10232,1168853,10232,1158621,0,0
3830721,1421,1,2692088,3820483,3830721,10238,1138633,10238,1128395,0,0
3830797,1463,1,2692143,3820538,3830797,10259,1138654,10259,1128395,0,0
3830872,1513,1,2692276,3820606,3830872,10266,1138596,10266,1128330,0,0
3835596,974,1,2683185,3825318,3835596,10278,1152411,10278,1142133,0,0
3835824,913,1,2675895,3825541,3835824,10283,1159929,10283,1149646,0,0
3836060,740,1,2670773,3825761,3836060,10299,1165287,10299,1154988,0,0
3836252,1050,1,2683737,3825904,3836252,10348,1152515,10348,1142167,0,0
3836476,1337,1,2687993,3826094,3836476,10382,1148483,10382,1138101,0,0
3836673,1019,1,2683583,3826242,3836673,10431,1153090,10431,1142659,0,0
3837032,510,1,2660659,3826554,3837032,10478,1176373,10478,1165895,0,0
3837356,1729,1,2718808,3826876,3837356,10480,1118548,10480,1108068,0,0
3837634,1031,1,2683652,3827137,3837634,10497,1153982,10497,1143485,0,0
3837776,1658,1,2718597,3827238,3837776,10538,1119179,10538,1108641,0,0
3837964,1561,1,2692455,3827418,3837964,10546,1145509,10546,1134963,0,0
3838098,550,1,2661658,3827537,3838098,10561,1176440,10561,1165879,0,0
3838341,633,1,2662069,3827683,3838341,10658,1176272,10658,1165614,0,0
3838502,1180,1,2685455,3827839,3838502,10663,1153047,10663,1142384,0,0
3840725,401,8,2495005,3830058,3840725,10667,1345720,10667,1335053,0,0
3840775,1679,1,2718683,3830058,3840775,10717,1122092,10717,1111375,0,0
3840780,674,1,2670291,3830058,3840780,10722,1170489,10722,1159767,0,0
3841388,1385,1,2692007,3830653,3841388,10735,1149381,10735,1138646,0,0
3841524,1900,1,2722159,3830721,3841524,10803,1119365,10803,1108562,0,0
3841624,1128,1,2684349,3830797,3841624,10827,1157275,10827,1146448,0,0
3841756,1116,1,2684301,3830872,3841756,10884,1157455,10884,1146571,0,0
3846505,487,1,2657661,3835596,3846505,10909,1188844,10909,1177935,0,0
3846743,1951,1,2722215,3835824,3846743,10919,1124528,10919,1113609,0,0
3847047,1698,1,2718719,3836060,3847047,10987,1128328,10987,1117341,0,0
3847276,896,1,2675834,3836252,3847276,11024,1171442,11024,1160418,0,0
3847574,1725,1,2718789,3836476,3847574,11098,1128785,11098,1117687,0,0
3847790,1183,1,2685465,3836673,3847790,11117,1162325,11117,1151208,0,0
3848181,700,1,2670401,3837032,3848181,11149,1177780,11149,1166631,0,0
3848658,1685,1,2718699,3837356,3848658,11302,1129959,11302,1118657,0,0
3849020,1185,1,2685468,3837634,3849020,11386,1163552,11386,1152166,0,0
3849174,1482,1,2692199,3837776,3849174,11398,1156975,11398,1145577,0,0
3849407,926,1,2676124,3837964,3849407,11443,1173283,11443,1161840,0,0
3849623,439,1,2657319,3838098,3849623,11525,1192304,11525,1180779,0,0
3849866,529,1,2660962,3838341,3849866,11525,1188904,11525,1177379,0,0
3850069,1240,1,2685845,3838502,3850069,11567,1164224,11567,1152657,0,0
3852340,886,1,2675803,3840725,3852340,11615,1176537,11615,1164922,0,0
3852366,1150,1,2684873,3840725,3852366,11641,1167493,11641,1155852,0,0
3852371,1623,1,2718483,3840725,3852371,11646,1133888,11646,1122242,0,0
3852446,1061,1,2683782,3840725,3852446,11721,1168664,11721,1156943,0,0
3852455,1449,1,2692126,3840725,3852455,11730,1160329,11730,1148599,0,0
3852486,1187,1,2685484,3840725,3852486,11761,1167002,11761,1155241,0,0
3852549,988,1,2683290,3840725,3852549,11824,1169259,11824,1157435,0,0
3852580,1109,1,2684245,3840725,3852580,11855,1168335,11855,1156480,0,0
3852699,1594,1,2718449,3840775,3852699,11924,1134250,11924,1122326,0,0
3852816,500,1,2660616,3840780,3852816,12036,1192200,12036,1180164,0,0
3853426,1618,1,2718478,3841388,3853426,12038,1134948,12038,1122910,0,0
3853608,1369,1,2688436,3841524,3853608,12084,1165172,12084,1153088,0,0
3853726,1401,1,2692031,3841624,3853726,12102,1161695,12102,1149593,0,0
3853869,1362,1,2688397,3841756,3853869,12113,1165472,12113,1153359,0,0
3858648,822,1,2671365,3846505,3858648,12143,1187283,12143,1175140,0,0
3858970,1020,1,2683588,3846743,3858970,12227,1175382,12227,1163155,0,0
3859281,496,1,2660603,3847047,3859281,12234,1198678,12234,1186444,0,0
3859537,1355,1,2688091,3847276,3859537,12261,1171446,12261,1159185,0,0
3859855,1587,1,2692532,3847574,3859855,12281,1167323,12281,1155042,0,0
3860114,975,1,2683188,3847790,3860114,12324,1176926,12324,1164602,0,0
3860542,881,1,2672352,3848181,3860542,12361,1188190,12361,1175829,0,0
3861048,1407,1,2692071,3848658,3861048,12390,1168977,12390,1156587,0,0
3861468,1677,1,2718681,3849020,3861468,12448,1142787,12448,1130339,0,0
3861644,1441,1,2692116,3849174,3861644,12470,1169528,12470,1157058,0,0
3861883,753,1,2670899,3849407,3861883,12476,1190984,12476,1178508,0,0
3862109,1986,1,2722341,3849623,3862109,12486,1139768,12486,1127282,0,0
3862358,491,1,2660584,3849866,3862358,12492,1201774,12492,1189282,0,0
3862580,1565,1,2692466,3850069,3862580,12511,1170114,12511,1157603,0,0
3864878,709,1,2670510,3852340,3864878,12538,1194368,12538,1181830,0,0
3864951,658,1,2670218,3852366,3864951,12585,1194733,12585,1182148,0,0
3865025,1121,1,2684308,3852371,3865025,12654,1180717,12654,1168063,0,0
3865108,738,1,2670765,3852446,3865108,12662,1194343,12662,1181681,0,0
3865120,1926,1,2722189,3852455,3865120,12665,1142931,12665,1130266,0,0
3865206,1947,1,2722212,3852486,3865206,12720,1142994,12720,1130274,0,0
3865284,898,1,2675840,3852549,3865284,12735,1189444,12735,1176709,0,0
3865322,454,1,2657392,3852580,3865322,12742,1207930,12742,1195188,0,0
3865466,1735,1,2718825,3852699,3865466,12767,1146641,12767,1133874,0,0
3865613,531,1,2661046,3852816,3865613,12797,1204567,12797,1191770,0,0
3866243,1348,1,2688015,3853426,3866243,12817,1178228,12817,1165411,0,0
3866484,1454,1,2692134,3853608,3866484,12876,1174350,12876,1161474,0,0
3866690,859,1,2671931,3853726,3866690,12964,1194759,12964,1181795,0,0
3866835,897,1,2675834,3853869,3866835,12966,1191001,12966,1178035,0,0
3871653,752,1,2670896,3858648,3871653,13005,1200757,13005,1187752,0,0
3872001,542,1,2661225,3858970,3872001,13031,1210776,13031,1197745,0,0
3872351,1444,1,2692117,3859281,3872351,13070,1180234,13070,1167164,0,0
3872632,1296,1,2687912,3859537,3872632,13095,1184720,13095,1171625,0,0
3872970,1250,1,2685931,3859855,3872970,13115,1187039,13115,1173924,0,0
3873289,1148,1,2684868,3860114,3873289,13175,1188421,13175,1175246,0,0
3873747,1090,1,2684174,3860542,3873747,13205,1189573,13205,1176368,0,0
3874270,604,1,2661790,3861048,3874270,13222,1212480,13222,1199258,0,0
3874690,1770,1,2719018,3861468,3874690,13222,1155672,13222,1142450,0,0
3874895,1435,1,2692103,3861644,3874895,13251,1182792,13251,1169541,0,0
3875172,1330,1,2687979,3861883,3875172,13289,1187193,13289,1173904,0,0
3875400,579,1,2661712,3862109,3875400,13291,1213688,13291,1200397,0,0
3875671,730,1,2670708,3862358,3875671,13313,1204963,13313,1191650,0,0
3875966,938,1,2682789,3862580,3875966,13386,1193177,13386,1179791,0,0
3878340,739,1,2670765,3864878,3878340,13462,1207575,13462,1194113,0,0
3878432,1036,1,2683692,3864951,3878432,13481,1194740,13481,1181259,0,0
3878535,1476,1,2692193,3865025,3878535,13510,1186342,13510,1172832,0,0
3878635,653,1,2670200,3865108,3878635,13527,1208435,13527,1194908,0,0
3878690,1472,1,2692189,3865120,3878690,13570,1186501,13570,1172931,0,0
3878798,681,1,2670323,3865206,3878798,13592,1208475,13592,1194883,0,0
3878884,1277,1,2686225,3865284,3878884,13600,1192659,13600,1179059,0,0
3878922,1382,1,2692001,3865322,3878922,13600,1186921,13600,1173321,0,0
3879086,526,1,2660873,3865466,3879086,13620,1218213,13620,1204593,0,0
3879266,509,1,2660655,3865613,3879266,13653,1218611,13653,1204958,0,0
3879906,1942,1,2722204,3866243,3879906,13663,1157702,13663,1144039,0,0
3880194,1087,1,2684170,3866484,3880194,13710,1196024,13710,1182314,0,0
3880544,1771,1,2719023,3866690,3880544,13854,1161521,13854,1147667,0,0
3880708,797,1,2671293,3866835,3880708,13873,1209415,13873,1195542,0,0
3885532,1220,1,2685635,3871653,3885532,13879,1199897,13879,1186018,0,0
3885899,1249,1,2685927,3872001,3885899,13898,1199972,13898,1186074,0,0
3886256,598,1,2661772,3872351,3886256,13905,1224484,13905,1210579,0,0
3886546,1922,1,2722185,3872632,3886546,13914,1164361,13914,1150447,0,0
3886888,1166,1,2684962,3872970,3886888,13918,1201926,13918,1188008,0,0
3887247,1757,1,2719004,3873289,3887247,13958,1168243,13958,1154285,0,0
3887712,1225,1,2685681,3873747,3887712,13965,1202031,13965,1188066,0,0
3888248,1655,1,2718597,3874270,3888248,13978,1169651,13978,1155673,0,0
3888707,1787,1,2719104,3874690,3888707,14017,1169603,14017,1155586,0,0
3888915,1534,1,2692379,3874895,3888915,14020,1196536,14020,1182516,0,0
3889268,957,1,2683034,3875172,3889268,14096,1206234,14096,1192138,0,0
3889522,735,1,2670735,3875400,3889522,14122,1218787,14122,1204665,0,0
3889868,1690,1,2718710,3875671,3889868,14197,1171158,14197,1156961,0,0
3890197,402,1,2499303,3875966,3890197,14231,1390894,14231,1376663,0,0
3892744,1790,1,2719111,3878340,3892744,14404,1173633,14404,1159229,0,0
3892894,1779,1,2719074,3878432,3892894,14462,1173820,14462,1159358,0,0
3893016,1966,1,2722284,3878535,3893016,14481,1170732,14481,1156251,0,0
3893128,539,1,2661128,3878635,3893128,14493,1232000,14493,1217507,0,0
3893233,1041,1,2683707,3878690,3893233,14543,1209526,14543,1194983,0,0
3893403,1416,1,2692084,3878798,3893403,14605,1201319,14605,1186714,0,0
3893494,1132,1,2684432,3878884,3893494,14610,1209062,14610,1194452,0,0
3893580,1072,1,2684082,3878922,3893580,14658,1209498,14658,1194840,0,0
3893765,1188,1,2685484,3879086,3893765,14679,1208281,14679,1193602,0,0
3894029,605,1,2661790,3879266,3894029,14763,1232239,14763,1217476,0,0
3894688,1747,1,2718873,3879906,3894688,14782,1175815,14782,1161033,0,0
3895014,1546,1,2692424,3880194,3895014,14820,1202590,14820,1187770,0,0
3895422,380,1,2413383,3880544,3895422,14878,1482039,14878,1467161,0,0
3895595,1059,1,2683774,3880708,3895595,14887,1211821,14887,1196934,0,0
3900450,936,1,2682786,3885532,3900450,14918,1217664,14918,1202746,0,0
3900817,960,1,2683052,3885899,3900817,14918,1217765,14918,1202847,0,0
3901325,1428,1,2692094,3886256,3901325,15069,1209231,15069,1194162,0,0
3901620,1627,1,2718486,3886546,3901620,15074,1183134,15074,1168060,0,0
3901983,1404,1,2692034,3886888,3901983,15095,1209949,15095,1194854,0,0
3902485,1205,1,2685522,3887247,3902485,15238,1216963,15238,1201725,0,0
3903000,1871,1,2722121,3887712,3903000,15288,1180879,15288,1165591,0,0
3903567,1797,1,2719121,3888248,3903567,15319,1184446,15319,1169127,0,0
3904151,852,1,2671874,3888707,3904151,15444,1232277,15444,1216833,0,0
3904368,845,1,2671638,3888915,3904368,15453,1232730,15453,1217277,0,0
3904749,466,1,2657497,3889268,3904749,15481,1247252,15481,1231771,0,0
3905123,1161,1,2684935,3889522,3905123,15601,1220188,15601,1204587,0,0
3905521,1173,1,2685425,3889868,3905521,15653,1220096,15653,1204443,0,0
3905878,790,1,2671244,3890197,3905878,15681,1234634,15681,1218953,0,0
3908468,1409,1,2692071,3892744,3908468,15724,1216397,15724,1200673,0,0
3908747,1453,1,2692131,3892894,3908747,15853,1216616,15853,1200763,0,0
3908959,1985,1,2722333,3893016,3908959,15943,1186626,15943,1170683,0,0
3909090,1914,1,2722173,3893128,3909090,15962,1186917,15962,1170955,0,0
3909393,831,1,2671438,3893233,3909393,16160,1237955,16160,1221795,0,0
3909575,899,1,2675840,3893403,3909575,16172,1233735,16172,1217563,0,0
3909803,921,1,2675940,3893494,3909803,16309,1233863,16309,1217554,0,0
3909929,970,1,2683121,3893580,3909929,16349,1226808,16349,1210459,0,0
3910117,1001,1,2683369,3893765,3910117,16352,1226748,16352,1210396,0,0
3910517,737,1,2670761,3894029,3910517,16488,1239756,16488,1223268,0,0
3911180,895,1,2675828,3894688,3911180,16492,1235352,16492,1218860,0,0
3911554,1875,1,2722125,3895014,3911554,16540,1189429,16540,1172889,0,0
3911965,1530,1,2692368,3895422,3911965,16543,1219597,16543,1203054,0,0
3912191,474,1,2657574,3895595,3912191,16596,1254617,16596,1238021,0,0
3917047,1639,1,2718534,3900450,3917047,16597,1198513,16597,1181916,0,0
3917446,1929,1,2722190,3900817,3917446,16629,1195256,16629,1178627,0,0
3918041,1799,1,2719130,3901325,3918041,16716,1198911,16716,1182195,0,0
3918374,567,1,2661688,3901620,3918374,16754,1256686,16754,1239932,0,0
3918753,1855,1,2722100,3901983,3918753,16770,1196653,16770,1179883,0,0
3919376,570,1,2661692,3902485,3919376,16891,1257684,16891,1240793,0,0
3919906,1537,1,2692382,3903000,3919906,16906,1227524,16906,1210618,0,0
3920485,884,1,2675799,3903567,3920485,16918,1244686,16918,1227768,0,0
3921176,780,1,2671204,3904151,3921176,17025,1249972,17025,1232947,0,0
3921471,1341,1,2688000,3904368,3921471,17103,1233471,17103,1216368,0,0
3921862,1211,1,2685585,3904749,3921862,17113,1236277,17113,1219164,0,0
3922249,1457,1,2692140,3905123,3922249,17126,1230109,17126,1212983,0,0
3922662,1046,1,2683720,3905521,3922662,17141,1238942,17141,1221801,0,0
3923168,1018,1,2683575,3905878,3923168,17290,1239593,17290,1222303,0,0
3925771,1520,1,2692315,3908468,3925771,17303,1233456,17303,1216153,0,0
3926068,1589,1,2692542,3908747,3926068,17321,1233526,17321,1216205,0,0
3926363,1101,1,2684203,3908959,3926363,17404,1242160,17404,1224756,0,0
3926511,1933,1,2722195,3909090,3926511,17421,1204316,17421,1186895,0,0
3926833,623,1,2661996,3909393,3926833,17440,1264837,17440,1247397,0,0
3927046,815,1,2671346,3909575,3927046,17471,1255700,17471,1238229,0,0
3927392,1007,1,2683514,3909803,3927392,17589,1243878,17589,1226289,0,0
3927648,801,1,2671317,3909929,3927648,17719,1256331,17719,1238612,0,0
3927864,1582,1,2692499,3910117,3927864,17747,1235365,17747,1217618,0,0
3928319,1586,1,2692528,3910517,3928319,17802,1235791,17802,1217989,0,0
3928984,723,1,2670661,3911180,3928984,17804,1258323,17804,1240519,0,0
3929369,1210,1,2685583,3911554,3929369,17815,1243786,17815,1225971,0,0
3929782,1189,1,2685492,3911965,3929782,17817,1244290,17817,1226473,0,0
3930142,1105,1,2684238,3912191,3930142,17951,1245904,17951,1227953,0,0
3935033,562,1,2661679,3917047,3935033,17986,1273354,17986,1255368,0,0
3935481,879,1,2672333,3917446,3935481,18035,1263148,18035,1245113,0,0
3936134,1313,1,2687949,3918041,3936134,18093,1248185,18093,1230092,0,0
3936488,1328,1,2687975,3918374,3936488,18114,1248513,18114,1230399,0,0
3936887,1212,1,2685587,3918753,3936887,18134,1251300,18134,1233166,0,0
3937526,1086,1,2684167,3919376,3937526,18150,1253359,18150,1235209,0,0
3938109,679,1,2670319,3919906,3938109,18203,1267790,18203,1249587,0,0
3938692,517,1,2660739,3920485,3938692,18207,1277953,18207,1259746,0,0
3939414,463,1,2657471,3921176,3939414,18238,1281943,18238,1263705,0,0
3939759,1749,1,2718880,3921471,3939759,18288,1220879,18288,1202591,0,0
3940165,1953,1,2722218,3921862,3940165,18303,1217947,18303,1199644,0,0
3940629,1600,1,2718462,3922249,3940629,18380,1222167,18380,1203787,0,0
3941069,834,1,2671449,3922662,3941069,18407,1269620,18407,1251213,0,0
3941588,1994,1,2722391,3923168,3941588,18420,1219197,18420,1200777,0,0
3944204,1663,1,2718625,3925771,3944204,18433,1225579,18433,1207146,0,0
3944534,1611,1,2718472,3926068,3944534,18466,1226062,18466,1207596,0,0
3944924,1380,1,2691994,3926363,3944924,18561,1252930,18561,1234369,0,0
3945124,1265,1,2686020,3926511,3945124,18613,1259104,18613,1240491,0,0
3945452,796,1,2671293,3926833,3945452,18619,1274159,18619,1255540,0,0
3945665,1610,1,2718471,3927046,3945665,18619,1227194,18619,1208575,0,0
3946042,712,1,2670578,3927392,3946042,18650,1275464,18650,1256814,0,0
3946305,1342,1,2688003,3927648,3946305,18657,1258302,18657,1239645,0,0
3946531,1703,1,2718734,3927864,3946531,18667,1227797,18667,1209130,0,0
3946995,1834,1,2719186,3928319,3946995,18676,1227809,18676,1209133,0,0
3947743,940,1,2682843,3928984,3947743,18759,1264900,18759,1246141,0,0
3948136,1269,1,2686066,3929369,3948136,18767,1262070,18767,1243303,0,0
3948554,1223,1,2685678,3929782,3948554,18772,1262876,18772,1244104,0,0
3948991,1691,1,2718710,3930142,3948991,18849,1230281,18849,1211432,0,0
3953886,1852,1,2722096,3935033,3953886,18853,1231790,18853,1212937,0,0
3954338,1751,1,2718929,3935481,3954338,18857,1235409,18857,1216552,0,0
3955004,763,1,2670940,3936134,3955004,18870,1284064,18870,1265194,0,0
3955375,1167,1,2685051,3936488,3955375,18887,1270324,18887,1251437,0,0
3955782,1297,1,2687913,3936887,3955782,18895,1267869,18895,1248974,0,0
3956421,1550,1,2692435,3937526,3956421,18895,1263986,18895,1245091,0,0
3957087,1842,1,2722088,3938109,3957087,18978,1234999,18978,1216021,0,0
3957808,1566,1,2692467,3938692,3957808,19116,1265341,19116,1246225,0,0
3958621,1199,1,2685510,3939414,3958621,19207,1273111,19207,1253904,0,0
3958976,1531,1,2692370,3939759,3958976,19217,1266606,19217,1247389,0,0
3959472,1320,1,2687962,3940165,3959472,19307,1271510,19307,1252203,0,0
3959956,1934,1,2722196,3940629,3959956,19327,1237760,19327,1218433,0,0
3960414,640,1,2669790,3941069,3960414,19345,1290624,19345,1271279,0,0
3960937,1461,1,2692143,3941588,3960937,19349,1268794,19349,1249445,0,0
3963578,786,1,2671237,3944204,3963578,19374,1292341,19374,1272967,0,0
3963995,835,1,2671449,3944534,3963995,19461,1292546,19461,1273085,0,0
3964457,1057,1,2683770,3944924,3964457,19533,1280687,19533,1261154,0,0
3964702,540,1,2661154,3945124,3964702,19578,1303548,19578,1283970,0,0
3965067,858,1,2671923,3945452,3965067,19615,1293144,19615,1273529,0,0
3965346,793,1,2671250,3945665,3965346,19681,1294096,19681,1274415,0,0
3965852,838,1,2671456,3946042,3965852,19810,1294396,19810,1274586,0,0
3966138,581,1,2661718,3946305,3966138,19833,1304420,19833,1284587,0,0
3966441,1675,1,2718671,3946531,3966441,19910,1247770,19910,1227860,0,0
3966944,925,1,2676080,3946995,3966944,19949,1290864,19949,1270915,0,0
3967772,1120,1,2684308,3947743,3967772,20029,1283464,20029,1263435,0,0
3968195,1122,1,2684312,3948136,3968195,20059,1283883,20059,1263824,0,0
3968617,1231,1,2685745,3948554,3968617,20063,1282872,20063,1262809,0,0
3969119,489,1,2657676,3948991,3969119,20128,1311443,20128,1291315,0,0
3974026,1206,1,2685576,3953886,3974026,20140,1288450,20140,1268310,0,0
3978014,384,4,2418837,3957808,3978014,20206,1559177,20206,1538971,0,0
3978034,1423,1,2692091,3957808,3978034,20226,1285943,20226,1265717,0,0
3978039,1811,1,2719148,3957808,3978039,20231,1258891,20231,1238660,0,0
3978055,535,1,2661092,3957808,3978055,20247,1316963,20247,1296716,0,0
3984984,289,8,1822810,3964702,3984984,20282,2162174,20282,2141892,0,0
3985074,557,1,2661671,3964702,3985074,20372,1323403,20372,1303031,0,0
3985086,1486,1,2692203,3964702,3985086,20384,1292883,20384,1272499,0,0
3985453,499,1,2660613,3965067,3985453,20386,1324840,20386,1304454,0,0
3985770,595,1,2661757,3965346,3985770,20424,1324013,20424,1303589,0,0
3986327,1326,1,2687972,3965852,3986327,20475,1298355,20475,1277880,0,0
3986709,1411,1,2692076,3966138,3986709,20571,1294633,20571,1274062,0,0
3987109,442,1,2657329,3966441,3987109,20668,1329780,20668,1309112,0,0
3987639,1957,1,2722223,3966944,3987639,20695,1265416,20695,1244721,0,0
3988496,805,1,2671324,3967772,3988496,20724,1317172,20724,1296448,0,0
3988936,1782,1,2719081,3968195,3988936,20741,1269855,20741,1249114,0,0
3989388,1965,1,2722277,3968617,3989388,20771,1267111,20771,1246340,0,0
3989902,1542,1,2692407,3969119,3989902,20783,1297495,20783,1276712,0,0
3994810,1175,1,2685430,3974026,3994810,20784,1309380,20784,1288596,0,0
3999015,1896,1,2722155,3978014,3999015,21001,1276860,21001,1255859,0,0
3999106,919,1,2675933,3978014,3999106,21092,1323173,21092,1302081,0,0
3999176,1024,1,2683624,3978014,3999176,21162,1315552,21162,1294390,0,0
3999184,1629,1,2718489,3978014,3999184,21170,1280695,21170,1259525,0,0
3999230,1720,1,2718772,3978034,3999230,21196,1280458,21196,1259262,0,0
3999260,825,1,2671383,3978039,3999260,21221,1327877,21221,1306656,0,0
3999362,1674,1,2718664,3978055,3999362,21307,1280698,21307,1259391,0,0
4006320,478,1,2657606,3984984,4006320,21336,1348714,21336,1327378,0,0
4006346,718,1,2670626,3984984,4006346,21362,1335720,21362,1314358,0,0
4006384,1140,1,2684769,3984984,4006384,21400,1321615,21400,1300215,0,0
4006405,1801,1,2719130,3984984,4006405,21421,1287275,21421,1265854,0,0
4006500,1458,1,2692140,3984984,4006500,21516,1314360,21516,1292844,0,0
4006539,1920,1,2722181,3984984,4006539,21555,1284358,21555,1262803,0,0
4006551,1403,1,2692034,3984984,4006551,21567,1314517,21567,1292950,0,0
4006591,537,1,2661117,3984984,4006591,21607,1345474,21607,1323867,0,0
4006687,1108,1,2684243,3985074,4006687,21613,1322444,21613,1300831,0,0
4006705,941,1,2682843,3985086,4006705,21619,1323862,21619,1302243,0,0
4007097,1494,1,2692211,3985453,4007097,21644,1314886,21644,1293242,0,0
4007446,1868,1,2722118,3985770,4007446,21676,1285328,21676,1263652,0,0
4008053,1052,1,2683743,3986327,4008053,21726,1324310,21726,1302584,0,0
4008478,1866,1,2722117,3986709,4008478,21769,1286361,21769,1264592,0,0
4008944,1107,1,2684242,3987109,4008944,21835,1324702,21835,1302867,0,0
4009603,1353,1,2688088,3987639,4009603,21964,1321515,21964,1299551,0,0
4010596,848,1,2671849,3988496,4010596,22100,1338747,22100,1316647,0,0
4011104,1777,1,2719035,3988936,4011104,22168,1292069,22168,1269901,0,0
4011573,870,1,2672071,3989388,4011573,22185,1339502,22185,1317317,0,0
4012228,1131,1,2684390,3989902,4012228,22326,1327838,22326,1305512,0,0
4017161,516,1,2660681,3994810,4017161,22351,1356480,22351,1334129,0,0
4021383,599,1,2661772,3999015,4021383,22368,1359611,22368,1337243,0,0
4029009,404,8,2516167,4006591,4029009,22418,1512842,22418,1490424,0,0
4029133,1092,1,2684178,4006591,4029133,22542,1344955,22542,1322413,0,0
4029142,1425,1,2692091,4006591,4029142,22551,1337051,22551,1314500,0,0
4029196,661,1,2670231,4006591,4029196,22605,1358965,22605,1336360,0,0
4029286,1347,1,2688011,4006591,4029286,22695,1341275,22695,1318580,0,0
4029299,600,1,2661778,4006591,4029299,22708,1367521,22708,1344813,0,0
4029386,1538,1,2692383,4006591,4029386,22795,1337003,22795,1314208,0,0
4029499,1137,1,2684715,4006687,4029499,22812,1344784,22812,1321972,0,0
4029570,1262,1,2686009,4006705,4029570,22865,1343561,22865,1320696,0,0
4029964,644,1,2670117,4007097,4029964,22867,1359847,22867,1336980,0,0
4030366,1737,1,2718835,4007446,4030366,22920,1311531,22920,1288611,0,0
4031009,983,1,2683275,4008053,4031009,22956,1347734,22956,1324778,0,0
4031469,1889,1,2722137,4008478,4031469,22991,1309332,22991,1286341,0,0
4031999,1273,1,2686154,4008944,4031999,23055,1345845,23055,1322790,0,0
4032777,506,1,2660645,4009603,4032777,23174,1372132,23174,1348958,0,0
4033837,1603,1,2718465,4010596,4033837,23241,1315372,23241,1292131,0,0
4034411,1786,1,2719104,4011104,4034411,23307,1315307,23307,1292000,0,0
4034926,1906,1,2722166,4011573,4034926,23353,1312760,23353,1289407,0,0
4035690,830,1,2671432,4012228,4035690,23462,1364258,23462,1340796,0,0
4040662,1950,1,2722215,4017161,4040662,23501,1318447,23501,1294946,0,0
4044893,1103,1,2684235,4021383,4044893,23510,1360658,23510,1337148,0,0
4052524,1673,1,2718664,4029009,4052524,23515,1333860,23515,1310345,0,0
4052536,1003,1,2683447,4029009,4052536,23527,1369089,23527,1345562,0,0
4052555,1218,1,2685627,4029009,4052555,23546,1366928,23546,1343382,0,0
4052674,1190,1,2685494,4029009,4052674,23665,1367180,23665,1343515,0,0
4052689,698,1,2670384,4029009,4052689,23680,1382305,23680,1358625,0,0
4056464,287,8,1819445,4032777,4056464,23687,2237019,23687,2213332,0,0
4056490,814,1,2671344,4032777,4056490,23713,1385146,23713,1361433,0,0
4056528,1612,1,2718473,4032777,4056528,23751,1338055,23751,1314304,0,0
4056579,1406,1,2692038,4032777,4056579,23802,1364541,23802,1340739,0,0
4056591,675,1,2670301,4032777,4056591,23814,1386290,23814,1362476,0,0
4056657,1146,1,2684857,4032777,4056657,23880,1371800,23880,1347920,0,0
4056692,922,1,2675946,4032777,4056692,23915,1380746,23915,1356831,0,0
4056692,1395,1,2692026,4032777,4056692,23915,1364666,23915,1340751,0,0
4056692,1998,1,2722420,4032777,4056692,23915,1334272,23915,1310357,0,0
4056745,807,1,2671327,4032777,4056745,23968,1385418,23968,1361450,0,0
4057815,1208,1,2685580,4033837,4057815,23978,1372235,23978,1348257,0,0
4058450,475,1,2657581,4034411,4058450,24039,1400869,24039,1376830,0,0
4059008,1264,1,2686012,4034926,4059008,24082,1372996,24082,1348914,0,0
4059821,1943,1,2722208,4035690,4059821,24131,1337613,24131,1313482,0,0
4064801,1990,1,2722367,4040662,4064801,24139,1342434,24139,1318295,0,0
4069045,1912,1,2722170,4044893,4069045,24152,1346875,24152,1322723,0,0
4076688,1196,1,2685505,4052524,4076688,24164,1391183,24164,1367019,0,0
4076713,832,1,2671443,4052536,4076713,24177,1405270,24177,1381093,0,0
4076778,720,1,2670634,4052555,4076778,24223,1406144,24223,1381921,0,0
4077043,438,1,2657316,4052674,4077043,24369,1419727,24369,1395358,0,0
4077117,902,1,2675851,4052689,4077117,24428,1401266,24428,1376838,0,0
4080934,1940,1,2722202,4056464,4080934,24470,1358732,24470,1334262,0,0
4080986,933,1,2682762,4056464,4080986,24522,1398224,24522,1373702,0,0
4081095,1247,1,2685906,4056464,4081095,24631,1395189,24631,1370558,0,0
4081140,1614,1,2718475,4056464,4081140,24676,1362665,24676,1337989,0,0
4081152,992,1,2683352,4056464,4081152,24688,1397800,24688,1373112,0,0
4081153,798,1,2671296,4056464,4081153,24689,1409857,24689,1385168,0,0
4081225,932,1,2682762,4056464,4081225,24761,1398463,24761,1373702,0,0
4081256,1275,1,2686171,4056464,4081256,24792,1395085,24792,1370293,0,0
4081325,1349,1,2688019,4056490,4081325,24835,1393306,24835,1368471,0,0
4081363,1515,1,2692295,4056528,4081363,24835,1389068,24835,1364233,0,0
4081516,849,1,2671849,4056579,4081516,24937,1409667,24937,1384730,0,0
4081545,578,1,2661711,4056591,4081545,24954,1419834,24954,1394880,0,0
4081641,1833,1,2719179,4056657,4081641,24984,1362462,24984,1337478,0,0
4081766,990,1,2683293,4056692,4081766,25074,1398473,25074,1373399,0,0
4081804,571,1,2661698,4056692,4081804,25112,1420106,25112,1394994,0,0
4081867,924,1,2676045,4056692,4081867,25175,1405822,25175,1380647,0,0
4081999,1035,1,2683689,4056745,4081999,25254,1398310,25254,1373056,0,0
4083160,1853,1,2722099,4057815,4083160,25345,1361061,25345,1335716,0,0
4083829,1100,1,2684200,4058450,4083829,25379,1399629,25379,1374250,0,0
4084429,648,1,2670190,4059008,4084429,25421,1414239,25421,1388818,0,0
4085251,863,1,2671976,4059821,4085251,25430,1413275,25430,1387845,0,0
4090338,1662,1,2718624,4064801,4090338,25537,1371714,25537,1346177,0,0
4094620,1709,1,2718745,4069045,4094620,25575,1375875,25575,1350300,0,0
4102435,1739,1,2718836,4076688,4102435,25747,1383599,25747,1357852,0,0
4102532,1217,1,2685620,4076713,4102532,25819,1416912,25819,1391093,0,0
4102613,1292,1,2687904,4076778,4102613,25835,1414709,25835,1388874,0,0
4102891,1446,1,2692121,4077043,4102891,25848,1410770,25848,1384922,0,0
4103013,1333,1,2687984,4077117,4103013,25896,1415029,25896,1389133,0,0
4106856,1579,1,2692495,4080934,4106856,25922,1414361,25922,1388439,0,0
4106934,659,1,2670227,4080986,4106934,25948,1436707,25948,1410759,0,0
4107102,574,1,2661702,4081095,4107102,26007,1445400,26007,1419393,0,0
4107218,1959,1,2722233,4081140,4107218,26078,1384985,26078,1358907,0,0
4107241,872,1,2672202,4081152,4107241,26089,1435039,26089,1408950,0,0
4107284,514,1,2660673,4081153,4107284,26131,1446611,26131,1420480,0,0
4107390,1736,1,2718828,4081225,4107390,26165,1388562,26165,1362397,0,0
4107466,1415,1,2692084,4081256,4107466,26210,1415382,26210,1389172,0,0
4107536,1032,1,2683659,4081325,4107536,26211,1423877,26211,1397666,0,0
4107598,1459,1,2692140,4081363,4107598,26235,1415458,26235,1389223,0,0
4107948,910,1,2675886,4081516,4107948,26432,1432062,26432,1405630,0,0
4108129,455,1,2657399,4081545,4108129,26584,1450730,26584,1424146,0,0
4108308,437,1,2657313,4081641,4108308,26667,1450995,26667,1424328,0,0
4108453,1023,1,2683621,4081766,4108453,26687,1424832,26687,1398145,0,0
4108548,624,1,2661999,4081804,4108548,26744,1446549,26744,1419805,0,0
4108673,1083,1,2684163,4081867,4108673,26806,1424510,26806,1397704,0,0
4108875,1110,1,2684248,4081999,4108875,26876,1424627,26876,1397751,0,0
4110119,1899,1,2722159,4083160,4110119,26959,1387960,26959,1361001,0,0
4111019,1335,1,2687989,4083829,4111019,27190,1423030,27190,1395840,0,0
4111625,1095,1,2684191,4084429,4111625,27196,1427434,27196,1400238,0,0
4112464,548,1,2661654,4085251,4112464,27213,1450810,27213,1423597,0,0
4117585,1365,1,2688422,4090338,4117585,27247,1429163,27247,1401916,0,0
4121931,1707,1,2718741,4094620,4121931,27311,1403190,27311,1375879,0,0
4130124,1815,1,2719152,4102435,4130124,27689,1410972,27689,1383283,0,0
4130227,1197,1,2685507,4102532,4130227,27695,1444720,27695,1417025,0,0
4130359,1426,1,2692093,4102613,4130359,27746,1438266,27746,1410520,0,0
4130724,1877,1,2722126,4102891,4130724,27833,1408598,27833,1380765,0,0
4131142,1902,1,2722162,4103013,4131142,28129,1408980,28129,1380851,0,0
4135004,1609,1,2718469,4106856,4135004,28148,1416535,28148,1388387,0,0
4135099,1434,1,2692103,4106934,4135099,28165,1442996,28165,1414831,0,0
4135370,846,1,2671809,4107102,4135370,28268,1463561,28268,1435293,0,0
4135573,434,1,2657299,4107218,4135573,28355,1478274,28355,1449919,0,0
4135655,1548,1,2692428,4107241,4135655,28414,1443227,28414,1414813,0,0
4135703,1106,1,2684239,4107284,4135703,28419,1451464,28419,1423045,0,0
4135832,699,1,2670385,4107390,4135832,28442,1465447,28442,1437005,0,0
4135970,1372,1,2688460,4107466,4135970,28504,1447510,28504,1419006,0,0
4136186,1388,1,2692016,4107536,4136186,28650,1444170,28650,1415520,0,0
4136423,453,1,2657387,4107598,4136423,28825,1479036,28825,1450211,0,0
4137248,1080,1,2684126,4107948,4137248,29300,1453122,29300,1423822,0,0
4137752,1500,1,2692222,4108129,4137752,29623,1445530,29623,1415907,0,0
4137950,1910,1,2722170,4108308,4137950,29642,1415780,29642,1386138,0,0
4138180,1809,1,2719145,4108453,4138180,29727,1419035,29727,1389308,0,0
4138285,456,1,2657407,4108548,4138285,29737,1480878,29737,1451141,0,0
4138417,1399,1,2692030,4108673,4138417,29744,1446387,29744,1416643,0,0
4138698,979,1,2683270,4108875,4138698,29823,1455428,29823,1425605,0,0
4139997,1615,1,2718476,4110119,4139997,29878,1421521,29878,1391643,0,0
4141103,980,1,2683270,4111019,4141103,30084,1457833,30084,1427749,0,0
4141794,948,1,2682927,4111625,4141794,30169,1458867,30169,1428698,0,0
4142718,593,1,2661752,4112464,4142718,30254,1480966,30254,1450712,0,0
4147874,1879,1,2722129,4117585,4147874,30289,1425745,30289,1395456,0,0
4152321,1336,1,2687992,4121931,4152321,30390,1464329,30390,1433939,0,0
4160799,1051,1,2683740,4130124,4160799,30675,1477059,30675,1446384,0,0
4160997,1505,1,2692248,4130227,4160997,30770,1468749,30770,1437979,0,0
4161137,1383,1,2692003,4130359,4161137,30778,1469134,30778,1438356,0,0
4161546,1999,1,2722420,4130724,4161546,30822,1439126,30822,1408304,0,0
4162093,693,1,2670374,4131142,4162093,30951,1491719,30951,1460768,0,0
4165999,821,1,2671362,4135004,4165999,30995,1494637,30995,1463642,0,0
4166198,945,1,2682871,4135099,4166198,31099,1483327,31099,1452228,0,0
4166487,1601,1,2718462,4135370,4166487,31117,1448025,31117,1416908,0,0
4166710,666,1,2670268,4135573,4166710,31137,1496442,31137,1465305,0,0
4167013,1881,1,2722130,4135655,4167013,31358,1444883,31358,1413525,0,0
4167231,1602,1,2718464,4135703,4167231,31528,1448767,31528,1417239,0,0
4167411,1816,1,2719152,4135832,4167411,31579,1448259,31579,1416680,0,0
4167591,1258,1,2685978,4135970,4167591,31621,1481613,31621,1449992,0,0
4167816,776,1,2671171,4136186,4167816,31630,1496645,31630,1465015,0,0
4168461,449,1,2657355,4136423,4168461,32038,1511106,32038,1479068,0,0
4170111,428,2,2617413,4137950,4170111,32161,1552698,32161,1520537,0,0
4170158,1773,1,2719027,4137950,4170158,32208,1451131,32208,1418923,0,0
4170557,1905,1,2722163,4138180,4170557,32377,1448394,32377,1416017,0,0
4170747,1680,1,2718683,4138285,4170747,32462,1452064,32462,1419602,0,0
4170927,1200,1,2685513,4138417,4170927,32510,1485414,32510,1452904,0,0
4171211,544,1,2661237,4138698,4171211,32513,1509974,32513,1477461,0,0
4172765,876,1,2672215,4139997,4172765,32768,1500550,32768,1467782,0,0
4174010,1908,1,2722166,4141103,4174010,32907,1451844,32907,1418937,0,0
4199735,351,8,2303532,4166710,4199735,33025,1896203,33025,1863178,0,0
4203256,366,8,2322312,4170158,4203256,33098,1880944,33098,1847846,0,0
4203499,915,1,2675908,4170158,4203499,33341,1527591,33341,1494250,0,0
4203589,828,1,2671429,4170158,4203589,33431,1532160,33431,1498729,0,0
4203742,1814,1,2719152,4170158,4203742,33584,1484590,33584,1451006,0,0
4203812,1945,1,2722208,4170158,4203812,33654,1481604,33654,1447950,0,0
4203864,1350,1,2688022,4170158,4203864,33706,1515842,33706,1482136,0,0
4204030,441,1,2657326,4170158,4204030,33872,1546704,33872,1512832,0,0
4204463,1492,1,2692210,4170557,4204463,33906,1512253,33906,1478347,0,0
4204661,1094,1,2684182,4170747,4204661,33914,1520479,33914,1486565,0,0
4204850,691,1,2670370,4170927,4204850,33923,1534480,33923,1500557,0,0
4205162,1227,1,2685685,4171211,4205162,33951,1519477,33951,1485526,0,0
4206998,448,1,2657352,4172765,4206998,34233,1549646,34233,1515413,0,0
4208392,1178,1,2685447,4174010,4208392,34382,1522945,34382,1488563,0,0
4234205,1483,1,2692201,4199735,4234205,34470,1542004,34470,1507534,0,0
4234320,394,4,2478535,4199735,4234320,34585,1755785,34585,1721200,0,0
4234627,435,1,2657305,4199735,4234627,34892,1577322,34892,1542430,0,0
4234695,1628,1,2718487,4199735,4234695,34960,1516208,34960,1481248,0,0
4234831,1646,1,2718566,4199735,4234831,35096,1516265,35096,1481169,0,0
4238421,1172,1,2685411,4203256,4238421,35165,1553010,35165,1517845,0,0
4238526,1621,1,2718479,4203256,4238526,35270,1520047,35270,1484777,0,0
4238606,1857,1,2722102,4203256,4238606,35350,1516504,35350,1481154,0,0
4238699,1705,1,2718735,4203256,4238699,35443,1519964,35443,1484521,0,0
4238708,804,1,2671320,4203256,4238708,35452,1567388,35452,1531936,0,0
4239422,820,1,2671362,4203256,4239422,36166,1568060,36166,1531894,0,0
4239591,602,1,2661782,4203256,4239591,36335,1577809,36335,1541474,0,0
4240124,479,1,2657610,4203256,4240124,36868,1582514,36868,1545646,0,0
4240593,1861,1,2722106,4203499,4240593,37094,1518487,37094,1481393,0,0
4240927,1452,1,2692131,4203589,4240927,37338,1548796,37338,1511458,0,0
4241086,467,1,2657514,4203742,4241086,37344,1583572,37344,1546228,0,0
4241338,1987,1,2722349,4203812,4241338,37526,1518989,37526,1481463,0,0
4241511,1564,1,2692463,4203864,4241511,37647,1549048,37647,1511401,0,0
4242357,1840,1,2722086,4204030,4242357,38327,1520271,38327,1481944,0,0
4242888,1624,1,2718483,4204463,4242888,38425,1524405,38425,1485980,0,0
4243409,657,1,2670214,4204661,4243409,38748,1573195,38748,1534447,0,0
4243618,1088,1,2684170,4204850,4243618,38768,1559448,38768,1520680,0,0
4244063,765,1,2670951,4205162,4244063,38901,1573112,38901,1534211,0,0
4246125,1928,1,2722189,4206998,4246125,39127,1523936,39127,1484809,0,0
4247605,1650,1,2718578,4208392,4247605,39213,1529027,39213,1489814,0,0
4273487,527,1,2660900,4234205,4273487,39282,1612587,39282,1573305,0,0
4273936,1375,1,2688484,4234320,4273936,39616,1585452,39616,1545836,0,0
4274238,1245,1,2685880,4234320,4274238,39918,1588358,39918,1548440,0,0
4274420,839,1,2671460,4234320,4274420,40100,1602960,40100,1562860,0,0
4274481,1510,1,2692264,4234320,4274481,40161,1582217,40161,1542056,0,0
4275021,1845,1,2722091,4234627,4275021,40394,1552930,40394,1512536,0,0
4275098,1310,1,2687943,4234695,4275098,40403,1587155,40403,1546752,0,0
4275295,1983,1,2722333,4234831,4275295,40464,1552962,40464,1512498,0,0
4279819,673,1,2670289,4238421,4279819,41398,1609530,41398,1568132,0,0
4280019,1734,1,2718817,4238526,4280019,41493,1561202,41493,1519709,0,0
4280402,1241,1,2685852,4238606,4280402,41796,1594550,41796,1552754,0,0
4281184,1456,1,2692140,4238699,4281184,42485,1589044,42485,1546559,0,0
4281352,469,1,2657550,4238708,4281352,42644,1623802,42644,1581158,0,0
4282278,1027,1,2683635,4239422,4282278,42856,1598643,42856,1555787,0,0
4282959,686,1,2670363,4239591,4282959,43368,1612596,43368,1569228,0,0
4286273,328,4,2036130,4242888,4286273,43385,2250143,43385,2206758,0,0
4286562,727,1,2670697,4242888,4286562,43674,1615865,43674,1572191,0,0
4287018,857,1,2671919,4242888,4287018,44130,1615099,44130,1570969,0,0
4287138,1291,1,2687901,4242888,4287138,44250,1599237,44250,1554987,0,0
4287292,1807,1,2719141,4242888,4287292,44404,1568151,44404,1523747,0,0
4288153,1684,1,2718691,4243409,4288153,44744,1569462,44744,1524718,0,0
4288776,1480,1,2692197,4243618,4288776,45158,1596579,45158,1551421,0,0
4289433,1306,1,2687936,4244063,4289433,45370,1601497,45370,1556127,0,0
4291854,997,1,2683362,4246125,4291854,45729,1608492,45729,1562763,0,0
4293732,705,1,2670416,4247605,4293732,46127,1623316,46127,1577189,0,0
4320067,1644,1,2718562,4273487,4320067,46580,1601505,46580,1554925,0,0
4321154,770,1,2671015,4273936,4321154,47218,1650139,47218,1602921,0,0
4321516,842,1,2671524,4274238,4321516,47278,1649992,47278,1602714,0,0
4322494,655,1,2670204,4274420,4322494,48074,1652290,48074,1604216,0,0
4323337,1496,1,2692218,4274481,4323337,48856,1631119,48856,1582263,0,0
4323940,1949,1,2722215,4275021,4323940,48919,1601725,48919,1552806,0,0
4324163,823,1,2671370,4275098,4324163,49065,1652793,49065,1603728,0,0
4324572,1025,1,2683625,4275295,4324572,49277,1640947,49277,1591670,0,0
4335576,303,8,1856559,4286273,4335576,49303,2479017,49303,2429714,0,0
4335581,1009,1,2683521,4286273,4335581,49308,1652060,49308,1602752,0,0
4338367,458,1,2657421,4286273,4338367,52094,1680946,52094,1628852,0,0
4345975,290,8,1822816,4293732,4345975,52243,2523159,52243,2470916,0,0
4346038,764,1,2670949,4293732,4346038,52306,1675089,52306,1622783,0,0
4346068,545,1,2661248,4293732,4346068,52336,1684820,52336,1632484,0,0
4372494,1955,1,2722219,4320067,4372494,52427,1650275,52427,1597848,0,0
4374277,1251,1,2685934,4321154,4374277,53123,1688343,53123,1635220,0,0
4374648,397,1,2480539,4321516,4374648,53132,1894109,53132,1840977,0,0
4375981,714,1,2670587,4322494,4375981,53487,1705394,53487,1651907,0,0
4378005,1792,1,2719114,4323337,4378005,54668,1658891,54668,1604223,0,0
4378669,518,1,2660744,4323940,4378669,54729,1717925,54729,1663196,0,0
4379042,618,1,2661968,4324163,4379042,54879,1717074,54879,1662195,0,0
4379543,811,1,2671337,4324572,4379543,54971,1708206,54971,1653235,0,0
4391547,495,1,2660599,4335576,4391547,55971,1730948,55971,1674977,0,0
4391971,683,1,2670329,4335576,4391971,56395,1721642,56395,1665247,0,0
4392036,1139,1,2684764,4335576,4392036,56460,1707272,56460,1650812,0,0
4392334,904,1,2675862,4335576,4392334,56758,1716472,56758,1659714,0,0
4392343,626,1,2662021,4335576,4392343,56767,1730322,56767,1673555,0,0
4392637,1287,1,2686362,4335576,4392637,57061,1706275,57061,1649214,0,0
4392694,631,1,2662049,4335576,4392694,57118,1730645,57118,1673527,0,0
4393213,1192,1,2685497,4335576,4393213,57637,1707716,57637,1650079,0,0
4393339,1074,1,2684085,4335581,4393339,57758,1709254,57758,1651496,0,0
4396155,792,1,2671248,4338367,4396155,57788,1724907,57788,1667119,0,0
4404175,429,1,2643544,4345975,4404175,58200,1760631,58200,1702431,0,0
4404191,1748,1,2718873,4345975,4404191,58216,1685318,58216,1627102,0,0
4404761,710,1,2670513,4345975,4404761,58786,1734248,58786,1675462,0,0
4405815,1517,1,2692304,4345975,4405815,59840,1713511,59840,1653671,0,0
4405853,538,1,2661124,4345975,4405853,59878,1744729,59878,1684851,0,0
4406035,1509,1,2692263,4345975,4406035,60060,1713772,60060,1653712,0,0
4406210,1516,1,2692295,4345975,4406210,60235,1713915,60235,1653680,0,0
4406249,1252,1,2685964,4345975,4406249,60274,1720285,60274,1660011,0,0
4406361,619,1,2661968,4346038,4406361,60323,1744393,60323,1684070,0,0
4406391,717,1,2670621,4346068,4406391,60323,1735770,60323,1675447,0,0
4433080,1279,1,2686234,4372494,4433080,60586,1746846,60586,1686260,0,0
4434951,1511,1,2692267,4374277,4434951,60674,1742684,60674,1682010,0,0
4453206,343,4,2185324,4392334,4453206,60872,2267882,60872,2207010,0,0
4453390,1324,1,2687969,4392334,4453390,61056,1765421,61056,1704365,0,0
4453439,869,1,2672044,4392334,4453439,61105,1781395,61105,1720290,0,0
4453711,1376,1,2688485,4392334,4453711,61377,1765226,61377,1703849,0,0
4454123,486,1,2657651,4392334,4454123,61789,1796472,61789,1734683,0,0
4454270,929,1,2676434,4392334,4454270,61936,1777836,61936,1715900,0,0
4454514,906,1,2675867,4392334,4454514,62180,1778647,62180,1716467,0,0
4454735,773,1,2671038,4392343,4454735,62392,1783697,62392,1721305,0,0
4455946,1141,1,2684776,4392637,4455946,63309,1771170,63309,1707861,0,0
4456178,864,1,2671984,4392694,4456178,63484,1784194,63484,1720710,0,0
4469761,1590,8,2701423,4406249,4469761,63512,1768338,63512,1704826,0,0
4469993,485,1,2657648,4406249,4469993,63744,1812345,63744,1748601,0,0
4470091,1242,1,2685860,4406249,4470091,63842,1784231,63842,1720389,0,0
4470436,1075,1,2684089,4406249,4470436,64187,1786347,64187,1722160,0,0
4470782,443,1,2657334,4406361,4470782,64421,1813448,64421,1749027,0,0
4470812,1267,1,2686023,4406391,4470812,64421,1784789,64421,1720368,0,0
4497834,1904,1,2722163,4433080,4497834,64754,1775671,64754,1710917,0,0
4518080,273,4,1770534,4453206,4518080,64874,2747546,64874,2682672,0,0
4518233,1893,1,2722143,4453206,4518233,65027,1796090,65027,1731063,0,0
4520165,1973,1,2722303,4453390,4520165,66775,1797862,66775,1731087,0,0
4520361,1243,1,2685864,4453439,4520361,66922,1834497,66922,1767575,0,0
4521611,841,1,2671522,4453711,4521611,67900,1850089,67900,1782189,0,0
4522041,564,1,2661682,4454123,4522041,67918,1860359,67918,1792441,0,0
4522414,1142,1,2684822,4454270,4522414,68144,1837592,68144,1769448,0,0
4522756,1507,1,2692252,4454514,4522756,68242,1830504,68242,1762262,0,0
4524052,1130,1,2684353,4454735,4524052,69317,1839699,69317,1770382,0,0
4525576,694,1,2670377,4455946,4525576,69630,1855199,69630,1785569,0,0
4525984,908,1,2675873,4456178,4525984,69806,1850111,69806,1780305,0,0
4539665,588,1,2661742,4469761,4539665,69904,1877923,69904,1808019,0,0
4539831,1872,1,2722121,4469761,4539831,70070,1817710,70070,1747640,0,0
4539846,942,1,2682867,4469761,4539846,70085,1856979,70085,1786894,0,0
4539906,1652,1,2718582,4469761,4539906,70145,1821324,70145,1751179,0,0
4592343,314,16,1889453,4521611,4592343,70732,2702890,70732,2632158,0,0
4593089,459,1,2657424,4521611,4593089,71478,1935665,71478,1864187,0,0
4593217,1184,1,2685466,4521611,4593217,71606,1907751,71606,1836145,0,0
4594242,1397,1,2692027,4522041,4594242,72201,1902215,72201,1830014,0,0
4594767,1191,1,2685496,4522414,4594767,72353,1909271,72353,1836918,0,0
4595203,976,1,2683197,4522756,4595203,72447,1912006,72447,1839559,0,0
4596547,1352,1,2688043,4524052,4596547,72495,1908504,72495,1836009,0,0
4599097,1984,1,2722333,4525576,4599097,73521,1876764,73521,1803243,0,0
4599652,1784,1,2719101,4525984,4599652,73668,1880551,73668,1806883,0,0
4613686,1379,1,2688510,4539665,4613686,74021,1925176,74021,1851155,0,0
4614965,1723,1,2718777,4539831,4614965,75134,1896188,75134,1821054,0,0
4615793,423,2,2606073,4539906,4615793,75887,2009720,75887,1933833,0,0
4668866,984,1,2683277,4592343,4668866,76523,1985589,76523,1909066,0,0
4669042,1493,1,2692211,4592343,4669042,76699,1976831,76699,1900132,0,0
4669745,1056,1,2683763,4592343,4669745,77402,1985982,77402,1908580,0,0
4670184,937,1,2682787,4592343,4670184,77841,1987397,77841,1909556,0,0
4670754,1400,1,2692031,4592343,4670754,78411,1978723,78411,1900312,0,0
4670899,742,1,2670778,4592343,4670899,78556,2000121,78556,1921565,0,0
4670899,1952,1,2722216,4592343,4670899,78556,1948683,78556,1870127,0,0
4671144,1179,1,2685451,4592343,4671144,78801,1985693,78801,1906892,0,0
4671309,610,1,2661852,4592343,4671309,78966,2009457,78966,1930491,0,0
4671852,803,1,2671320,4592343,4671852,79509,2000532,79509,1921023,0,0
4672033,1518,1,2692308,4592343,4672033,79690,1979725,79690,1900035,0,0
4672625,1257,1,2685972,4592343,4672625,80282,1986653,80282,1906371,0,0
4672659,1229,1,2685741,4592343,4672659,80316,1986918,80316,1906602,0,0
4672806,1447,1,2692121,4592343,4672806,80463,1980685,80463,1900222,0,0
4673213,576,1,2661707,4592343,4673213,80870,2011506,80870,1930636,0,0
4676119,286,4,1774829,4595203,4676119,80916,2901290,80916,2820374,0,0
4676556,1936,1,2722197,4595203,4676556,81353,1954359,81353,1873006,0,0
4697686,389,4,2439592,4615793,4697686,81893,2258094,81893,2176201,0,0
4699209,1370,1,2688444,4615793,4699209,83416,2010765,83416,1927349,0,0
4699824,689,1,2670367,4615793,4699824,84031,2029457,84031,1945426,0,0
4700460,802,1,2671317,4615793,4700460,84667,2029143,84667,1944476,0,0
4700802,591,1,2661749,4615793,4700802,85009,2039053,85009,1954044,0,0
4753973,508,1,2660652,4668866,4753973,85107,2093321,85107,2008214,0,0
4754258,818,1,2671352,4669042,4754258,85216,2082906,85216,1997690,0,0
4755243,1738,1,2718835,4669745,4755243,85498,2036408,85498,1950910,0,0
4755780,488,1,2657667,4670184,4755780,85596,2098113,85596,2012517,0,0
4756564,1133,1,2684448,4670754,4756564,85810,2072116,85810,1986306,0,0
4757066,993,1,2683355,4670899,4757066,86167,2073711,86167,1987544,0,0
4757301,744,1,2670782,4670899,4757301,86402,2086519,86402,2000117,0,0
4757815,1789,1,2719110,4671144,4757815,86671,2038705,86671,1952034,0,0
4758325,1924,1,2722185,4671309,4758325,87016,2036140,87016,1949124,0,0
4758978,731,1,2670711,4671852,4758978,87126,2088267,87126,2001141,0,0
4759412,1954,1,2722219,4672033,4759412,87379,2037193,87379,1949814,0,0
4760176,1194,1,2685500,4672625,4760176,87551,2074676,87551,1987125,0,0
4760304,1774,1,2719027,4672659,4760304,87645,2041277,87645,1953632,0,0
4760525,536,1,2661114,4672806,4760525,87719,2099411,87719,2011692,0,0
4761129,1527,1,2692364,4673213,4761129,87916,2068765,87916,1980849,0,0
4764145,546,1,2661254,4676119,4764145,88026,2102891,88026,2014865,0,0
4764550,789,1,2671243,4676119,4764550,88431,2093307,88431,2004876,0,0
4764625,840,1,2671498,4676119,4764625,88506,2093127,88506,2004621,0,0
4764794,867,1,2672040,4676119,4764794,88675,2092754,88675,2004079,0,0
4765788,1932,1,2722193,4676556,4765788,89232,2043595,89232,1954363,0,0
4787064,964,1,2683059,4697686,4787064,89378,2104005,89378,2014627,0,0
4787378,1572,1,2692474,4697686,4787378,89692,2094904,89692,2005212,0,0
4788083,1270,1,2686066,4697686,4788083,90397,2102017,90397,2011620,0,0
4788365,1560,1,2692451,4697686,4788365,90679,2095914,90679,2005235,0,0
4790528,690,1,2670370,4699209,4790528,91319,2120158,91319,2028839,0,0
4791335,882,1,2672359,4699824,4791335,91511,2118976,91511,2027465,0,0
4792438,947,1,2682927,4700460,4792438,91978,2109511,91978,2017533,0,0
4792850,901,1,2675846,4700802,4792850,92048,2117004,92048,2024956,0,0
4846363,1885,1,2722133,4753973,4846363,92390,2124230,92390,2031840,0,0
4846697,998,1,2683366,4754258,4846697,92439,2163331,92439,2070892,0,0
4848339,1312,1,2687947,4755243,4848339,93096,2160392,93096,2067296,0,0
4849119,1657,1,2718597,4755780,4849119,93339,2130522,93339,2037183,0,0
4849963,1058,1,2683771,4756564,4849963,93399,2166192,93399,2072793,0,0
4850521,1021,1,2683601,4757066,4850521,93455,2166920,93455,2073465,0,0
4850971,611,1,2661865,4757301,4850971,93670,2189106,93670,2095436,0,0
4851574,754,1,2670900,4757815,4851574,93759,2180674,93759,2086915,0,0
4852689,1768,1,2719017,4758325,4852689,94364,2133672,94364,2039308,0,0
4854011,1769,1,2719018,4758978,4854011,95033,2134993,95033,2039960,0,0
4854882,1064,1,2683791,4759412,4854882,95470,2171091,95470,2075621,0,0
4855740,1752,1,2718929,4760176,4855740,95564,2136811,95564,2041247,0,0
4856100,566,1,2661686,4760304,4856100,95796,2194414,95796,2098618,0,0
4856469,1305,1,2687935,4760525,4856469,95944,2168534,95944,2072590,0,0
4857760,1638,1,2718514,4761129,4857760,96631,2139246,96631,2042615,0,0
4861255,1754,1,2718938,4764145,4861255,97110,2142317,97110,2045207,0,0
4862856,1207,1,2685577,4764550,4862856,98306,2177279,98306,2078973,0,0
4863004,1823,1,2719162,4764625,4863004,98379,2143842,98379,2045463,0,0
4863683,1810,1,2719146,4764794,4863683,98889,2144537,98889,2045648,0,0
4864759,1974,1,2722306,4765788,4864759,98971,2142453,98971,2043482,0,0
4886054,769,1,2671000,4787064,4886054,98990,2215054,98990,2116064,0,0
4886564,586,1,2661739,4787378,4886564,99186,2224825,99186,2125639,0,0
4887491,1004,1,2683447,4788083,4887491,99408,2204044,99408,2104636,0,0
4888070,1193,1,2685500,4788365,4888070,99705,2202570,99705,2102865,0,0
4890294,767,1,2670993,4790528,4890294,99766,2219301,99766,2119535,0,0
4891161,1626,1,2718485,4791335,4891161,99826,2172676,99826,2072850,0,0
4892326,387,1,2427720,4792438,4892326,99888,2464606,99888,2364718,0,0
4893047,1371,1,2688450,4792850,4893047,100197,2204597,100197,2104400,0,0
4946722,791,1,2671247,4846363,4946722,100359,2275475,100359,2175116,0,0
4947180,844,1,2671608,4846697,4947180,100483,2275572,100483,2175089,0,0
4949218,1127,1,2684348,4848339,4949218,100879,2264870,100879,2163991,0,0
4950015,1838,1,2722084,4849119,4950015,100896,2227931,100896,2127035,0,0
4951235,877,1,2672266,4849963,4951235,101272,2278969,101272,2177697,0,0
4951955,452,1,2657379,4850521,4951955,101434,2294576,101434,2193142,0,0
4957201,430,4,2653756,4855740,4957201,101461,2303445,101461,2201984,0,0
4957289,1961,1,2722236,4855740,4957289,101549,2235053,101549,2133504,0,0
4957335,1547,1,2692424,4855740,4957335,101595,2264911,101595,2163316,0,0
4957876,1529,1,2692368,4856100,4957876,101776,2265508,101776,2163732,0,0
4958413,1808,1,2719142,4856469,4958413,101944,2239271,101944,2137327,0,0
4959893,1556,1,2692448,4857760,4959893,102133,2267445,102133,2165312,0,0
4964121,668,1,2670272,4861255,4964121,102866,2293849,102866,2190983,0,0
4965722,678,1,2670319,4862856,4965722,102866,2295403,102866,2192537,0,0
4966070,632,1,2662060,4863004,4966070,103066,2304010,103066,2200944,0,0
4966931,594,1,2661756,4863683,4966931,103248,2305175,103248,2201927,0,0
4968139,1073,1,2684085,4864759,4968139,103380,2284054,103380,2180674,0,0
4989490,1487,1,2692204,4886054,4989490,103436,2297286,103436,2193850,0,0
4990246,1525,1,2692354,4886564,4990246,103682,2297892,103682,2194210,0,0
4992193,267,2,1770433,4888070,4992193,104123,3221760,104123,3117637,0,0
4994517,1436,1,2692106,4890294,4994517,104223,2302411,104223,2198188,0,0
4995518,1359,1,2688377,4891161,4995518,104357,2307141,104357,2202784,0,0
4996693,772,1,2671030,4892326,4996693,104367,2325663,104367,2221296,0,0
4998006,1204,1,2685521,4893047,4998006,104959,2312485,104959,2207526,0,0
5052076,473,1,2657569,4946722,5052076,105354,2394507,105354,2289153,0,0
5052797,533,1,2661082,4947180,5052797,105617,2391715,105617,2286098,0,0
5055033,572,1,2661698,4949218,5055033,105815,2393335,105815,2287520,0,0
5056386,1930,1,2722192,4950015,5056386,106371,2334194,106371,2227823,0,0
5058010,1630,1,2718489,4951235,5058010,106775,2339521,106775,2232746,0,0
5059353,1066,1,2683815,4951955,5059353,107398,2375538,107398,2268140,0,0
5064857,1334,1,2687989,4957201,5064857,107656,2376868,107656,2269212,0,0
5064924,1995,1,2722415,4957201,5064924,107723,2342509,107723,2234786,0,0
5065144,549,1,2661657,4957201,5065144,107943,2403487,107943,2295544,0,0
5065599,813,1,2671341,4957201,5065599,108398,2394258,108398,2285860,0,0
5100801,256,8,1729967,4992193,5100801,108608,3370834,108608,3262226,0,0
5101732,1697,1,2718719,4992193,5101732,109539,2383013,109539,2273474,0,0
5101829,635,1,2662078,4992193,5101829,109636,2439751,109636,2330115,0,0
5102022,1568,1,2692471,4992193,5102022,109829,2409551,109829,2299722,0,0
5102475,1892,1,2722140,4992193,5102475,110282,2380335,110282,2270053,0,0
5113466,8,8,319542,319542,5113466,4793924,4793924,4793924,0,0,0
5176511,364,8,2322273,5065599,5176511,110912,2854238,110912,2743326,0,0
5176549,1996,1,2722416,5065599,5176549,110950,2454133,110950,2343183,0,0
5177167,1377,1,2688492,5065599,5177167,111568,2488675,111568,2377107,0,0
5177630,436,1,2657308,5065599,5177630,112031,2520322,112031,2408291,0,0
5177863,494,1,2660595,5065599,5177863,112264,2517268,112264,2405004,0,0
5178018,1958,1,2722227,5065599,5178018,112419,2455791,112419,2343372,0,0
5178080,1935,1,2722196,5065599,5178080,112481,2455884,112481,2343403,0,0
5179376,663,1,2670261,5065599,5179376,113777,2509115,113777,2395338,0,0
5179837,432,1,2657292,5065599,5179837,114238,2522545,114238,2408307,0,0
5215301,1895,1,2722155,5100801,5215301,114500,2493146,114500,2378646,0,0
5215368,889,1,2675811,5100801,5215368,114567,2539557,114567,2424990,0,0
5215773,1606,1,2718468,5100801,5215773,114972,2497305,114972,2382333,0,0
5216026,743,1,2670779,5100801,5216026,115225,2545247,115225,2430022,0,0
5216157,1235,1,2685805,5100801,5216157,115356,2530352,115356,2414996,0,0
5216314,670,1,2670284,5100801,5216314,115513,2546030,115513,2430517,0,0
5216947,1226,1,2685682,5100801,5216947,116146,2531265,116146,2415119,0,0
5217145,1647,1,2718571,5100801,5217145,116344,2498574,116344,2382230,0,0
5218207,1171,1,2685405,5101732,5218207,116475,2532802,116475,2416327,0,0
5218450,1576,1,2692487,5101829,5218450,116621,2525963,116621,2409342,0,0
5220340,1049,1,2683737,5102022,5220340,118318,2536603,118318,2418285,0,0
5221507,953,1,2682971,5102475,5221507,119032,2538536,119032,2419504,0,0
5232597,1085,1,2684167,5113466,5232597,119131,2548430,119131,2429299,0,0
5295993,409,8,2581927,5176511,5295993,119482,2714066,119482,2594584,0,0
5296060,707,1,2670454,5176511,5296060,119549,2625606,119549,2506057,0,0
5296275,637,1,2662106,5176511,5296275,119764,2634169,119764,2514405,0,0
5336254,374,8,2348578,5216026,5336254,120228,2987676,120228,2867448,0,0
5336331,1681,1,2718690,5216026,5336331,120305,2617641,120305,2497336,0,0
5337593,275,4,1774471,5217145,5337593,120448,3563122,120448,3442674,0,0
5338292,431,1,2657288,5217145,5338292,121147,2681004,121147,2559857,0,0
5339279,1408,1,2692071,5217145,5339279,122134,2647208,122134,2525074,0,0
5339461,1964,1,2722273,5217145,5339461,122316,2617188,122316,2494872,0,0
5339502,519,1,2660747,5217145,5339502,122357,2678755,122357,2556398,0,0
5339543,1783,1,2719101,5217145,5339543,122398,2620442,122398,2498044,0,0
5340078,481,1,2657619,5217145,5340078,122933,2682459,122933,2559526,0,0
5340221,1030,1,2683652,5217145,5340221,123076,2656569,123076,2533493,0,0
5340870,1887,1,2722136,5217145,5340870,123725,2618734,123725,2495009,0,0
5342275,1640,1,2718542,5218207,5342275,124068,2623733,124068,2499665,0,0
5342958,1837,1,2722083,5218450,5342958,124508,2620875,124508,2496367,0,0
5344975,1431,1,2692099,5220340,5344975,124635,2652876,124635,2528241,0,0
5346663,1608,1,2718469,5221507,5346663,125156,2628194,125156,2503038,0,0
5357758,447,1,2657347,5232597,5357758,125161,2700411,125161,2575250,0,0
5421234,645,1,2670163,5295993,5421234,125241,2751071,125241,2625830,0,0
5421337,1619,1,2718479,5295993,5421337,125344,2702858,125344,2577514,0,0
5421711,1440,1,2692111,5295993,5421711,125718,2729600,125718,2603882,0,0
5421967,985,1,2683278,5295993,5421967,125974,2738689,125974,2612715,0,0
5422098,219,4,1631071,5295993,5422098,126105,3791027,126105,3664922,0,0
5422208,1169,1,2685398,5296060,5422208,126148,2736810,126148,2610662,0,0
5422555,967,1,2683114,5296275,5422555,126280,2739441,126280,2613161,0,0
5462797,1826,1,2719169,5336254,5462797,126543,2743628,126543,2617085,0,0
5462864,987,1,2683289,5336254,5462864,126610,2779575,126610,2652965,0,0
5463521,1448,1,2692124,5336254,5463521,127267,2771397,127267,2644130,0,0
5463750,829,1,2671429,5336254,5463750,127496,2792321,127496,2664825,0,0
5463750,1980,1,2722325,5336254,5463750,127496,2741425,127496,2613929,0,0
5465123,270,4,1770447,5337593,5465123,127530,3694676,127530,3567146,0,0
5465321,1796,1,2719118,5337593,5465321,127728,2746203,127728,2618475,0,0
5465630,1345,1,2688008,5337593,5465630,128037,2777622,128037,2649585,0,0
5466249,795,1,2671257,5337593,5466249,128656,2794992,128656,2666336,0,0
5466308,590,1,2661747,5337593,5466308,128715,2804561,128715,2675846,0,0
5467025,1569,1,2692471,5338292,5467025,128733,2774554,128733,2645821,0,0
5468479,373,1,2347446,5339279,5468479,129200,3121033,129200,2991833,0,0
5468735,1427,1,2692094,5339461,5468735,129274,2776641,129274,2647367,0,0
5469549,865,1,2671999,5339502,5469549,130047,2797550,130047,2667503,0,0
5470007,1772,1,2719025,5339543,5470007,130464,2750982,130464,2620518,0,0
5471440,806,1,2671324,5340078,5471440,131362,2800116,131362,2668754,0,0
5471689,1160,1,2684925,5340221,5471689,131468,2786764,131468,2655296,0,0
5472809,492,1,2660588,5340870,5472809,131939,2812221,131939,2680282,0,0
5474747,1689,1,2718710,5342275,5474747,132472,2756037,132472,2623565,0,0
5475687,1478,1,2692196,5342958,5475687,132729,2783491,132729,2650762,0,0
5477836,662,1,2670261,5344975,5477836,132861,2807575,132861,2674714,0,0
5480576,1177,1,2685444,5346663,5480576,133913,2795132,133913,2661219,0,0
5491880,580,1,2661714,5357758,5491880,134122,2830166,134122,2696044,0,0
5555534,1605,1,2718466,5421234,5555534,134300,2837068,134300,2702768,0,0
5555711,1918,1,2722181,5421337,5555711,134374,2833530,134374,2699156,0,0
5556165,968,1,2683118,5421711,5556165,134454,2873047,134454,2738593,0,0
5556885,1076,1,2684092,5421967,5556885,134918,2872793,134918,2737875,0,0
5557171,1300,1,2687925,5422098,5557171,135073,2869246,135073,2734173,0,0
5557439,503,1,2660627,5422098,5557439,135341,2896812,135341,2761471,0,0
5558013,1479,1,2692196,5422098,5558013,135915,2865817,135915,2729902,0,0
5558331,543,1,2661232,5422098,5558331,136233,2897099,136233,2760866,0,0
5558622,1442,1,2692116,5422208,5558622,136414,2866506,136414,2730092,0,0
5559364,862,1,2671972,5422555,5559364,136809,2887392,136809,2750583,0,0
5600110,1008,1,2683514,5462797,5600110,137313,2916596,137313,2779283,0,0
5600463,1813,1,2719149,5462864,5600463,137599,2881314,137599,2743715,0,0
5601383,654,1,2670201,5463521,5601383,137862,2931182,137862,2793320,0,0
5601793,1692,1,2718714,5463750,5601793,138043,2883079,138043,2745036,0,0
5601838,1174,1,2685427,5463750,5601838,138088,2916411,138088,2778323,0,0
5603445,1125,1,2684345,5465123,5603445,138322,2919100,138322,2780778,0,0
5603830,1443,1,2692116,5465123,5603830,138707,2911714,138707,2773007,0,0
5616552,340,8,2163683,5477836,5616552,138716,3452869,138716,3314153,0,0
5616698,963,1,2683056,5477836,5616698,138862,2933642,138862,2794780,0,0
5617449,1913,1,2722171,5477836,5617449,139613,2895278,139613,2755665,0,0
5617624,1343,1,2688004,5477836,5617624,139788,2929620,139788,2789832,0,0
5741823,347,16,2294578,5601793,5741823,140030,3447245,140030,3307215,0,0
5742441,1941,1,2722202,5601793,5742441,140648,3020239,140648,2879591,0,0
5742587,1384,1,2692006,5601793,5742587,140794,3050581,140794,2909787,0,0
5742992,907,1,2675870,5601793,5742992,141199,3067122,141199,2925923,0,0
5743051,1907,1,2722166,5601793,5743051,141258,3020885,141258,2879627,0,0
5743593,1071,1,2684081,5601793,5743593,141800,3059512,141800,2917712,0,0
5743732,642,1,2670107,5601793,5743732,141939,3073625,141939,2931686,0,0
5758523,157,8,996356,5616552,5758523,141971,4762167,141971,4620196,0,0
5758757,682,1,2670326,5616552,5758757,142205,3088431,142205,2946226,0,0
5759020,1055,1,2683759,5616552,5759020,142468,3075261,142468,2932793,0,0
5759047,1338,1,2687995,5616552,5759047,142495,3071052,142495,2928557,0,0
5759271,892,1,2675819,5616698,5759271,142573,3083452,142573,2940879,0,0
5760901,1898,1,2722159,5617449,5760901,143452,3038742,143452,2895290,0,0
5761090,1339,1,2687996,5617624,5761090,143466,3073094,143466,2929628,0,0
5885478,1202,1,2685517,5741823,5885478,143655,3199961,143655,3056306,0,0
5885607,1439,1,2692110,5741823,5885607,143784,3193497,143784,3049713,0,0
5885871,1693,1,2718714,5741823,5885871,144048,3167157,144048,3023109,0,0
5887635,1625,1,2718485,5741823,5887635,145812,3169150,145812,3023338,0,0
5888648,1484,1,2692201,5741823,5888648,146825,3196447,146825,3049622,0,0
5888963,706,1,2670451,5741823,5888963,147140,3218512,147140,3071372,0,0
5889029,1553,1,2692444,5741823,5889029,147206,3196585,147206,3049379,0,0
5889179,367,4,2327248,5741823,5889179,147356,3561931,147356,3414575,0,0
5890002,1836,1,2722080,5741823,5890002,148179,3167922,148179,3019743,0,0
5890289,751,1,2670870,5741823,5890289,148466,3219419,148466,3070953,0,0
5890411,1170,1,2685405,5741823,5890411,148588,3205006,148588,3056418,0,0
5907262,365,8,2322308,5758523,5907262,148739,3584954,148739,3436215,0,0
5907348,750,1,2670863,5758523,5907348,148825,3236485,148825,3087660,0,0
5907711,1968,1,2722288,5758523,5907711,149188,3185423,149188,3036235,0,0
5908142,1794,1,2719115,5758523,5908142,149619,3189027,149619,3039408,0,0
5908427,1923,1,2722185,5758523,5908427,149904,3186242,149904,3036338,0,0
5908625,1410,1,2692072,5758523,5908625,150102,3216553,150102,3066451,0,0
5908888,986,1,2683280,5758523,5908888,150365,3225608,150365,3075243,0,0
5909601,817,1,2671349,5758523,5909601,151078,3238252,151078,3087174,0,0
5909678,1890,1,2722139,5758523,5909678,151155,3187539,151155,3036384,0,0
5910608,596,1,2661766,5758757,5910608,151851,3248842,151851,3096991,0,0
5911646,972,1,2683183,5759020,5911646,152626,3228463,152626,3075837,0,0
5911847,1607,1,2718469,5759047,5911847,152800,3193378,152800,3040578,0,0
5912561,1033,1,2683682,5759271,5912561,153290,3228879,153290,3075589,0,0
5914359,1151,1,2684885,5760901,5914359,153458,3229474,153458,3076016,0,0
5914951,1664,1,2718633,5761090,5914951,153861,3196318,153861,3042457,0,0
6039847,1975,1,2722309,5885478,6039847,154369,3317538,154369,3163169,0,0
6040313,1897,1,2722155,5885607,6040313,154706,3318158,154706,3163452,0,0
6041369,688,1,2670367,5885871,6041369,155498,3371002,155498,3215504,0,0
6043704,1651,1,2718578,5887635,6043704,156069,3325126,156069,3169057,0,0
6046092,297,8,1822910,5890002,6046092,156090,4223182,156090,4067092,0,0
6048437,563,1,2661681,5890289,6048437,158148,3386756,158148,3228608,0,0
6048602,784,1,2671230,5890411,6048602,158191,3377372,158191,3219181,0,0
6066281,228,4,1631570,5907262,6066281,159019,4434711,159019,4275692,0,0
6071404,115,8,854174,5911847,6071404,159557,5217230,159557,5057673,0,0
6072046,1254,1,2685968,5911847,6072046,160199,3386078,160199,3225879,0,0
6167771,11,16,323049,323049,6167771,5844722,5844722,5844722,0,0,0
6204288,114,8,854174,6043704,6204288,160584,5350114,160584,5189530,0,0
6204766,843,1,2671600,6043704,6204766,161062,3533166,161062,3372104,0,0
6206967,247,2,1646510,6043704,6206967,163263,4560457,163263,4397194,0,0
6207089,1429,1,2692095,6043704,6207089,163385,3514994,163385,3351609,0,0
6209537,638,8,2666697,6046092,6209537,163445,3542840,163445,3379395,0,0
6209850,1467,1,2692151,6046092,6209850,163758,3517699,163758,3353941,0,0
6212272,1286,1,2686301,6048437,6212272,163835,3525971,163835,3362136,0,0
6212746,1788,1,2719105,6048602,6212746,164144,3493641,164144,3329497,0,0
6231121,1012,1,2683544,6066281,6231121,164840,3547577,164840,3382737,0,0
6231740,934,1,2682782,6066281,6231740,165459,3548958,165459,3383499,0,0
6231985,625,1,2662011,6066281,6231985,165704,3569974,165704,3404270,0,0
6232309,1268,1,2686035,6066281,6232309,166028,3546274,166028,3380246,0,0
6237559,1956,1,2722220,6071404,6237559,166155,3515339,166155,3349184,0,0
6237694,1858,1,2722103,6071404,6237694,166290,3515591,166290,3349301,0,0
6238486,1713,1,2718751,6071404,6238486,167082,3519735,167082,3352653,0,0
6238873,264,2,1770401,6071404,6238873,167469,4468472,167469,4301003,0,0
6239260,1622,1,2718481,6071404,6239260,167856,3520779,167856,3352923,0,0
6239809,1123,1,2684312,6071404,6239809,168405,3555497,168405,3387092,0,0
6240342,1498,1,2692218,6071404,6240342,168938,3548124,168938,3379186,0,0
6241061,1911,1,2722170,6072046,6241061,169015,3518891,169015,3349876,0,0
6337351,1915,1,2722174,6167771,6337351,169580,3615177,169580,3445597,0,0
6339183,778,1,2671201,6167771,6339183,171412,3667982,171412,3496570,0,0
6341193,521,1,2660781,6167771,6341193,173422,3680412,173422,3506990,0,0
6341679,440,1,2657323,6167771,6341679,173908,3684356,173908,3510448,0,0
6342219,1672,1,2718663,6167771,6342219,174448,3623556,174448,3449108,0,0
6342240,1278,1,2686225,6167771,6342240,174469,3656015,174469,3481546,0,0
6342543,1551,1,2692440,6167771,6342543,174772,3650103,174772,3475331,0,0
6344054,1702,1,2718729,6167771,6344054,176283,3625325,176283,3449042,0,0
6344783,1860,1,2722103,6167771,6344783,177012,3622680,177012,3445668,0,0
6345394,1982,1,2722330,6167771,6345394,177623,3623064,177623,3445441,0,0
6347006,1595,1,2718458,6167771,6347006,179235,3628548,179235,3449313,0,0
6347069,799,1,2671297,6167771,6347069,179298,3675772,179298,3496474,0,0
6348696,1557,1,2692451,6167771,6348696,180925,3656245,180925,3475320,0,0
6349020,1555,1,2692447,6167771,6349020,181249,3656573,181249,3475324,0,0
6349158,1717,1,2718767,6167771,6349158,181387,3630391,181387,3449004,0,0
6350125,609,1,2661844,6167771,6350125,182354,3688281,182354,3505927,0,0
6387292,1864,1,2722114,6204288,6387292,183004,3665178,183004,3482174,0,0
6387358,677,1,2670305,6204288,6387358,183070,3717053,183070,3533983,0,0
6390800,608,1,2661808,6204288,6390800,186512,3728992,186512,3542480,0,0
6391009,939,1,2682792,6204288,6391009,186721,3708217,186721,3521496,0,0
6391043,1839,1,2722085,6204288,6391043,186755,3668958,186755,3482203,0,0
6392710,687,1,2670363,6204288,6392710,188422,3722347,188422,3533925,0,0
6393849,1271,1,2686079,6204288,6393849,189561,3707770,189561,3518209,0,0
6394065,1302,1,2687928,6204288,6394065,189777,3706137,189777,3516360,0,0
6394867,1228,1,2685741,6204766,6394867,190101,3709126,190101,3519025,0,0
6398172,1230,1,2685744,6206967,6398172,191205,3712428,191205,3521223,0,0
6398404,1798,1,2719122,6206967,6398404,191437,3679282,191437,3487845,0,0
6398905,888,1,2675807,6207089,6398905,191816,3723098,191816,3531282,0,0
6402337,1281,1,2686252,6209537,6402337,192800,3716085,192800,3523285,0,0
6403360,1340,1,2687999,6209537,6403360,193823,3715361,193823,3521538,0,0
6403404,512,1,2660666,6209537,6403404,193867,3742738,193867,3548871,0,0
6403790,923,1,2676007,6209537,6403790,194253,3727783,194253,3533530,0,0
6404363,1351,1,2688026,6209537,6404363,194826,3716337,194826,3521511,0,0
6406657,616,1,2661959,6209537,6406657,197120,3744698,197120,3547578,0,0
6406801,853,1,2671877,6209537,6406801,197264,3734924,197264,3537660,0,0
6407661,554,1,2661665,6209537,6407661,198124,3745996,198124,3547872,0,0
6430791,111,4,820970,6232309,6430791,198482,5609821,198482,5411339,0,0
6430863,1991,1,2722383,6232309,6430863,198554,3708480,198554,3509926,0,0
6498729,13,16,324387,324387,6498729,6174342,6174342,6174342,0,0,0
6543068,195,16,1449863,6344054,6543068,199014,5093205,199014,4894191,0,0
6544305,1062,1,2683785,6344054,6544305,200251,3860520,200251,3660269,0,0
6544410,1827,1,2719170,6344054,6544410,200356,3825240,200356,3624884,0,0
6544935,1545,1,2692424,6344054,6544935,200881,3852511,200881,3651630,0,0
6545998,471,1,2657558,6344783,6545998,201215,3888440,201215,3687225,0,0
6546777,528,1,2660930,6345394,6546777,201383,3885847,201383,3684464,0,0
6548427,1005,1,2683451,6347006,6548427,201421,3864976,201421,3663555,0,0
6548721,1186,1,2685470,6347069,6548721,201652,3863251,201652,3661599,0,0
6551583,468,1,2657524,6348696,6551583,202887,3894059,202887,3691172,0,0
6597732,172,8,1047379,6394065,6597732,203667,5550353,203667,5346686,0,0
6597758,1000,1,2683369,6394065,6597758,203693,3914389,203693,3710696,0,0
6598210,1045,1,2683716,6394065,6598210,204145,3914494,204145,3710349,0,0
6608754,395,4,2478535,6403790,6608754,204964,4130219,204964,3925255,0,0
6609225,1303,1,2687931,6403790,6609225,205435,3921294,205435,3715859,0,0
6610300,75,1,738025,6403790,6610300,206510,5872275,206510,5665765,0,0
6610353,1358,1,2688366,6403790,6610353,206563,3921987,206563,3715424,0,0
6610947,1694,1,2718714,6403790,6610947,207157,3892233,207157,3685076,0,0
6612192,1817,1,2719153,6403790,6612192,208402,3893039,208402,3684637,0,0
6613812,728,1,2670697,6404363,6613812,209449,3943115,209449,3733666,0,0
6616106,1325,1,2687970,6406657,6616106,209449,3928136,209449,3718687,0,0
6708413,352,8,2312538,6498729,6708413,209684,4395875,209684,4186191,0,0
6709303,555,1,2661667,6498729,6709303,210574,4047636,210574,3837062,0,0
6709805,1162,1,2684938,6498729,6709805,211076,4024867,211076,3813791,0,0
6710852,1470,1,2692189,6498729,6710852,212123,4018663,212123,3806540,0,0
6712479,1154,1,2684892,6498729,6712479,213750,4027587,213750,3813837,0,0
6713443,1886,1,2722135,6498729,6713443,214714,3991308,214714,3776594,0,0
6713483,80,1,738097,6498729,6713483,214754,5975386,214754,5760632,0,0
6713483,1489,1,2692206,6498729,6713483,214754,4021277,214754,3806523,0,0
6714317,1165,1,2684959,6498729,6714317,215588,4029358,215588,3813770,0,0
6714985,745,1,2670786,6498729,6714985,216256,4044199,216256,3827943,0,0
6715062,1504,1,2692229,6498729,6715062,216333,4022833,216333,3806500,0,0
6715320,1988,1,2722362,6498729,6715320,216591,3992958,216591,3776367,0,0
6715990,747,1,2670789,6498729,6715990,217261,4045201,217261,3827940,0,0
6716206,573,1,2661702,6498729,6716206,217477,4054504,217477,3837027,0,0
6716897,1598,1,2718461,6498729,6716897,218168,3998436,218168,3780268,0,0
6717113,1318,1,2687959,6498729,6717113,218384,4029154,218384,3810770,0,0
6720840,0,4,0,0,6720840,6720840,6720840,6720840,0,0,0
6762532,946,1,2682874,6543068,6762532,219464,4079658,219464,3860194,0,0
6762667,1260,1,2686000,6543068,6762667,219599,4076667,219599,3857068,0,0
6763670,585,1,2661736,6543068,6763670,220602,4101934,220602,3881332,0,0
6764416,762,1,2670937,6543068,6764416,221348,4093479,221348,3872131,0,0
6764846,641,1,2669837,6543068,6764846,221778,4095009,221778,3873231,0,0
6764846,1730,1,2718809,6543068,6764846,221778,4046037,221778,3824259,0,0
6765014,460,1,2657428,6543068,6765014,221946,4107586,221946,3885640,0,0
6765338,1430,1,2692099,6543068,6765338,222270,4073239,222270,3850969,0,0
6766423,1104,1,2684235,6543068,6766423,223355,4082188,223355,3858833,0,0
6768037,271,2,1770478,6543068,6768037,224969,4997559,224969,4772590,0,0
6771584,1144,1,2684848,6543068,6771584,228516,4086736,228516,3858220,0,0
6771692,1238,1,2685838,6543068,6771692,228624,4085854,228624,3857230,0,0
6772787,873,1,2672203,6543068,6772787,229719,4100584,229719,3870865,0,0
6779482,386,4,2427451,6548721,6779482,230761,4352031,230761,4121270,0,0
6780534,1812,1,2719149,6548721,6780534,231813,4061385,231813,3829572,0,0
6780687,1042,1,2683712,6548721,6780687,231966,4096975,231966,3865009,0,0
6781251,1585,1,2692528,6548721,6781251,232530,4088723,232530,3856193,0,0
6781894,1157,1,2684910,6548721,6781894,233173,4096984,233173,3863811,0,0
6782451,1946,1,2722211,6548721,6782451,233730,4060240,233730,3826510,0,0
6785834,971,1,2683121,6551583,6785834,234251,4102713,234251,3868462,0,0
6833280,836,1,2671452,6597732,6833280,235548,4161828,235548,3926280,0,0
6833375,1552,1,2692444,6597732,6833375,235643,4140931,235643,3905288,0,0
6833416,1378,1,2688492,6597732,6833416,235684,4144924,235684,3909240,0,0
6834468,262,2,1770381,6597732,6834468,236736,5064087,236736,4827351,0,0
6945611,154,8,995886,6708413,6945611,237198,5949725,237198,5712527,0,0
6945689,1884,1,2722133,6708413,6945689,237276,4223556,237276,3986280,0,0
6945904,1386,1,2692016,6708413,6945904,237491,4253888,237491,4016397,0,0
6946103,1785,1,2719104,6708413,6946103,237690,4226999,237690,3989309,0,0
6947571,198,8,1450142,6709805,6947571,237766,5497429,237766,5259663,0,0
6948456,81,1,738103,6709805,6948456,238651,6210353,238651,5971702,0,0
6951297,1332,1,2687982,6709805,6951297,241492,4263315,241492,4021823,0,0
6951399,1198,1,2685508,6709805,6951399,241594,4265891,241594,4024297,0,0
6951938,1394,1,2692024,6709805,6951938,242133,4259914,242133,4017781,0,0
6952370,1209,1,2685581,6709805,6952370,242565,4266789,242565,4024224,0,0
6952910,497,1,2660606,6709805,6952910,243105,4292304,243105,4049199,0,0
6954337,391,1,2452096,6709805,6954337,244532,4502241,244532,4257709,0,0
6956141,1219,1,2685631,6710852,6956141,245289,4270510,245289,4025221,0,0
6960484,259,4,1767582,6715062,6960484,245422,5192902,245422,4947480,0,0
7011215,348,16,2294587,6765338,7011215,245877,4716628,245877,4470751,0,0
7011342,900,1,2675846,6765338,7011342,246004,4335496,246004,4089492,0,0
7011844,1054,1,2683755,6765338,7011844,246506,4328089,246506,4081583,0,0
7013925,1549,1,2692431,6765338,7013925,248587,4321494,248587,4072907,0,0
7014852,462,1,2657464,6765338,7014852,249514,4357388,249514,4107874,0,0
7016329,1670,1,2718647,6766423,7016329,249906,4297682,249906,4047776,0,0
7018995,69,1,737973,6768037,7018995,250958,6281022,250958,6030064,0,0
7021355,589,1,2661745,6768037,7021355,253318,4359610,253318,4106292,0,0
7025592,958,1,2683038,6771584,7025592,254008,4342554,254008,4088546,0,0
7027222,1780,1,2719075,6771692,7027222,255530,4308147,255530,4052617,0,0
7028542,748,1,2670825,6772787,7028542,255755,4357717,255755,4101962,0,0
7035848,1795,1,2719118,6779482,7035848,256366,4316730,256366,4060364,0,0
7036384,1901,1,2722159,6779482,7036384,256902,4314225,256902,4057323,0,0
7036684,1047,1,2683723,6779482,7036684,257202,4352961,257202,4095759,0,0
7037817,522,1,2660794,6779482,7037817,258335,4377023,258335,4118688,0,0
7040075,1971,1,2722298,6780534,7040075,259541,4317777,259541,4058236,0,0
7040599,760,1,2670930,6780687,7040599,259912,4369669,259912,4109757,0,0
7205608,327,4,2025109,6945611,7205608,259997,5180499,259997,4920502,0,0
7208829,1060,1,2683779,6945611,7208829,263218,4525050,263218,4261832,0,0
7209305,1533,1,2692376,6945611,7209305,263694,4516929,263694,4253235,0,0
7210414,1641,1,2718545,6945611,7210414,264803,4491869,264803,4227066,0,0
7211062,1656,1,2718597,6945611,7211062,265451,4492465,265451,4227014,0,0
7215640,291,8,1822827,6947571,7215640,268069,5392813,268069,5124744,0,0
7217474,1972,1,2722303,6947571,7217474,269903,4495171,269903,4225268,0,0
7217808,1753,1,2718932,6947571,7217808,270237,4498876,270237,4228639,0,0
7218811,1567,1,2692469,6947571,7218811,271240,4526342,271240,4255102,0,0
7220470,696,1,2670380,6947571,7220470,272899,4550090,272899,4277191,0,0
7223970,1653,1,2718582,6947571,7223970,276399,4505388,276399,4228989,0,0
7224326,1038,1,2683696,6947571,7224326,276755,4540630,276755,4263875,0,0
7224830,1645,1,2718563,6947571,7224830,277259,4506267,277259,4229008,0,0
7227919,1471,1,2692189,6947571,7227919,280348,4535730,280348,4255382,0,0
7229561,498,1,2660610,6947571,7229561,281990,4568951,281990,4286961,0,0
7243962,175,8,1047393,6960484,7243962,283478,6196569,283478,5913091,0,0
7246264,558,1,2661672,6960484,7246264,285780,4584592,285780,4298812,0,0
7246631,1584,1,2692506,6960484,7246631,286147,4554125,286147,4267978,0,0
7297554,24,16,401067,7011215,7297554,286339,6896487,286339,6610148,0,0
7298079,606,1,2661797,7011215,7298079,286864,4636282,286864,4349418,0,0
7301051,398,4,2485014,7013925,7301051,287126,4816037,287126,4528911,0,0
7302713,1374,1,2688478,7013925,7302713,288788,4614235,288788,4325447,0,0
7306579,50,1,737855,7013925,7306579,292654,6568724,292654,6276070,0,0
7307225,1528,1,2692366,7013925,7307225,293300,4614859,293300,4321559,0,0
7308821,1712,1,2718751,7014852,7308821,293969,4590070,293969,4296101,0,0
7310504,994,1,2683355,7016329,7310504,294175,4627149,294175,4332974,0,0
7314301,1390,1,2692020,7018995,7314301,295306,4622281,295306,4326975,0,0
7317967,1671,1,2718663,7021355,7317967,296612,4599304,296612,4302692,0,0
7322348,991,1,2683351,7025592,7322348,296756,4638997,296756,4342241,0,0
7325125,1863,1,2722114,7027222,7325125,297903,4603011,297903,4305108,0,0
7328537,1856,1,2722100,7028542,7328537,299995,4606437,299995,4306442,0,0
7335901,1063,1,2683789,7035848,7335901,300053,4652112,300053,4352059,0,0
7337539,1232,1,2685748,7036384,7337539,301155,4651791,301155,4350636,0,0
7338744,1851,1,2722096,7036684,7338744,302060,4616648,302060,4314588,0,0
7340810,501,1,2660620,7037817,7340810,302993,4680190,302993,4377197,0,0
7344721,612,1,2661919,7040075,7344721,304646,4682802,304646,4378156,0,0
7354121,704,1,2670410,7040599,7354121,313522,4683711,313522,4370189,0,0
7532301,18,16,394933,7217474,7532301,314827,7137368,314827,6822541,0,0
7532437,1876,1,2722125,7217474,7532437,314963,4810312,314963,4495349,0,0
7533001,628,1,2662035,7217808,7533001,315193,4870966,315193,4555773,0,0
7539185,1115,1,2684297,7218811,7539185,320374,4854888,320374,4534514,0,0
7542744,1704,1,2718735,7220470,7542744,322274,4824009,322274,4501735,0,0
7550193,1381,1,2691997,7223970,7550193,326223,4858196,326223,4531973,0,0
7550716,1437,1,2692106,7224326,7550716,326390,4858610,326390,4532220,0,0
7555275,758,1,2670927,7224830,7555275,330445,4884348,330445,4553903,0,0
7629775,311,16,1883811,7297554,7629775,332221,5745964,332221,5413743,0,0
7632969,952,1,2682968,7297554,7632969,335415,4950001,335415,4614586,0,0
7633591,1203,1,2685518,7297554,7633591,336037,4948073,336037,4612036,0,0
7635311,1825,1,2719163,7297554,7635311,337757,4916148,337757,4578391,0,0
7638484,824,1,2671373,7297554,7638484,340930,4967111,340930,4626181,0,0
7639320,1632,1,2718496,7297554,7639320,341766,4920824,341766,4579058,0,0
7640155,833,1,2671444,7297554,7640155,342601,4968711,342601,4626110,0,0
7650016,559,1,2661674,7297554,7650016,352462,4988342,352462,4635880,0,0
7651520,667,1,2670269,7297554,7651520,353966,4981251,353966,4627285,0,0
7654862,34,1,664555,7297554,7654862,357308,6990307,357308,6632999,0,0
7666722,321,8,1989244,7308821,7666722,357901,5677478,357901,5319577,0,0
7667078,450,1,2657372,7308821,7667078,358257,5009706,358257,4651449,0,0
7667509,46,1,737830,7308821,7667509,358688,6929679,358688,6570991,0,0
7667939,1485,1,2692203,7308821,7667939,359118,4975736,359118,4616618,0,0
7667939,1683,1,2718690,7308821,7667939,359118,4949249,359118,4590131,0,0
7701747,186,8,1178859,7340810,7701747,360937,6522888,360937,6161951,0,0
7894082,202,4,1530394,7532301,7894082,361781,6363688,361781,6001907,0,0
7896127,664,1,2670264,7532301,7896127,363826,5225863,363826,4862037,0,0
7898467,444,1,2657338,7532301,7898467,366166,5241129,366166,4874963,0,0
7900305,646,1,2670190,7532301,7900305,368004,5230115,368004,4862111,0,0
7901169,123,8,857634,7532301,7901169,368868,7043535,368868,6674667,0,0
7904483,955,1,2683031,7532301,7904483,372182,5221452,372182,4849270,0,0
7912349,1781,1,2719077,7532301,7912349,380048,5193272,380048,4813224,0,0
8012827,232,8,1632632,7629775,8012827,383052,6380195,383052,5997143,0,0
8016330,229,4,1631586,7629775,8016330,386555,6384744,386555,5998189,0,0
8018837,1616,1,2718476,7629775,8018837,389062,5300361,389062,4911299,0,0
8019338,461,1,2657431,7629775,8019338,389563,5361907,389563,4972344,0,0
8023349,1882,1,2722132,7629775,8023349,393574,5301217,393574,4907643,0,0
8026988,417,8,2597176,7629775,8026988,397213,5429812,397213,5032599,0,0
8030869,1043,1,2683713,7629775,8030869,401094,5347156,401094,4946062,0,0
8032708,1393,1,2692023,7629775,8032708,402933,5340685,402933,4937752,0,0
8058914,215,4,1631039,7651520,8058914,407394,6427875,407394,6020481,0,0
8059466,1222,1,2685639,7651520,8059466,407946,5373827,407946,4965881,0,0
8060384,1888,1,2722137,7651520,8060384,408864,5338247,408864,4929383,0,0
8060803,930,1,2681620,7651520,8060803,409283,5379183,409283,4969900,0,0
8078347,415,4,2596848,7666722,8078347,411625,5481499,411625,5069874,0,0
8080852,684,1,2670349,7666722,8080852,414130,5410503,414130,4996373,0,0
8088538,320,8,1989212,7667939,8088538,420599,6099326,420599,5678727,0,0
8090091,785,1,2671234,7667939,8090091,422152,5418857,422152,4996705,0,0
8105132,61,1,737924,7667939,8105132,437193,7367208,437193,6930015,0,0
8157578,296,8,1822892,7701747,8157578,455831,6334686,455831,5878855,0,0
8363255,251,8,1687883,7901169,8363255,462086,6675372,462086,6213286,0,0
8481004,346,16,2294569,8012827,8481004,468177,6186435,468177,5718258,0,0
8505541,181,8,1096098,8026988,8505541,478553,7409443,478553,6930890,0,0
8542370,233,8,1632658,8058914,8542370,483456,6909712,483456,6426256,0,0
8565926,238,8,1641745,8078347,8565926,487579,6924181,487579,6436602,0,0
8588604,153,8,995749,8088538,8588604,500066,7592855,500066,7092789,0,0
8590240,44,1,737814,8088538,8590240,501702,7852426,501702,7350724,0,0
8663742,158,8,996359,8157578,8663742,506164,7667383,506164,7161219,0,0
8890596,363,8,2320958,8363255,8890596,527341,6569638,527341,6042297,0,0
9028550,193,8,1304054,8481004,9028550,547546,7724496,547546,7176950,0,0
9040507,143,8,963492,8481004,9040507,559503,8077015,559503,7517512,0,0
9080241,355,8,2312592,8505541,9080241,574700,6767649,574700,6192949,0,0
9134013,306,8,1856591,8542370,9134013,591643,7277422,591643,6685779,0,0
9192334,152,8,995747,8565926,9192334,626408,8196587,626408,7570179,0,0
9196379,260,4,1769033,8565926,9196379,630453,7427346,630453,6796893,0,0
9229424,165,4,1019194,8588604,9229424,640820,8210230,640820,7569410,0,0
9236241,137,4,960177,8588604,9236241,647637,8276064,647637,7628427,0,0
9318266,375,8,2367116,8663742,9318266,654524,6951150,654524,6296626,0,0
9320287,226,4,1631555,8663742,9320287,656545,7688732,656545,7032187,0,0
9548974,221,4,1631083,8890596,9548974,658378,7917891,658378,7259513,0,0
9555262,30,4,573378,8890596,9555262,664666,8981884,664666,8317218,0,0
9698115,160,8,996544,9028550,9698115,669565,8701571,669565,8032006,0,0
9711251,171,8,1047360,9040507,9711251,670744,8663891,670744,7993147,0,0
9771292,230,4,1631600,9080241,9771292,691051,8139692,691051,7448641,0,0
9794433,135,4,905181,9080241,9794433,714192,8889252,714192,8175060,0,0
9853193,252,8,1687886,9134013,9853193,719180,8165307,719180,7446127,0,0
9960594,196,16,1449967,9229424,9960594,731170,8510627,731170,7779457,0,0
9977994,337,4,2128140,9236241,9977994,741753,7849854,741753,7108101,0,0
10060682,338,4,2136440,9318266,10060682,742416,7924242,742416,7181826,0,0
10060963,211,4,1631004,9318266,10060963,742697,8429959,742697,7687262,0,0
10066284,336,4,2127314,9320287,10066284,745997,7938970,745997,7192973,0,0
10304009,326,8,1999507,9555262,10304009,748747,8304502,748747,7555755,0,0
10453643,138,8,960874,9698115,10453643,755528,9492769,755528,8737241,0,0
10476151,390,4,2446555,9711251,10476151,764900,8029596,764900,7264696,0,0
10487629,1750,1,2718920,9711251,10487629,776378,7768709,776378,6992331,0,0
10560124,1867,1,2722118,9711251,10560124,848873,7838006,848873,6989133,0,0
10629748,344,4,2228466,9771292,10629748,858456,8401282,858456,7542826,0,0
10635438,35,1,674938,9771292,10635438,864146,9960500,864146,9096354,0,0
10719876,126,8,857742,9853193,10719876,866683,9862134,866683,8995451,0,0
10841280,310,8,1869016,9960594,10841280,880686,8972264,880686,8091578,0,0
10874196,161,8,996548,9960594,10874196,913602,9877648,913602,8964046,0,0
10904069,200,4,1512239,9960594,10904069,943475,9391830,943475,8448355,0,0
11027436,378,16,2376860,10066284,11027436,961152,8650576,961152,7689424,0,0
11260401,9,8,319849,319849,11260401,10940552,10940552,10940552,0,0,0
11266369,421,8,2604199,10304009,11266369,962360,8662170,962360,7699810,0,0
11420603,371,4,2335306,10453643,11420603,966960,9085297,966960,8118337,0,0
11611795,410,16,2594093,10635438,11611795,976357,9017702,976357,8041345,0,0
11706321,243,2,1646494,10719876,11706321,986445,10059827,986445,9073382,0,0
11727356,220,4,1631077,10719876,11727356,1007480,10096279,1007480,9088799,0,0
11905078,377,16,2376839,10874196,11905078,1030882,9528239,1030882,8497357,0,0
12069593,132,8,861366,11027436,12069593,1042157,11208227,1042157,10166070,0,0
12103433,388,1,2433436,11027436,12103433,1075997,9669997,1075997,8594000,0,0
12114672,1989,1,2722367,11027436,12114672,1087236,9392305,1087236,8305069,0,0
12145510,419,8,2600242,11027436,12145510,1118074,9545268,1118074,8427194,0,0
12384885,146,8,964711,11260401,12384885,1124484,11420174,1124484,10295690,0,0
12405921,400,8,2494512,11266369,12405921,1139552,9911409,1139552,8771857,0,0
12414666,339,4,2163120,11266369,12414666,1148297,10251546,1148297,9103249,0,0
12578858,1724,1,2718782,11420603,12578858,1158255,9860076,1158255,8701821,0,0
12592889,1778,1,2719070,11420603,12592889,1172286,9873819,1172286,8701533,0,0
12786936,92,4,766066,11611795,12786936,1175141,12020870,1175141,10845729,0,0
12827112,547,1,2661650,11611795,12827112,1215317,10165462,1215317,8950145,0,0
12956874,205,16,1557968,11727356,12956874,1229518,11398906,1229518,10169388,0,0
13143216,292,8,1822851,11905078,13143216,1238138,11320365,1238138,10082227,0,0
13144328,188,8,1178874,11905078,13144328,1239250,11965454,1239250,10726204,0,0
13415176,22,16,400756,12145510,13415176,1269666,13014420,1269666,11744754,0,0
13439715,224,4,1631552,12145510,13439715,1294205,11808163,1294205,10513958,0,0
13729042,376,4,2372592,12384885,13729042,1344157,11356450,1344157,10012293,0,0
13765282,399,16,2493450,12414666,13765282,1350616,11271832,1350616,9921216,0,0
14186298,307,8,1865425,12827112,14186298,1359186,12320873,1359186,10961687,0,0
14386135,277,4,1774638,12956874,14386135,1429261,12611497,1429261,11182236,0,0
14575587,97,4,766093,12956874,14575587,1618713,13809494,1618713,12190781,0,0
14613115,189,8,1178884,12956874,14613115,1656241,13434231,1656241,11777990,0,0
14821670,169,8,1047350,13143216,14821670,1678454,13774320,1678454,12095866,0,0
14841910,317,8,1974764,13144328,14841910,1697582,12867146,1697582,11169564,0,0
15126369,424,16,2606750,13415176,15126369,1711193,12519619,1711193,10808426,0,0
15153231,1592,4,2713430,13439715,15153231,1713516,12439801,1713516,10726285,0,0
15540508,131,8,861361,13765282,15540508,1775226,14679147,1775226,12903921,0,0
15653702,258,8,1730062,13765282,15653702,1888420,13923640,1888420,12035220,0,0
16145674,293,8,1822860,14186298,16145674,1959376,14322814,1959376,12363438,0,0
16189686,112,4,821081,14186298,16189686,2003388,15368605,2003388,13365217,0,0
16392617,278,4,1774640,14386135,16392617,2006482,14617977,2006482,12611495,0,0
16683259,281,4,1774670,14575587,16683259,2107672,14908589,2107672,12800917,0,0
16980456,21,16,400593,14821670,16980456,2158786,16579863,2158786,14421077,0,0
17027208,144,4,963852,14841910,17027208,2185298,16063356,2185298,13878058,0,0
17034383,162,4,1019104,14841910,17034383,2192473,16015279,2192473,13822806,0,0
17322078,218,4,1631067,15126369,17322078,2195709,15691011,2195709,13495302,0,0
17326379,1002,1,2683376,15126369,17326379,2200010,14643003,2200010,12442993,0,0
17338084,227,4,1631556,15126369,17338084,2211715,15706528,2211715,13494813,0,0
17365373,1536,1,2692381,15126369,17365373,2239004,14672992,2239004,12433988,0,0
17366026,104,4,784410,15126369,17366026,2239657,16581616,2239657,14341959,0,0
17429967,101,4,781010,15153231,17429967,2276736,16648957,2276736,14372221,0,0
17825647,403,8,2512305,15540508,17825647,2285139,15313342,2285139,13028203,0,0
18471492,208,16,1558015,16145674,18471492,2325818,16913477,2325818,14587659,0,0
18522527,285,4,1774822,16189686,18522527,2332841,16747705,2332841,14414864,0,0
18727932,214,4,1631035,16392617,18727932,2335315,17096897,2335315,14761582,0,0
19061695,333,4,2090363,16683259,19061695,2378436,16971332,2378436,14592896,0,0
19414488,213,4,1631022,16980456,19414488,2434032,17783466,2434032,15349434,0,0
19416438,405,8,2526558,16980456,19416438,2435982,16889880,2435982,14453898,0,0
19453115,334,4,2116069,16980456,19453115,2472659,17337046,2472659,14864387,0,0
19536757,176,8,1047404,17034383,19536757,2502374,18489353,2502374,15986979,0,0
20067716,257,8,1730048,17338084,20067716,2729632,18337668,2729632,15608036,0,0
20137356,246,2,1646505,17338084,20137356,2799272,18490851,2799272,15691579,0,0
20247413,25,8,401222,17429967,20247413,2817446,19846191,2817446,17028745,0,0
20655531,279,4,1774667,17825647,20655531,2829884,18880864,2829884,16050980,0,0
20743277,331,4,2061649,17825647,20743277,2917630,18681628,2917630,15763998,0,0
21478722,408,4,2581022,18471492,21478722,3007230,18897700,3007230,15890470,0,0
21492394,173,8,1047390,18471492,21492394,3020902,20445004,3020902,17424102,0,0
21521411,100,4,780879,18471492,21521411,3049919,20740532,3049919,17690613,0,0
21897741,425,8,2608106,18727932,21897741,3169809,19289635,3169809,16119826,0,0
22592757,381,8,2414713,19414488,22592757,3178269,20178044,3178269,16999775,0,0
22631099,323,8,1998746,19416438,22631099,3214661,20632353,3214661,17417692,0,0
22754895,180,8,1096082,19536757,22754895,3218138,21658813,3218138,18440675,0,0
23487569,148,8,965420,20067716,23487569,3419853,22522149,3419853,19102296,0,0
23526960,164,4,1019170,20067716,23526960,3459244,22507790,3459244,19048546,0,0
24119616,349,16,2294598,20655531,24119616,3464085,21825018,3464085,18360933,0,0
24297277,210,4,1627770,20743277,24297277,3554000,22669507,3554000,19115507,0,0
25124795,393,16,2477340,21521411,25124795,3603384,22647455,3603384,19044071,0,0
25514518,150,8,995729,21897741,25514518,3616777,24518789,3616777,20902012,0,0
26285301,216,4,1631050,22592757,26285301,3692544,24654251,3692544,20961707,0,0
26464987,231,4,1631618,22592757,26464987,3872230,24833369,3872230,20961139,0,0
26514027,302,4,1856539,22631099,26514027,3882928,24657488,3882928,20774560,0,0
26607202,383,4,2417375,22631099,26607202,3976103,24189827,3976103,20213724,0,0
26772096,422,8,2604284,22754895,26772096,4017201,24167812,4017201,20150611,0,0
27553946,91,4,766066,23487569,27553946,4066377,26787880,4066377,22721503,0,0
27662237,190,8,1304037,23526960,27662237,4135277,26358200,4135277,22222923,0,0
28322628,342,4,2181484,24119616,28322628,4203012,26141144,4203012,21938132,0,0
28364503,241,2,1646306,24119616,28364503,4244887,26718197,4244887,22473310,0,0
28420774,184,8,1178856,24119616,28420774,4301158,27241918,4301158,22940760,0,0
29487524,300,8,1823022,25124795,29487524,4362729,27664502,4362729,23301773,0,0
29525672,299,8,1822961,25124795,29525672,4400877,27702711,4400877,23301834,0,0
29956574,145,8,964317,25514518,29956574,4442056,28992257,4442056,24550201,0,0
29974599,130,4,857974,25514518,29974599,4460081,29116625,4460081,24656544,0,0
29993591,255,2,1688722,25514518,29993591,4479073,28304869,4479073,23825796,0,0
31065299,309,8,1865433,26464987,31065299,4600312,29199866,4600312,24599554,0,0
31162928,37,4,686742,26514027,31162928,4648901,30476186,4648901,25827285,0,0
31479622,185,8,1178858,26772096,31479622,4707526,30300764,4707526,25593238,0,0
31487498,396,4,2478572,26772096,31487498,4715402,29008926,4715402,24293524,0,0
32401800,639,4,2668201,27553946,32401800,4847854,29733599,4847854,24885745,0,0
32555706,237,8,1641723,27662237,32555706,4893469,30913983,4893469,26020514,0,0
33394448,318,8,1989178,28420774,33394448,4973674,31405270,4973674,26431596,0,0
33531969,96,4,766078,28420774,33531969,5111195,32765891,5111195,27654696,0,0
35086157,411,16,2594103,29525672,35086157,5560485,32492054,5560485,26931569,0,0
35627122,368,8,2334109,29956574,35627122,5670548,33293013,5670548,27622465,0,0
35685612,379,8,2407884,29993591,35685612,5692021,33277728,5692021,27585707,0,0
37176884,414,16,2594228,31479622,37176884,5697262,34582656,5697262,28885394,0,0
37345522,168,4,1039080,31479622,37345522,5865900,36306442,5865900,30440542,0,0
37392149,240,2,1646305,31487498,37392149,5904651,35745844,5904651,29841193,0,0
38468003,178,8,1096057,32555706,38468003,5912297,37371946,5912297,31459649,0,0
39584609,16,16,394610,33531969,39584609,6052640,39189999,6052640,33137359,0,0
41355822,350,16,2294607,35086157,41355822,6269665,39061215,6269665,32791550,0,0
42026665,332,4,2073301,35627122,42026665,6399543,39953364,6399543,33553821,0,0
42388656,222,4,1631085,35627122,42388656,6761534,40757571,6761534,33996037,0,0
42564210,191,8,1304039,35685612,42564210,6878598,41260171,6878598,34381573,0,0
44072830,392,8,2459476,37176884,44072830,6895946,41613354,6895946,34717408,0,0
44371770,12,8,324143,324143,44371770,44047627,44047627,44047627,0,0,0
44544719,106,4,817942,37176884,44544719,7367835,43726777,7367835,36358942,0,0
44601423,284,4,1774804,37176884,44601423,7424539,42826619,7424539,35402080,0,0
44847133,187,8,1178860,37392149,44847133,7454984,43668273,7454984,36213289,0,0
47291371,15,16,394438,39584609,47291371,7706762,46896933,7706762,39190171,0,0
47342903,147,4,965019,39584609,47342903,7758294,46377884,7758294,38619590,0,0
47365086,163,4,1019109,39584609,47365086,7780477,46345977,7780477,38565500,0,0
49339812,102,4,782660,41355822,49339812,7983990,48557152,7983990,40573162,0,0
49665222,416,4,2596880,41355822,49665222,8309400,47068342,8309400,38758942,0,0
49826681,105,4,817779,41355822,49826681,8470859,49008902,8470859,40538043,0,0
51154400,17,16,394774,42564210,51154400,8590190,50759626,8590190,42169436,0,0
52680303,28,8,401681,44072830,52680303,8607473,52278622,8607473,43671149,0,0
52947766,282,4,1774802,44072830,52947766,8874936,51172964,8874936,42298028,0,0
53448750,134,8,869029,44371770,53448750,9076980,52579721,9076980,43502741,0,0
53985839,93,4,766066,44544719,53985839,9441120,53219773,9441120,43778653,0,0
54558388,420,8,2602087,44847133,54558388,9711255,51956301,9711255,42245046,0,0
54609022,94,4,766068,44847133,54609022,9761889,53842954,9761889,44081065,0,0
57096193,369,8,2334143,47291371,57096193,9804822,54762050,9804822,44957228,0,0
57313445,36,4,686170,47291371,57313445,10022074,56627275,10022074,46605201,0,0
57383058,322,8,1989246,47342903,57383058,10040155,55393812,10040155,45353657,0,0
59875437,413,16,2594185,49826681,59875437,10048756,57281252,10048756,47232496,0,0
61437098,244,2,1646496,51154400,61437098,10282698,59790602,10282698,49507904,0,0
61541408,359,8,2320908,51154400,61541408,10387008,59220500,10387008,48833492,0,0
61977797,98,4,766112,51154400,61977797,10823397,61211685,10823397,50388288,0,0
63571472,125,8,857704,52680303,63571472,10891169,62713768,10891169,51822599,0,0
64361996,360,8,2320926,53448750,64361996,10913246,62041070,10913246,51127824,0,0
65807146,27,8,401530,53985839,65807146,11821307,65405616,11821307,53584309,0,0
66730694,192,8,1304040,54558388,66730694,12172306,65426654,12172306,53254348,0,0
67961086,29,4,504171,54609022,67961086,13352064,67456915,13352064,54104851,0,0
71117697,107,4,820095,57096193,71117697,14021504,70297602,14021504,56276098,0,0
71530768,298,8,1822924,57313445,71530768,14217323,69707844,14217323,55490521,0,0
72024168,330,4,2055825,57383058,72024168,14641110,69968343,14641110,55327233,0,0
72214951,95,4,766070,57383058,72214951,14831893,71448881,14831893,56616988,0,0
72310856,245,2,1646501,57383058,72310856,14927798,70664355,14927798,55736557,0,0
72992902,3,4,178298,178298,72992902,72814604,72814604,72814604,0,0,0
74915628,1288,8,2686540,59875437,74915628,15040191,72229088,15040191,57188897,0,0
74940741,358,8,2320879,59875437,74940741,15065304,72619862,15065304,57554558,0,0
76629191,362,8,2320955,61541408,76629191,15087783,74308236,15087783,59220453,0,0
77556066,5,4,313422,313422,77556066,77242644,77242644,77242644,0,0,0
78770728,182,8,1096114,63571472,78770728,15199256,77674614,15199256,62475358,0,0
79768216,139,8,962031,64361996,79768216,15406220,78806185,15406220,63399965,0,0
81524594,295,8,1822869,65807146,81524594,15717448,79701725,15717448,63984277,0,0
81594576,108,4,820394,65807146,81594576,15787430,80774182,15787430,64986752,0,0
82991662,194,4,1343095,66730694,82991662,16260968,81648567,16260968,65387599,0,0
83010591,99,4,766117,66730694,83010591,16279897,82244474,16279897,65964577,0,0
84250033,1591,4,2712817,67961086,84250033,16288947,81537216,16288947,65248269,0,0
88299885,248,8,1687837,71530768,88299885,16769117,86612048,16769117,69842931,0,0
89208168,239,8,1641757,72024168,89208168,17184000,87566411,17184000,70382411,0,0
89794378,19,8,395522,72310856,89794378,17483522,89398856,17483522,71915334,0,0
91616950,166,4,1019195,72992902,91616950,18624048,90597755,18624048,71973707,0,0
93560313,167,4,1019219,74915628,93560313,18644685,92541094,18644685,73896409,0,0
93788021,149,8,965719,74940741,93788021,18847280,92822302,18847280,73975022,0,0
94218413,209,4,1613397,74940741,94218413,19277672,92605016,19277672,73327344,0,0
96099760,335,4,2116072,76629191,96099760,19470569,93983688,19470569,74513119,0,0
96524999,6,8,318554,318554,96524999,96206445,96206445,96206445,0,0,0
97217202,316,4,1966130,76629191,97217202,20588011,95251072,20588011,74663061,0,0
101586637,207,16,1558001,79768216,101586637,21818421,100028636,21818421,78210215,0,0
102418881,345,4,2292500,79768216,102418881,22650665,100126381,22650665,77475716,0,0
105480196,217,4,1631051,81524594,105480196,23955602,103849145,23955602,79893543,0,0
107732239,26,8,401376,81594576,107732239,26137663,107330863,26137663,81193200,0,0
110082014,427,8,2614804,83010591,110082014,27071423,107467210,27071423,80395787,0,0
110266821,10,16,320203,320203,110266821,109946618,109946618,109946618,0,0,0
112120457,136,4,948297,84250033,112120457,27870424,111172160,27870424,83301736,0,0
116692147,129,8,857791,88299885,116692147,28392262,115834356,28392262,87442094,0,0
117699723,183,8,1096116,89208168,117699723,28491555,116603607,28491555,88112052,0,0
119491107,276,4,1774474,89794378,119491107,29696729,117716633,29696729,88019904,0,0
121187407,253,2,1688640,89794378,121187407,31393029,119498767,31393029,88105738,0,0
122397901,14,8,330439,330439,122397901,122067462,122067462,122067462,0,0,0
125444499,206,16,1557984,93788021,125444499,31656478,123886515,31656478,92230037,0,0
126058564,103,4,783187,94218413,126058564,31840151,125275377,31840151,93435226,0,0
129207300,319,8,1989194,96524999,129207300,32682301,127218106,32682301,94535805,0,0
130527278,361,8,2320942,97217202,130527278,33310076,128206336,33310076,94896260,0,0
137637121,294,8,1822866,101586637,137637121,36050484,135814255,36050484,99763771,0,0
137948670,234,8,1632724,101586637,137948670,36362033,136315946,36362033,99953913,0,0
139868178,110,4,820685,102418881,139868178,37449297,139047493,37449297,101598196,0,0
150699221,236,8,1641711,107732239,150699221,42966982,149057510,42966982,106090528,0,0
154696072,20,8,395836,110082014,154696072,44614058,154300236,44614058,109686178,0,0
158082539,113,4,842377,110082014,158082539,48000525,157240162,48000525,109239637,0,0
158467167,418,8,2597518,110266821,158467167,48200346,155869649,48200346,107669303,0,0
158982587,242,2,1646329,110266821,158982587,48715766,157336258,48715766,108620492,0,0
161081656,357,8,2320868,112120457,161081656,48961199,158760788,48961199,109799589,0,0
165959705,249,8,1687837,116692147,165959705,49267558,164271868,49267558,115004310,0,0
170209476,308,8,1865430,117699723,170209476,52509753,168344046,52509753,115834293,0,0
175744496,370,8,2334145,121187407,175744496,54557089,173410351,54557089,118853262,0,0
180633086,23,16,400914,125444499,180633086,55188587,180232172,55188587,125043585,0,0
181753067,324,8,1999327,125444499,181753067,56308568,179753740,56308568,123445172,0,0
186855536,203,16,1550385,130527278,186855536,56328258,185305151,56328258,128976893,0,0
199817905,412,16,2594117,137948670,199817905,61869235,197223788,61869235,135354553,0,0
199843854,254,2,1688643,137948670,199843854,61895184,198155211,61895184,136260027,0,0
203923986,109,4,820530,137948670,203923986,65975316,203103456,65975316,137128140,0,0
208906473,201,4,1530230,139868178,208906473,69038295,207376243,69038295,138337948,0,0
220834042,329,4,2037560,150699221,220834042,70134821,218796482,70134821,148661661,0,0
236598122,204,16,1551062,158082539,236598122,78515583,235047060,78515583,156531477,0,0
239389057,197,8,1450073,158467167,239389057,80921890,237938984,80921890,157017094,0,0
242796377,325,8,1999460,161081656,242796377,81714721,240796917,81714721,159082196,0,0
363314775,179,8,1096070,165959705,363314775,197355070,362218705,197355070,164863635,0,0
368476635,127,8,857759,170209476,368476635,198267159,367618876,198267159,169351717,0,0
779579101,250,8,1687855,175744496,779579101,603834605,777891246,603834605,174056641,0,0
